,theta i [rad],r orb [AU],v orb [km s-1],ang orb [rad],r L1 [AU],v i [km s-1],ang i [rad],a p [AU],e p,theta p i [rad],flag impact,v imp [km s-1],ang imp [rad]
0,0.0,0.7056,66.6996014887,1.57079632679,0.334789192699,6.66996014887,1.57079632679,0.168811346349,0.983214990815,3.14159265359,1.0,613.573170167,0.89916950993
1,0.00125688843912,0.705600210736,66.6995891002,1.57127156818,0.334789292688,6.67001554994,1.57554871796,0.168811420928,0.983215089299,3.14167378444,1.0,613.573172059,0.899166124567
2,0.00251377687825,0.705600842946,66.6995519348,1.57174680944,0.334789592655,6.67018175029,1.58030097211,0.168811644665,0.983215384748,3.14175491381,1.0,613.573177736,0.899155968559
3,0.00377066531737,0.705601896631,66.6994899924,1.57222205048,0.334790092602,6.67045874138,1.58505295227,0.168812017561,0.983215877158,3.1418360402,1.0,613.573187198,0.899139042146
4,0.00502755375649,0.705603371792,66.6994032731,1.57269729118,0.334790792528,6.67084650898,1.58980452152,0.168812539617,0.983216566519,3.14191716215,1.0,613.573200445,0.899115345726
5,0.00628444219562,0.705605268432,66.6992917769,1.57317253142,0.334791692436,6.67134503315,1.594555543,0.168813210835,0.983217452818,3.14199827815,1.0,613.573217477,0.899084879859
6,0.00754133063474,0.705607586556,66.6991555039,1.5736477711,0.334792792326,6.67195428829,1.59930587998,0.168814031218,0.983218536039,3.14207938673,1.0,613.573238293,0.899047645262
7,0.00879821907387,0.705610326169,66.6989944541,1.57412301009,0.334794092202,6.67267424308,1.60405539587,0.168815000769,0.983219816161,3.1421604864,1.0,613.573262894,0.899003642814
8,0.010055107513,0.705613487274,66.6988086276,1.57459824828,0.334795592066,6.67350486058,1.60880395424,0.168816119491,0.983221293161,3.14224157567,1.0,613.573291279,0.898952873551
9,0.0113119959521,0.70561706988,66.6985980246,1.57507348556,0.334797291921,6.67444609816,1.61355141884,0.168817387389,0.98322296701,3.14232265307,1.0,613.573323449,0.89889533867
10,0.0125688843912,0.705621073993,66.698362645,1.57554872182,0.334799191771,6.67549790753,1.61829765365,0.168818804467,0.983224837678,3.14240371711,1.0,613.573359404,0.898831039526
11,0.0138257728304,0.705625499621,66.698102489,1.57602395694,0.334801291618,6.67666023477,1.62304252289,0.168820370731,0.98322690513,3.1424847663,1.0,613.573399143,0.898759977632
12,0.0150826612695,0.705630346773,66.6978175568,1.57649919081,0.334803591468,6.67793302035,1.62778589107,0.168822086186,0.983229169327,3.14256579915,1.0,613.573442667,0.898682154661
13,0.0163395497086,0.705635615458,66.6975078485,1.57697442331,0.334806091325,6.67931619911,1.63252762299,0.168823950839,0.983231630227,3.14264681419,1.0,613.573489975,0.898597572443
14,0.0175964381477,0.705641305688,66.6971733641,1.57744965434,0.334808791194,6.6808097003,1.63726758376,0.168825964696,0.983234287784,3.14272780993,1.0,613.573541067,0.898506232966
15,0.0188533265869,0.705647417474,66.6968141039,1.57792488377,0.33481169108,6.68241344758,1.64200563886,0.168828127766,0.983237141948,3.14280878488,1.0,613.573595944,0.898408138377
16,0.020110215026,0.705653950827,66.696430068,1.57840011149,0.334814790989,6.68412735908,1.64674165414,0.168830440056,0.983240192666,3.14288973757,1.0,613.573654604,0.898303290978
17,0.0213671034651,0.705660905762,66.6960212567,1.57887533739,0.334818090928,6.68595134735,1.65147549588,0.168832901574,0.983243439881,3.1429706665,1.0,613.573717049,0.89819169323
18,0.0226239919042,0.705668282291,66.69558767,1.57935056135,0.334821590903,6.68788531947,1.65620703076,0.168835512331,0.983246883532,3.1430515702,1.0,613.573783277,0.898073347749
19,0.0238808803434,0.70567608043,66.6951293082,1.57982578327,0.334825290921,6.68992917699,1.66093612593,0.168838272336,0.983250523555,3.14313244717,1.0,613.57385329,0.897948257308
20,0.0251377687825,0.705684300195,66.6946461716,1.58030100302,0.33482919099,6.69208281599,1.66566264902,0.168841181598,0.983254359882,3.14321329595,1.0,613.573927086,0.897816424835
21,0.0263946572216,0.705692941602,66.6941382603,1.5807762205,0.334833291116,6.69434612714,1.67038646817,0.168844240129,0.983258392442,3.14329411503,1.0,613.574004665,0.897677853415
22,0.0276515456607,0.705702004667,66.6936055745,1.58125143558,0.33483759131,6.69671899565,1.67510745205,0.168847447941,0.983262621158,3.14337490294,1.0,613.574086028,0.897532546285
23,0.0289084340998,0.70571148941,66.6930481146,1.58172664816,0.334842091578,6.69920130137,1.67982546989,0.168850805045,0.983267045952,3.1434556582,1.0,613.574171175,0.897380506839
24,0.030165322539,0.705721395849,66.6924658808,1.58220185813,0.334846791931,6.70179291876,1.6845403915,0.168854311453,0.983271666741,3.14353637932,1.0,613.574260105,0.897221738622
25,0.0314222109781,0.705731724005,66.6918588733,1.58267706536,0.334851692377,6.70449371698,1.68925208729,0.168857967179,0.983276483439,3.14361706482,1.0,613.574352817,0.897056245334
26,0.0326790994172,0.705742473897,66.6912270924,1.58315226974,0.334856792926,6.70730355987,1.69396042832,0.168861772237,0.983281495955,3.14369771322,1.0,613.574449313,0.896884030828
27,0.0339359878563,0.705753645548,66.6905705385,1.58362747116,0.33486209359,6.710222306,1.69866528627,0.16886572664,0.983286704197,3.14377832303,1.0,613.574549591,0.896705099108
28,0.0351928762955,0.70576523898,66.6898892118,1.58410266951,0.334867594377,6.71324980874,1.70336653353,0.168869830403,0.983292108066,3.14385889278,1.0,613.574653652,0.896519454328
29,0.0364497647346,0.705777254215,66.6891831127,1.58457786467,0.3348732953,6.71638591622,1.70806404316,0.168874083542,0.983297707461,3.14393942097,1.0,613.574761495,0.896327100797
30,0.0377066531737,0.705789691279,66.6884522414,1.58505305653,0.334879196369,6.71963047144,1.71275768897,0.168878486072,0.983303502279,3.14401990613,1.0,613.574873121,0.896128042969
31,0.0389635416128,0.705802550196,66.6876965983,1.58552824497,0.334885297597,6.72298331226,1.7174473455,0.16888303801,0.98330949241,3.14410034678,1.0,613.574988529,0.89592228545
32,0.040220430052,0.705815830992,66.6869161839,1.58600342989,0.334891598996,6.72644427146,1.72213288805,0.168887739372,0.983315677742,3.14418074143,1.0,613.575107718,0.895709832996
33,0.0414773184911,0.705829533694,66.6861109983,1.58647861115,0.334898100578,6.73001317677,1.72681419271,0.168892590177,0.98332205816,3.14426108861,1.0,613.575230689,0.895490690509
34,0.0427342069302,0.705843658328,66.6852810421,1.58695378866,0.334904802356,6.73368985094,1.7314911364,0.168897590442,0.983328633544,3.14434138683,1.0,613.575357442,0.895264863038
35,0.0439910953693,0.705858204924,66.6844263156,1.5874289623,0.334911704344,6.73747411171,1.73616359684,0.168902740186,0.983335403771,3.14442163461,1.0,613.575487976,0.89503235578
36,0.0452479838085,0.70587317351,66.6835468191,1.58790413195,0.334918806556,6.74136577194,1.74083145261,0.168908039428,0.983342368714,3.14450183047,1.0,613.575622291,0.894793174076
37,0.0465048722476,0.705888564116,66.6826425532,1.58837929751,0.334926109006,6.74536463961,1.74549458318,0.168913488187,0.983349528244,3.14458197293,1.0,613.575760387,0.894547323413
38,0.0477617606867,0.705904376774,66.6817135182,1.58885445884,0.334933611709,6.74947051783,1.75015286888,0.168919086485,0.983356882225,3.14466206052,1.0,613.575902264,0.894294809422
39,0.0490186491258,0.705920611515,66.6807597145,1.58932961585,0.334941314679,6.75368320497,1.75480619097,0.168924834342,0.983364430521,3.14474209174,1.0,613.576047921,0.894035637877
40,0.0502755375649,0.705937268371,66.6797811427,1.58980476842,0.334949217932,6.75800249463,1.75945443162,0.16893073178,0.983372172989,3.14482206512,1.0,613.576197359,0.893769814693
41,0.0515324260041,0.705954347377,66.6787778031,1.59027991643,0.334957321484,6.76242817573,1.76409747396,0.168936778819,0.983380109485,3.14490197918,1.0,613.576350576,0.893497345929
42,0.0527893144432,0.705971848565,66.6777496962,1.59075505977,0.334965625351,6.76696003254,1.76873520208,0.168942975484,0.98338823986,3.14498183245,1.0,613.576507573,0.893218237782
43,0.0540462028823,0.705989771972,66.6766968225,1.59123019833,0.33497412955,6.77159784474,1.77336750106,0.168949321796,0.983396563962,3.14506162344,1.0,613.576668349,0.89293249659
44,0.0553030913214,0.706008117633,66.6756191825,1.59170533199,0.334982834098,6.77634138745,1.77799425696,0.168955817781,0.983405081635,3.14514135068,1.0,613.576832905,0.89264012883
45,0.0565599797606,0.706026885585,66.6745167767,1.59218046063,0.334991739012,6.78119043131,1.78261535686,0.168962463461,0.983413792718,3.14522101268,1.0,613.57700124,0.892341141115
46,0.0578168681997,0.706046075865,66.6733896057,1.59265558415,0.335000844311,6.78614474251,1.7872306889,0.168969258861,0.983422697049,3.14530060797,1.0,613.577173353,0.892035540196
47,0.0590737566388,0.706065688513,66.6722376698,1.59313070243,0.335010150011,6.79120408284,1.79184014222,0.168976204008,0.983431794461,3.14538013507,1.0,613.577349244,0.891723332958
48,0.0603306450779,0.706085723567,66.6710609697,1.59360581535,0.335019656133,6.79636820978,1.79644360706,0.168983298927,0.983441084783,3.14545959251,1.0,613.577528914,0.891404526424
49,0.0615875335171,0.706106181067,66.6698595059,1.5940809228,0.335029362695,6.80163687648,1.80104097472,0.168990543644,0.98345056784,3.14553897881,1.0,613.577712362,0.891079127748
50,0.0628444219562,0.706127061056,66.668633279,1.59455602467,0.335039269716,6.8070098319,1.8056321376,0.168997938186,0.983460243455,3.14561829248,1.0,613.577899587,0.890747144216
51,0.0641013103953,0.706148363573,66.6673822896,1.59503112084,0.335049377217,6.81248682081,1.81021698921,0.169005482581,0.983470111445,3.14569753206,1.0,613.578090589,0.890408583247
52,0.0653581988344,0.706170088663,66.6661065381,1.5955062112,0.335059685218,6.81806758384,1.81479542416,0.169013176857,0.983480171627,3.14577669607,1.0,613.578285369,0.890063452391
53,0.0666150872736,0.706192236369,66.6648060253,1.59598129563,0.335070193739,6.82375185758,1.8193673382,0.169021021043,0.983490423811,3.14585578304,1.0,613.578483925,0.889711759326
54,0.0678719757127,0.706214806734,66.6634807517,1.59645637402,0.335080902801,6.8295393746,1.82393262824,0.169029015167,0.983500867803,3.14593479148,1.0,613.578686257,0.889353511857
55,0.0691288641518,0.706237799806,66.662130718,1.59693144626,0.335091812426,6.83542986353,1.82849119233,0.169037159261,0.983511503409,3.14601371992,1.0,613.578892365,0.88898871792
56,0.0703857525909,0.706261215628,66.6607559247,1.59740651222,0.335102922637,6.84142304909,1.8330429297,0.169045453354,0.983522330428,3.1460925669,1.0,613.579102249,0.888617385572
57,0.0716426410301,0.706285054249,66.6593563726,1.59788157181,0.335114233454,6.84751865219,1.83758774075,0.169053897476,0.983533348656,3.14617133093,1.0,613.579315908,0.888239522999
58,0.0728995294692,0.706309315717,66.6579320622,1.59835662489,0.335125744901,6.85371638993,1.84212552708,0.169062491661,0.983544557888,3.14625001054,1.0,613.579533342,0.887855138509
59,0.0741564179083,0.706334000079,66.6564829942,1.59883167137,0.335137457001,6.86001597571,1.84665619147,0.169071235939,0.98355595791,3.14632860426,1.0,613.579754551,0.887464240531
60,0.0754133063474,0.706359107386,66.6550091693,1.59930671111,0.335149369777,6.86641711928,1.85117963793,0.169080130343,0.98356754851,3.14640711062,1.0,613.579979534,0.887066837617
61,0.0766701947865,0.706384637688,66.6535105882,1.59978174402,0.335161483253,6.87291952677,1.8556957717,0.169089174907,0.983579329469,3.14648552814,1.0,613.580208291,0.886662938439
62,0.0779270832257,0.706410591035,66.6519872516,1.60025676997,0.335173797454,6.8795229008,1.86020449921,0.169098369664,0.983591300566,3.14656385535,1.0,613.580440822,0.886252551786
63,0.0791839716648,0.706436967481,66.6504391602,1.60073178885,0.335186312405,6.88622694049,1.86470572816,0.169107714649,0.983603461574,3.14664209078,1.0,613.580677125,0.885835686566
64,0.0804408601039,0.706463767078,66.6488663147,1.60120680055,0.335199028129,6.89303134154,1.86919936749,0.169117209896,0.983615812266,3.14672023296,1.0,613.580917202,0.885412351803
65,0.081697748543,0.706490989879,66.6472687159,1.60168180494,0.335211944654,6.89993579631,1.87368532737,0.169126855441,0.983628352407,3.14679828041,1.0,613.581161051,0.884982556636
66,0.0829546369822,0.70651863594,66.6456463644,1.60215680193,0.335225062004,6.90693999384,1.87816351925,0.16913665132,0.983641081763,3.14687623168,1.0,613.581408671,0.884546310318
67,0.0842115254213,0.706546705315,66.6439992611,1.60263179138,0.335238380206,6.91404361998,1.88263385584,0.169146597569,0.983654000094,3.14695408528,1.0,613.581660064,0.884103622213
68,0.0854684138604,0.706575198061,66.6423274067,1.6031067732,0.335251899287,6.92124635735,1.88709625112,0.169156694227,0.983667107154,3.14703183975,1.0,613.581915228,0.883654501797
69,0.0867253022995,0.706604114236,66.640630802,1.60358174725,0.335265619273,6.92854788551,1.89155062034,0.169166941329,0.983680402699,3.14710949363,1.0,613.582174162,0.883198958657
70,0.0879821907387,0.706633453897,66.6389094478,1.60405671344,0.335279540194,6.93594788094,1.89599688004,0.169177338915,0.983693886475,3.14718704543,1.0,613.582436867,0.882737002487
71,0.0892390791778,0.706663217103,66.6371633448,1.60453167164,0.335293662075,6.94344601715,1.90043494805,0.169187887023,0.98370755823,3.1472644937,1.0,613.582703342,0.882268643087
72,0.0904959676169,0.706693403914,66.635392494,1.60500662173,0.335307984946,6.95104196471,1.90486474348,0.169198585694,0.983721417706,3.14734183696,1.0,613.582973587,0.881793890367
73,0.091752856056,0.70672401439,66.6335968961,1.60548156362,0.335322508836,6.95873539135,1.90928618673,0.169209434966,0.983735464639,3.14741907376,1.0,613.583247601,0.881312754337
74,0.0930097444952,0.706755048593,66.6317765519,1.60595649717,0.335337233773,6.96652596197,1.91369919952,0.16922043488,0.983749698766,3.14749620261,1.0,613.583525383,0.880825245113
75,0.0942666329343,0.706786506585,66.6299314623,1.60643142228,0.335352159787,6.97441333875,1.91810370484,0.169231585478,0.983764119817,3.14757322207,1.0,613.583806934,0.880331372911
76,0.0955235213734,0.706818388429,66.6280616282,1.60690633882,0.335367286909,6.9823971812,1.92249962701,0.169242886801,0.983778727519,3.14765013065,1.0,613.584092252,0.879831148048
77,0.0967804098125,0.706850694189,66.6261670504,1.6073812467,0.335382615167,6.9904771462,1.92688689165,0.169254338892,0.983793521597,3.14772692691,1.0,613.584381338,0.879324580941
78,0.0980372982517,0.70688342393,66.6242477299,1.60785614578,0.335398144594,6.9986528881,1.93126542566,0.169265941793,0.983808501771,3.14780360936,1.0,613.58467419,0.878811682104
79,0.0992941866908,0.706916577718,66.6223036674,1.60833103596,0.33541387522,7.00692405873,1.93563515729,0.169277695547,0.983823667757,3.14788017655,1.0,613.584970809,0.878292462145
80,0.10055107513,0.706950155619,66.620334864,1.60880591712,0.335429807077,7.01529030752,1.93999601606,0.169289600199,0.983839019268,3.14795662702,1.0,613.585271194,0.877766931771
81,0.101807963569,0.7069841577,66.6183413205,1.60928078915,0.335445940196,7.02375128152,1.94434793282,0.169301655793,0.983854556013,3.14803295931,1.0,613.585575345,0.877235101779
82,0.103064852008,0.70701858403,66.6163230379,1.60975565193,0.335462274611,7.03230662548,1.94869083972,0.169313862374,0.983870277699,3.14810917194,1.0,613.58588326,0.87669698306
83,0.104321740447,0.707053434678,66.614280017,1.61023050534,0.335478810354,7.04095598191,1.95302467022,0.169326219987,0.983886184028,3.14818526346,1.0,613.58619494,0.876152586594
84,0.105578628886,0.707088709713,66.6122122589,1.61070534928,0.335495547458,7.04969899114,1.9573493591,0.16933872868,0.983902274697,3.14826123241,1.0,613.586510384,0.875601923451
85,0.106835517326,0.707124409207,66.6101197645,1.61118018362,0.335512485957,7.05853529136,1.96166484242,0.169351388499,0.983918549402,3.14833707733,1.0,613.586829591,0.87504500479
86,0.108092405765,0.707160533232,66.6080025349,1.61165500826,0.335529625884,7.06746451873,1.96597105757,0.169364199491,0.983935007834,3.14841279675,1.0,613.587152561,0.874481841854
87,0.109349294204,0.707197081859,66.6058605708,1.61212982307,0.335546967274,7.07648630741,1.97026794322,0.169377161704,0.983951649681,3.14848838923,1.0,613.587479294,0.873912445972
88,0.110606182643,0.707234055162,66.6036938735,1.61260462795,0.335564510163,7.08560028959,1.97455543937,0.169390275187,0.983968474627,3.14856385329,1.0,613.587809789,0.873336828556
89,0.111863071082,0.707271453215,66.6015024438,1.61307942277,0.335582254585,7.09480609562,1.97883348729,0.169403539988,0.983985482353,3.14863918749,1.0,613.588144045,0.872755001102
90,0.113119959521,0.707309276093,66.5992862829,1.61355420742,0.335600200575,7.10410335401,1.98310202955,0.169416956158,0.984002672535,3.14871439035,1.0,613.588482062,0.872166975183
91,0.11437684796,0.707347523873,66.5970453917,1.61402898178,0.33561834817,7.11349169153,1.98736101002,0.169430523747,0.984020044847,3.14878946044,1.0,613.588823839,0.871572762455
92,0.115633736399,0.707386196631,66.5947797712,1.61450374575,0.335636697407,7.12297073323,1.99161037386,0.169444242805,0.984037598958,3.14886439628,1.0,613.589169376,0.870972374648
93,0.116890624839,0.707425294444,66.5924894226,1.61497849921,0.335655248321,7.13254010254,1.99585006751,0.169458113384,0.984055334534,3.14893919643,1.0,613.589518672,0.87036582357
94,0.118147513278,0.707464817391,66.5901743469,1.61545324203,0.335674000951,7.14219942129,2.00008003867,0.169472135536,0.984073251239,3.14901385943,1.0,613.589871727,0.869753121105
95,0.119404401717,0.707504765552,66.5878345452,1.61592797411,0.335692955333,7.15194830981,2.00430023635,0.169486309313,0.984091348731,3.14908838383,1.0,613.59022854,0.869134279208
96,0.120661290156,0.707545139007,66.5854700185,1.61640269533,0.335712111507,7.16178638694,2.0085106108,0.169500634768,0.984109626665,3.14916276817,1.0,613.590589111,0.868509309906
97,0.121918178595,0.707585937836,66.583080768,1.61687740558,0.33573146951,7.17171327015,2.01271111355,0.169515111956,0.984128084693,3.14923701099,1.0,613.590953438,0.867878225299
98,0.123175067034,0.707627162122,66.5806667948,1.61735210473,0.335751029381,7.18172857551,2.01690169738,0.16952974093,0.984146722464,3.14931111086,1.0,613.591321522,0.867241037552
99,0.124431955473,0.707668811947,66.5782281,1.61782679268,0.33577079116,7.19183191784,2.02108231633,0.169544521745,0.984165539621,3.1493850663,1.0,613.591693362,0.866597758901
100,0.125688843912,0.707710887395,66.5757646848,1.61830146931,0.335790754887,7.20202291069,2.02525292569,0.169559454458,0.984184535806,3.14945887588,1.0,613.592068957,0.865948401646
101,0.126945732351,0.707753388551,66.5732765502,1.6187761345,0.3358109206,7.21230116646,2.02941348198,0.169574539122,0.984203710657,3.14953253814,1.0,613.592448306,0.865292978152
102,0.128202620791,0.7077963155,66.5707636975,1.61925078814,0.335831288342,7.2226662964,2.03356394296,0.169589775796,0.984223063807,3.14960605164,1.0,613.59283141,0.864631500847
103,0.12945950923,0.707839668328,66.5682261278,1.61972543011,0.335851858152,7.2331179107,2.03770426761,0.169605164537,0.984242594887,3.14967941491,1.0,613.593218266,0.863963982221
104,0.130716397669,0.707883447121,66.5656638423,1.6202000603,0.335872630072,7.24365561853,2.04183441615,0.169620705401,0.984262303522,3.14975262652,1.0,613.593608876,0.863290434824
105,0.131973286108,0.707927651969,66.5630768422,1.62067467858,0.335893604144,7.25427902809,2.04595434999,0.169636398448,0.984282189337,3.14982568502,1.0,613.594003238,0.862610871264
106,0.133230174547,0.70797228296,66.5604651287,1.62114928486,0.33591478041,7.26498774667,2.05006403175,0.169652243736,0.984302251951,3.14989858896,1.0,613.594401351,0.861925304207
107,0.134487062986,0.708017340183,66.557828703,1.621623879,0.335936158912,7.27578138073,2.05416342526,0.169668241326,0.984322490981,3.1499713369,1.0,613.594803215,0.861233746375
108,0.135743951425,0.708062823729,66.5551675664,1.6220984609,0.335957739693,7.28665953588,2.05825249552,0.169684391276,0.984342906037,3.15004392738,1.0,613.595208829,0.860536210544
109,0.137000839864,0.708108733689,66.5524817201,1.62257303043,0.335979522798,7.29762181702,2.06233120873,0.169700693647,0.98436349673,3.15011635896,1.0,613.595618193,0.859832709544
110,0.138257728304,0.708155070156,66.5497711653,1.62304758749,0.336001508268,7.30866782832,2.06639953224,0.169717148501,0.984384262665,3.15018863021,1.0,613.596031306,0.859123256254
111,0.139514616743,0.708201833222,66.5470359033,1.62352213196,0.33602369615,7.31979717331,2.07045743458,0.1697337559,0.984405203443,3.15026073967,1.0,613.596448167,0.858407863604
112,0.140771505182,0.708249022982,66.5442759354,1.62399666371,0.336046086486,7.33100945492,2.07450488543,0.169750515906,0.984426318662,3.1503326859,1.0,613.596868776,0.857686544575
113,0.142028393621,0.70829663953,66.5414912629,1.62447118264,0.336068679323,7.34230427552,2.07854185561,0.169767428581,0.984447607919,3.15040446746,1.0,613.597293131,0.856959312193
114,0.14328528206,0.708344682962,66.538681887,1.62494568863,0.336091474705,7.35368123699,2.08256831709,0.16978449399,0.984469070802,3.15047608292,1.0,613.597721233,0.856226179529
115,0.144542170499,0.708393153375,66.5358478091,1.62542018157,0.336114472679,7.36513994074,2.08658424296,0.169801712197,0.984490706901,3.15054753082,1.0,613.59815308,0.8554871597
116,0.145799058938,0.708442050866,66.5329890304,1.62589466133,0.33613767329,7.37667998779,2.09058960742,0.169819083266,0.984512515798,3.15061880973,1.0,613.598588673,0.854742265865
117,0.147055947377,0.708491375532,66.5301055524,1.6263691278,0.336161076585,7.38830097878,2.09458438578,0.169836607262,0.984534497075,3.15068991821,1.0,613.599028009,0.853991511225
118,0.148312835817,0.708541127474,66.5271973764,1.62684358087,0.336184682612,7.40000251407,2.09856855445,0.169854284252,0.984556650309,3.15076085483,1.0,613.599471089,0.85323490902
119,0.149569724256,0.708591306791,66.5242645037,1.62731802041,0.336208491417,7.41178419373,2.10254209093,0.169872114302,0.984578975072,3.15083161814,1.0,613.599917911,0.852472472531
120,0.150826612695,0.708641913585,66.5213069357,1.62779244632,0.336232503048,7.42364561761,2.1065049738,0.169890097479,0.984601470936,3.1509022067,1.0,613.600368476,0.851704215075
121,0.152083501134,0.708692947956,66.5183246737,1.62826685848,0.336256717555,7.43558638538,2.11045718269,0.169908233851,0.984624137465,3.15097261909,1.0,613.600822782,0.850930150003
122,0.153340389573,0.708744410007,66.5153177193,1.62874125676,0.336281134984,7.44760609659,2.11439869832,0.169926523486,0.984646974223,3.15104285387,1.0,613.601280829,0.850150290703
123,0.154597278012,0.708796299842,66.5122860736,1.62921564106,0.336305755387,7.4597043507,2.11832950241,0.169944966452,0.984669980769,3.1511129096,1.0,613.601742615,0.849364650595
124,0.155854166451,0.708848617565,66.5092297383,1.62969001126,0.336330578811,7.47188074712,2.12224957776,0.16996356282,0.984693156659,3.15118278484,1.0,613.602208141,0.848573243132
125,0.15711105489,0.708901363281,66.5061487146,1.63016436724,0.336355605307,7.48413488526,2.12615890817,0.169982312659,0.984716501445,3.15125247818,1.0,613.602677405,0.847776081795
126,0.15836794333,0.708954537096,66.5030430041,1.63063870889,0.336380834925,7.49646636456,2.13005747845,0.17000121604,0.984740014676,3.15132198817,1.0,613.603150406,0.846973180097
127,0.159624831769,0.709008139118,66.4999126082,1.63111303608,0.336406267716,7.50887478455,2.13394527443,0.170020273034,0.984763695896,3.15139131338,1.0,613.603627145,0.846164551576
128,0.160881720208,0.709062169453,66.4967575283,1.63158734871,0.336431903731,7.52135974488,2.13782228292,0.170039483713,0.984787544649,3.15146045239,1.0,613.60410762,0.845350209798
129,0.162138608647,0.709116628211,66.4935777659,1.63206164665,0.336457743021,7.53392084535,2.14168849173,0.17005884815,0.984811560471,3.15152940376,1.0,613.60459183,0.844530168353
130,0.163395497086,0.709171515501,66.4903733225,1.6325359298,0.336483785639,7.54655768596,2.1455438896,0.170078366416,0.984835742897,3.15159816607,1.0,613.605079774,0.843704440856
131,0.164652385525,0.709226831433,66.4871441996,1.63301019802,0.336510031637,7.55926986696,2.14938846627,0.170098038586,0.984860091458,3.15166673789,1.0,613.605571453,0.842873040941
132,0.165909273964,0.709282576119,66.4838903987,1.63348445121,0.336536481068,7.57205698886,2.15322221241,0.170117864735,0.984884605683,3.15173511779,1.0,613.606066864,0.842035982268
133,0.167166162403,0.70933874967,66.4806119213,1.63395868925,0.336563133984,7.5849186525,2.15704511962,0.170137844936,0.984909285094,3.15180330434,1.0,613.606566008,0.841193278512
134,0.168423050843,0.7093953522,66.4773087689,1.63443291202,0.335879884988,7.59785445906,2.16085718044,0.169795030816,0.984965802545,3.15184928062,1.0,613.597985516,0.838009189655
135,0.169679939282,0.709452383822,66.4739809432,1.63490711941,0.335906887949,7.6108640101,2.1646583883,0.169815262007,0.984990756657,3.15191693157,1.0,613.598492859,0.837159234732
136,0.170936827721,0.709509844651,66.4706284455,1.6353813113,0.335934094127,7.62394690761,2.16844873755,0.169835647038,0.985015874156,3.15198438533,1.0,613.599003938,0.836303694475
137,0.17219371616,0.709567734803,66.4672512776,1.63585548757,0.335961503578,7.63710275402,2.17222822344,0.169856185988,0.985041154555,3.15205164049,1.0,613.599518751,0.835442582441
138,0.173450604599,0.709626054394,66.4638494409,1.63632964811,0.335989116358,7.65033115228,2.17599684206,0.169876878934,0.98506659736,3.15211869563,1.0,613.600037298,0.834575912202
139,0.174707493038,0.709684803541,66.4604229371,1.63680379279,0.33601693252,7.66363170584,2.1797545904,0.169897725953,0.985092202076,3.15218554933,1.0,613.600559577,0.83370369734
140,0.175964381477,0.709743982363,66.4569717678,1.63727792151,0.336044952123,7.67700401871,2.18350146631,0.169918727124,0.985117968204,3.15225220018,1.0,613.601085588,0.83282595145
141,0.177221269916,0.709803590978,66.4534959345,1.63775203414,0.336073175221,7.69044769549,2.18723746845,0.169939882527,0.98514389524,3.15231864675,1.0,613.601615331,0.831942688136
142,0.178478158356,0.709863629507,66.4499954389,1.63822613056,0.336101601872,7.70396234141,2.19096259633,0.169961192241,0.98516998268,3.15238488764,1.0,613.602148803,0.83105392101
143,0.179735046795,0.709924098071,66.4464702826,1.63870021067,0.336130232132,7.71754756232,2.19467685031,0.169982656347,0.985196230012,3.15245092143,1.0,613.602686006,0.830159663693
144,0.180991935234,0.70998499679,66.4429204673,1.63917427434,0.33615906606,7.73120296479,2.1983802315,0.170004274925,0.985222636725,3.1525167467,1.0,613.603226936,0.829259929813
145,0.182248823673,0.710046325787,66.4393459946,1.63964832146,0.336188103714,7.74492815608,2.20207274186,0.170026048059,0.985249202302,3.15258236205,1.0,613.603771594,0.828354733001
146,0.183505712112,0.710108085187,66.4357468661,1.6401223519,0.336217345151,7.7587227442,2.2057543841,0.170047975828,0.985275926222,3.15264776606,1.0,613.60431998,0.827444086892
147,0.184762600551,0.710170275112,66.4321230837,1.64059636556,0.336246790431,7.77258633792,2.20942516172,0.170070058318,0.985302807962,3.15271295732,1.0,613.604872091,0.826528005127
148,0.18601948899,0.710232895689,66.4284746489,1.64107036231,0.336276439613,7.78651854682,2.21308507899,0.17009229561,0.985329846995,3.15277793442,1.0,613.605427927,0.825606501344
149,0.187276377429,0.710295947043,66.4248015635,1.64154434204,0.336306292757,7.80051898128,2.21673414092,0.17011468779,0.985357042791,3.15284269596,1.0,613.605987487,0.824679589186
150,0.188533265869,0.710359429301,66.4211038291,1.64201830462,0.336336349922,7.81458725256,2.22037235325,0.170137234941,0.985384394816,3.15290724053,1.0,613.60655077,0.823747282291
151,0.189790154308,0.710423342591,66.4173814475,1.64249224995,0.33636661117,7.82872297279,2.22399972247,0.170159937149,0.985411902532,3.15297156671,1.0,613.607117776,0.8228095943
152,0.191047042747,0.710487687042,66.4136344205,1.6429661779,0.33639707656,7.84292575499,2.22761625577,0.1701827945,0.9854395654,3.15303567311,1.0,613.607688504,0.821866538847
153,0.192303931186,0.710552462783,66.4098627497,1.64344008836,0.336427746155,7.85719521312,2.23122196106,0.170205807081,0.985467382874,3.15309955832,1.0,613.608262951,0.820918129563
154,0.193560819625,0.710617669944,66.406066437,1.6439139812,0.336458620017,7.87153096209,2.23481684692,0.170228974978,0.985495354407,3.15316322093,1.0,613.608841119,0.819964380076
155,0.194817708064,0.710683308657,66.4022454841,1.64438785632,0.336489698206,7.88593261779,2.23840092264,0.170252298279,0.985523479448,3.15322665955,1.0,613.609423005,0.819005304005
156,0.196074596503,0.710749379054,66.3983998928,1.64486171359,0.336520980786,7.9003997971,2.24197419816,0.170275777073,0.985551757442,3.15328987276,1.0,613.610008609,0.818040914963
157,0.197331484942,0.710815881268,66.3945296649,1.64533555289,0.33655246782,7.91493211794,2.24553668409,0.170299411448,0.985580187833,3.15335285918,1.0,613.61059793,0.817071226555
158,0.198588373382,0.710882815433,66.3906348022,1.64580937411,0.336584159372,7.92952919925,2.24908839168,0.170323201494,0.985608770057,3.15341561739,1.0,613.611190967,0.816096252376
159,0.199845261821,0.710950181683,66.3867153065,1.64628317713,0.336616055504,7.94419066106,2.25262933283,0.170347147301,0.985637503551,3.153478146,1.0,613.611787718,0.81511600601
160,0.20110215026,0.711017980154,66.3827711796,1.64675696183,0.336648156282,7.95891612447,2.25615952006,0.17037124896,0.985666387746,3.15354044362,1.0,613.612388184,0.814130501031
161,0.202359038699,0.711086210983,66.3788024234,1.6472307281,0.33668046177,7.97370521171,2.2596789665,0.170395506562,0.985695422071,3.15360250884,1.0,613.612992363,0.813139751
162,0.203615927138,0.711154874308,66.3748090398,1.64770447581,0.336712972033,7.98855754612,2.26318768589,0.1704199202,0.98572460595,3.15366434028,1.0,613.613600254,0.812143769462
163,0.204872815577,0.711223970266,66.3707910305,1.64817820485,0.336745687136,8.00347275218,2.26668569256,0.170444489965,0.985753938805,3.15372593652,1.0,613.614211856,0.811142569951
164,0.206129704016,0.711293498996,66.3667483975,1.64865191509,0.336778607145,8.01845045556,2.27017300143,0.170469215951,0.985783420055,3.15378729619,1.0,613.614827168,0.810136165983
165,0.207386592455,0.711363460639,66.3626811427,1.64912560643,0.336811732127,8.03349028311,2.27364962798,0.170494098252,0.985813049113,3.15384841788,1.0,613.615446189,0.809124571058
166,0.208643480895,0.711433855336,66.358589268,1.64959927874,0.336845062149,8.04859186286,2.27711558826,0.170519136962,0.985842825392,3.15390930021,1.0,613.616068918,0.80810779866
167,0.209900369334,0.711504683228,66.3544727752,1.65007293191,0.336878597277,8.06375482408,2.28057089887,0.170544332176,0.985872748298,3.15396994178,1.0,613.616695354,0.807085862252
168,0.211157257773,0.711575944458,66.3503316663,1.6505465658,0.336912337579,8.07897879728,2.28401557694,0.17056968399,0.985902817238,3.15403034121,1.0,613.617325497,0.806058775278
169,0.212414146212,0.71164763917,66.3461659433,1.65102018032,0.336946283123,8.09426341422,2.28744964014,0.170595192501,0.985933031611,3.1540904971,1.0,613.617959345,0.805026551164
170,0.213671034651,0.711719767508,66.341975608,1.65149377534,0.336980433978,8.10960830792,2.29087310666,0.170620857805,0.985963390816,3.15415040807,1.0,613.618596897,0.803989203312
171,0.21492792309,0.711792329618,66.3377606624,1.65196735073,0.337014790212,8.1250131127,2.29428599519,0.170646679999,0.985993894247,3.15421007273,1.0,613.619238152,0.802946745102
172,0.216184811529,0.711865325645,66.3335211085,1.65244090639,0.337049351895,8.14047746415,2.29768832492,0.170672659182,0.986024541294,3.15426948969,1.0,613.619883109,0.801899189891
173,0.217441699968,0.711938755737,66.3292569483,1.65291444219,0.337084119095,8.15600099922,2.30108011553,0.170698795453,0.986055331346,3.15432865757,1.0,613.620531767,0.800846551014
174,0.218698588408,0.712012620041,66.3249681838,1.65338795801,0.337119091884,8.17158335616,2.30446138718,0.170725088911,0.986086263786,3.15438757499,1.0,613.621184125,0.799788841778
175,0.219955476847,0.712086918708,66.320654817,1.65386145374,0.337154270332,8.18722417455,2.30783216049,0.170751539656,0.986117337996,3.15444624056,1.0,613.621840182,0.798726075465
176,0.221212365286,0.712161651886,66.3163168498,1.65433492925,0.337189654509,8.20292309535,2.31119245655,0.170778147789,0.986148553353,3.15450465291,1.0,613.622499937,0.797658265331
177,0.222469253725,0.712236819726,66.3119542843,1.65480838443,0.337225244488,8.21867976088,2.31454229689,0.170804913411,0.98617990923,3.15456281064,1.0,613.623163389,0.796585424603
178,0.223726142164,0.712312422379,66.3075671226,1.65528181916,0.337261040339,8.23449381483,2.31788170348,0.170831836624,0.986211404999,3.15462071238,1.0,613.623830537,0.795507566481
179,0.224983030603,0.712388459999,66.3031553666,1.65575523332,0.337297042134,8.25036490229,2.32121069872,0.17085891753,0.986243040027,3.15467835676,1.0,613.62450138,0.794424704136
180,0.226239919042,0.712464932737,66.2987190186,1.65622862679,0.337333249948,8.26629266976,2.32452930543,0.170886156233,0.986274813677,3.15473574239,1.0,613.625175916,0.793336850706
181,0.227496807481,0.71254184075,66.2942580804,1.65670199944,0.337369663851,8.28227676513,2.32783754684,0.170913552836,0.986306725311,3.15479286791,1.0,613.625854145,0.792244019301
182,0.228753695921,0.71261918419,66.2897725543,1.65717535117,0.337406283919,8.29831683774,2.33113544657,0.170941107444,0.986338774286,3.15484973192,1.0,613.626536065,0.791146222998
183,0.23001058436,0.712696963216,66.2852624422,1.65764868186,0.337443110224,8.31441253835,2.33442302865,0.170968820162,0.986370959956,3.15490633306,1.0,613.627221676,0.79004347484
184,0.231267472799,0.712775177983,66.2807277464,1.65812199137,0.337480142842,8.33056351915,2.33770031748,0.170996691096,0.98640328167,3.15496266996,1.0,613.627910976,0.78893578784
185,0.232524361238,0.712853828649,66.2761684689,1.6585952796,0.337517381846,8.34676943382,2.34096733784,0.171024720351,0.986435738777,3.15501874125,1.0,613.628603965,0.787823174974
186,0.233781249677,0.712932915372,66.2715846119,1.65906854642,0.337554827311,8.36302993747,2.34422411486,0.171052908035,0.986468330621,3.15507454555,1.0,613.62930064,0.786705649184
187,0.235038138116,0.713012438313,66.2669761775,1.65954179172,0.337592479314,8.37934468669,2.34747067405,0.171081254256,0.986501056541,3.15513008149,1.0,613.630001002,0.785583223375
188,0.236295026555,0.713092397632,66.2623431678,1.66001501537,0.337630337931,8.39571333954,2.35070704123,0.171109759121,0.986533915875,3.1551853477,1.0,613.630705048,0.786340416376
189,0.237551914994,0.71317279349,66.257685585,1.66048821726,0.337668403237,8.41213555559,2.3539332426,0.17113842274,0.986566907957,3.15524034283,1.0,613.631412778,0.787472603648
190,0.238808803434,0.713253626049,66.2530034314,1.66096139726,0.337706675309,8.42861099588,2.35714930465,0.171167245222,0.986600032117,3.15529506549,1.0,613.632124191,0.788609652441
191,0.240065691873,0.713334895472,66.248296709,1.66143455526,0.337745154226,8.44513932295,2.36035525422,0.171196226677,0.986633287683,3.15534951433,1.0,613.632839285,0.78975155
192,0.241322580312,0.713416601924,66.2435654201,1.66190769114,0.337783840063,8.46172020086,2.36355111845,0.171225367216,0.986666673979,3.15540368797,1.0,613.63355806,0.790898283606
193,0.242579468751,0.713498745569,66.2388095669,1.66238080476,0.3378227329,8.47835329518,2.36673692478,0.17125466695,0.986700190325,3.15545758507,1.0,613.634280514,0.792049840585
194,0.24383635719,0.713581326573,66.2340291516,1.66285389603,0.337861832815,8.49503827298,2.36991270096,0.171284125991,0.986733836038,3.15551120425,1.0,613.635006646,0.7932062083
195,0.245093245629,0.713664345102,66.2292241765,1.66332696481,0.337901139886,8.51177480289,2.373078475,0.171313744453,0.986767610432,3.15556454415,1.0,613.635736455,0.794367374157
196,0.246350134068,0.713747801325,66.2243946438,1.66380001099,0.337940654194,8.52856255504,2.37623427523,0.171343522448,0.986801512819,3.15561760342,1.0,613.636469939,0.795533325603
197,0.247607022507,0.713831695409,66.2195405557,1.66427303444,0.337980375817,8.5454012011,2.37938013022,0.171373460091,0.986835542505,3.1556703807,1.0,613.637207098,0.796704050129
198,0.248863910947,0.713916027524,66.2146619145,1.66474603505,0.338020304837,8.56229041428,2.38251606882,0.171403557495,0.986869698794,3.15572287462,1.0,613.637947931,0.797879535269
199,0.250120799386,0.714000797841,66.2097587226,1.66521901269,0.338060441333,8.57922986935,2.38564212012,0.171433814777,0.986903980987,3.15577508384,1.0,613.638692435,0.7990597686
200,0.251377687825,0.71408600653,66.2048309821,1.66569196724,0.338100785387,8.59621924261,2.38875831347,0.171464232052,0.986938388382,3.15582700699,1.0,613.639440611,0.800244737746
201,0.252634576264,0.714171653763,66.1998786955,1.66616489859,0.33814133708,8.6132582119,2.39186467847,0.171494809437,0.986972920273,3.15587864273,1.0,613.640192457,0.801434430374
202,0.253891464703,0.714257739714,66.1949018649,1.66663780662,0.338182096494,8.63034645664,2.39496124494,0.171525547049,0.98700757595,3.15592998969,1.0,613.640947971,0.802628834197
203,0.255148353142,0.714344264556,66.1899004928,1.66711069119,0.338223063712,8.6474836578,2.39804804293,0.171556445006,0.987042354702,3.15598104653,1.0,613.641707152,0.803827936977
204,0.256405241581,0.714431228464,66.1848745815,1.6675835522,0.338264238815,8.66466949789,2.40112510272,0.171587503426,0.987077255812,3.1560318119,1.0,613.64247,0.805031726519
205,0.25766213002,0.714518631613,66.1798241333,1.66805638952,0.338305621888,8.68190366102,2.40419245478,0.171618722429,0.987112278562,3.15608228444,1.0,613.643236513,0.80624019068
206,0.258919018459,0.714606474181,66.1747491506,1.66852920303,0.338347213013,8.69918583282,2.40725012981,0.171650102135,0.987147422229,3.15613246282,1.0,613.644006689,0.807453317363
207,0.260175906899,0.714694756344,66.1696496357,1.66900199261,0.338389012276,8.71651570053,2.41029815869,0.171681642663,0.987182686088,3.15618234567,1.0,613.644780528,0.808671094519
208,0.261432795338,0.714783478281,66.1645255911,1.66947475814,0.33843101976,8.73389295293,2.4133365725,0.171713344136,0.98721806941,3.15623193166,1.0,613.645558029,0.80989351015
209,0.262689683777,0.714872640172,66.1593770192,1.6699474995,0.33847323555,8.75131728038,2.41636540251,0.171745206674,0.987253571464,3.15628121945,1.0,613.646339189,0.811120552307
210,0.263946572216,0.714962242195,66.1542039223,1.67042021656,0.338515659731,8.76878837481,2.41938468015,0.171777230401,0.987289191513,3.15633020767,1.0,613.647124008,0.812352209093
211,0.265203460655,0.715052284533,66.1490063028,1.67089290921,0.33855829239,8.78630592972,2.42239443705,0.171809415439,0.987324928819,3.15637889501,1.0,613.647912485,0.813588468659
212,0.266460349094,0.715142767368,66.1437841633,1.67136557732,0.338601133611,8.80386964018,2.42539470498,0.171841761913,0.987360782641,3.1564272801,1.0,613.648704617,0.81482931921
213,0.267717237533,0.715233690881,66.1385375061,1.67183822077,0.337928233849,8.82147920284,2.42838551589,0.171505434102,0.987423163944,3.15644349754,1.0,613.640453636,0.818047361401
214,0.268974125972,0.715325055257,66.1332663337,1.67231083945,0.337971401002,8.83913431592,2.43136690186,0.171538010767,0.987459170767,3.15649117302,1.0,613.641254245,0.819292434619
215,0.270231014412,0.715416860681,66.1279706486,1.67278343323,0.338014776538,8.85683467922,2.43433889514,0.171570748773,0.987495291624,3.15653854292,1.0,613.642058512,0.820542057326
216,0.271487902851,0.715509107339,66.1226504532,1.67325600198,0.338058360544,8.8745799941,2.43730152811,0.171603648246,0.987531525763,3.1565856059,1.0,613.642866435,0.821796218055
217,0.27274479129,0.715601795415,66.1173057501,1.67372854559,0.338102153109,8.8923699635,2.44025483329,0.171636709312,0.987567872426,3.15663236062,1.0,613.643678013,0.823054905388
218,0.274001679729,0.715694925099,66.1119365417,1.67420106394,0.338146154321,8.91020429193,2.44319884331,0.171669932099,0.987604330854,3.15667880576,1.0,613.644493246,0.824318107962
219,0.275258568168,0.715788496579,66.1065428305,1.6746735569,0.338190364269,8.92808268548,2.44613359095,0.171703316734,0.987640900285,3.15672493998,1.0,613.645312131,0.825585814467
220,0.276515456607,0.715882510042,66.1011246191,1.67514602435,0.338234783043,8.94600485178,2.4490591091,0.171736863346,0.987677579953,3.15677076196,1.0,613.646134667,0.826858013647
221,0.277772345046,0.715976965681,66.09568191,1.67561846617,0.338279410732,8.96397050008,2.45197543075,0.171770572065,0.987714369088,3.15681627037,1.0,613.646960853,0.828134694302
222,0.279029233485,0.716071863685,66.0902147058,1.67609088224,0.338324247426,8.98197934114,2.45488258902,0.171804443021,0.987751266918,3.15686146388,1.0,613.647790688,0.829415845286
223,0.280286121925,0.716167204246,66.0847230089,1.67656327244,0.338369293217,9.00003108733,2.4577806171,0.171838476343,0.987788272669,3.15690634116,1.0,613.648624171,0.83070145551
224,0.281543010364,0.716262987559,66.0792068221,1.67703563664,0.338414548195,9.01812545256,2.46066954831,0.171872672163,0.98782538556,3.15695090089,1.0,613.649461299,0.831991513938
225,0.282799898803,0.716359213815,66.0736661478,1.67750797472,0.338460012453,9.03626215231,2.46354941603,0.171907030614,0.987862604811,3.15699514175,1.0,613.650302072,0.833286009594
226,0.284056787242,0.71645588321,66.0681009886,1.67798028655,0.338505686081,9.05444090361,2.46642025376,0.171941551827,0.987899929635,3.15703906242,1.0,613.651146489,0.834584931556
227,0.285313675681,0.71655299594,66.0625113473,1.67845257203,0.338551569172,9.07266142507,2.46928209505,0.171976235937,0.987937359246,3.15708266158,1.0,613.651994547,0.835888268961
228,0.28657056412,0.7166505522,66.0568972262,1.67892483102,0.33859766182,9.09092343682,2.47213497354,0.172011083076,0.987974892851,3.1571259379,1.0,613.652846246,0.837196011002
229,0.287827452559,0.716748552189,66.0512586282,1.6793970634,0.338643964117,9.10922666057,2.47497892295,0.17204609338,0.988012529656,3.15716889006,1.0,613.653701584,0.838508146932
230,0.289084340998,0.716846996104,66.0455955559,1.67986926905,0.338690476157,9.12757081957,2.47781397703,0.172081266984,0.988050268862,3.15721151676,1.0,613.65456056,0.83982466606
231,0.290341229438,0.716945884146,66.0399080118,1.68034144785,0.338737198034,9.14595563861,2.48064016965,0.172116604024,0.98808810967,3.15725381668,1.0,613.655423173,0.841145557756
232,0.291598117877,0.717045216513,66.0341959987,1.68081359967,0.338784129844,9.16438084403,2.48345753468,0.172152104637,0.988126051274,3.15729578849,1.0,613.656289421,0.842470811446
233,0.292855006316,0.717144993407,66.0284595192,1.68128572439,0.33883127168,9.18284616371,2.48626610609,0.172187768959,0.988164092868,3.15733743089,1.0,613.657159303,0.84380041662
234,0.294111894755,0.717245215031,66.0226985761,1.68175782189,0.338878623638,9.20135132705,2.48906591786,0.17222359713,0.988202233641,3.15737874257,1.0,613.658032817,0.845134362822
235,0.295368783194,0.717345881586,66.0169131719,1.68222989205,0.338926185814,9.21989606501,2.49185700403,0.172259589287,0.98824047278,3.15741972221,1.0,613.658909962,0.846472639661
236,0.296625671633,0.717446993278,66.0111033095,1.68270193474,0.338973958305,9.23848011006,2.49463939869,0.17229574557,0.988278809467,3.15746036851,1.0,613.659790736,0.847815236804
237,0.297882560072,0.717548550309,66.0052689915,1.68317394983,0.339021941207,9.25710319619,2.49741313594,0.17233206612,0.988317242882,3.15750068015,1.0,613.660675139,0.84916214398
238,0.299139448511,0.717650552887,65.9994102207,1.68364593721,0.339070134617,9.27576505892,2.50017824995,0.172368551076,0.988355772203,3.15754065583,1.0,613.661563169,0.850513350977
239,0.300396336951,0.717753001218,65.9935269998,1.68411789676,0.339118538633,9.29446543529,2.50293477488,0.172405200581,0.988394396604,3.15758029425,1.0,613.662454824,0.851868847646
240,0.30165322539,0.717855895509,65.9876193316,1.68458982834,0.339167153353,9.31320406385,2.50568274493,0.172442014777,0.988433115254,3.15761959409,1.0,613.663350103,0.853228623899
241,0.302910113829,0.717959235968,65.9816872189,1.68506173183,0.339215978876,9.33198068465,2.50842219431,0.172478993806,0.988471927323,3.15765855406,1.0,613.664249004,0.854592669711
242,0.304167002268,0.718063022806,65.9757306644,1.68553360712,0.339265015299,9.35079503925,2.51115315727,0.172516137812,0.988510831973,3.15769717285,1.0,613.665151526,0.855960975118
243,0.305423890707,0.718167256231,65.9697496708,1.68600545408,0.339314262724,9.3696468707,2.51387566804,0.172553446939,0.988549828366,3.15773544916,1.0,613.666057668,0.85733353022
244,0.306680779146,0.718271936457,65.9637442412,1.68647727258,0.339363721248,9.38853592357,2.51658976088,0.172590921332,0.988588915661,3.15777338169,1.0,613.666967428,0.858710325177
245,0.307937667585,0.718377063693,65.9577143781,1.68694906251,0.339413390974,9.40746194388,2.51929547006,0.172628561137,0.988628093012,3.15781096915,1.0,613.667880805,0.860091350216
246,0.309194556024,0.718482638154,65.9516600845,1.68742082372,0.339463272,9.42642467917,2.52199282982,0.1726663665,0.988667359571,3.15784821023,1.0,613.668797798,0.861476595624
247,0.310451444464,0.718588660054,65.9455813632,1.68789255612,0.33951336443,9.44542387845,2.52468187442,0.172704337568,0.988706714488,3.15788510364,1.0,613.669718403,0.862866051753
248,0.311708332903,0.718695129607,65.939478217,1.68836425956,0.339563668363,9.46445929218,2.52736263813,0.172742474489,0.988746156907,3.15792164809,1.0,613.670642622,0.864259709019
249,0.312965221342,0.718802047029,65.9333506488,1.68883593392,0.339614183901,9.48353067233,2.53003515518,0.172780777411,0.988785685972,3.15795784228,1.0,613.671570451,0.865657557901
250,0.314222109781,0.718909412537,65.9271986615,1.68930757908,0.339664911148,9.5026377723,2.5326994598,0.172819246483,0.988825300822,3.15799368492,1.0,613.672501889,0.867059588945
251,0.31547899822,0.719017226349,65.921022258,1.68977919492,0.339715850207,9.52178034697,2.53535558621,0.172857881856,0.988865000593,3.15802917472,1.0,613.673436936,0.868465792759
252,0.316735886659,0.719125488683,65.9148214411,1.69025078132,0.339767001179,9.54095815266,2.53800356862,0.172896683679,0.988904784419,3.15806431039,1.0,613.674375588,0.869876160016
253,0.317992775098,0.719234199759,65.9085962138,1.69072233813,0.33981836417,9.56017094715,2.54064344119,0.172935652104,0.98894465143,3.15809909064,1.0,613.675317846,0.871290681455
254,0.319249663537,0.719343359797,65.9023465789,1.69119386526,0.339869939283,9.57941848964,2.54327523808,0.172974787283,0.988984600753,3.15813351418,1.0,613.676263707,0.872709347881
255,0.320506551977,0.719452969018,65.8960725395,1.69166536255,0.339921726623,9.59870054081,2.54589899342,0.173014089369,0.989024631512,3.15816757973,1.0,613.67721317,0.874132150162
256,0.321763440416,0.719563027645,65.8897740984,1.69213682991,0.339973726294,9.61801686271,2.5485147413,0.173053558514,0.989064742828,3.158201286,1.0,613.678166233,0.875559079234
257,0.323020328855,0.719673535901,65.8834512586,1.69260826718,0.340025938403,9.63736721888,2.55112251579,0.173093194873,0.98910493382,3.15823463171,1.0,613.679122895,0.876990126097
258,0.324277217294,0.71978449401,65.8771040231,1.69307967427,0.340078363056,9.65675137422,2.55372235091,0.173132998601,0.989145203601,3.15826761557,1.0,613.680083155,0.87842528182
259,0.325534105733,0.719895902198,65.8707323948,1.69355105103,0.340131000358,9.67616909509,2.55631428065,0.173172969853,0.989185551285,3.15830023631,1.0,613.68104701,0.879864537535
260,0.326790994172,0.72000776069,65.8643363767,1.69402239734,0.340183850416,9.69562014923,2.55889833897,0.173213108785,0.989225975979,3.15833249265,1.0,613.682014459,0.881307884442
261,0.328047882611,0.720120069714,65.8579159719,1.69449371308,0.340236913338,9.7151043058,2.56147455976,0.173253415555,0.98926647679,3.15836438331,1.0,613.682985501,0.882755313808
262,0.32930477105,0.720232829497,65.8514711833,1.69496499812,0.340290189231,9.73462133533,2.56404297689,0.17329389032,0.98930705282,3.15839590701,1.0,613.683960134,0.884206816967
263,0.33056165949,0.720346040268,65.845002014,1.69543625234,0.340343678204,9.75417100976,2.56660362417,0.173334533238,0.989347703169,3.15842706247,1.0,613.684938357,0.885662385319
264,0.331818547929,0.720459702256,65.838508467,1.69590747562,0.340397380365,9.77375310242,2.56915653537,0.173375344468,0.989388426933,3.15845784842,1.0,613.685920168,0.887122010331
265,0.333075436368,0.720573815694,65.8319905453,1.69637866781,0.340451295823,9.79336738799,2.57170174418,0.173416324171,0.989429223205,3.15848826359,1.0,613.686905565,0.888585683538
266,0.334332324807,0.720688380811,65.8254482521,1.69684982881,0.340505424687,9.81301364254,2.57423928427,0.173457472507,0.989470091078,3.1585183067,1.0,613.687894547,0.890053396544
267,0.335589213246,0.720803397842,65.8188815903,1.69732095848,0.340559767068,9.8326916435,2.57676918923,0.173498789636,0.989511029637,3.15854797649,1.0,613.688887112,0.891525141018
268,0.336846101685,0.720918867019,65.812290563,1.6977920567,0.340614323076,9.85240116966,2.5792914926,0.173540275722,0.989552037968,3.15857727168,1.0,613.689883259,0.893000908699
269,0.338102990124,0.721034788577,65.8056751734,1.69826312334,0.339947336282,9.87214200115,2.58180622785,0.173207176524,0.989614857668,3.15856976887,1.0,613.681871505,0.896168182548
270,0.339359878563,0.721151162751,65.7990354246,1.69873415828,0.340002203385,9.89191391946,2.5843134284,0.173248880964,0.989655914584,3.15859825148,1.0,613.68287628,0.897646857699
271,0.340616767003,0.721267989778,65.7923713196,1.69920516139,0.340057283996,9.91171670741,2.5868131276,0.17329075435,0.989697038377,3.15862635652,1.0,613.683884636,0.899129530006
272,0.341873655442,0.721385269895,65.7856828616,1.69967613255,0.340112578225,9.93155014915,2.58930535872,0.173332796845,0.989738228121,3.15865408271,1.0,613.684896574,0.90061619154
273,0.343130543881,0.72150300334,65.7789700538,1.70014707162,0.340168086185,9.95141403017,2.59179015497,0.173375008615,0.989779482888,3.1586814288,1.0,613.68591209,0.902106834439
274,0.34438743232,0.721621190352,65.7722328992,1.70061797848,0.34022380799,9.97130813727,2.59426754949,0.173417389826,0.989820801746,3.15870839354,1.0,613.686931183,0.903601450909
275,0.345644320759,0.721739831172,65.7654714011,1.70108885301,0.340279743752,9.99123225855,2.59673757535,0.173459940644,0.989862183761,3.15873497565,1.0,613.687953853,0.905100033224
276,0.346901209198,0.721858926041,65.7586855626,1.70155969507,0.340335893585,10.0111861834,2.59920026555,0.173502661237,0.989903627996,3.15876117389,1.0,613.688980096,0.906602573727
277,0.348158097637,0.7219784752,65.7518753869,1.70203050455,0.340392257603,10.0311697026,2.60165565298,0.173545551771,0.98994513351,3.15878698699,1.0,613.690009911,0.908109064826
278,0.349414986076,0.722098478893,65.7450408772,1.70250128131,0.340448835921,10.0511826082,2.6041037705,0.173588612417,0.98998669936,3.15881241371,1.0,613.691043298,0.909619499001
279,0.350671874516,0.722218937363,65.7381820367,1.70297202523,0.340505628653,10.0712246933,2.60654465086,0.173631843343,0.9900283246,3.1588374528,1.0,613.692080253,0.911133868799
280,0.351928762955,0.722339850856,65.7312988686,1.70344273618,0.340562635915,10.0912957527,2.60897832673,0.173675244719,0.990070008279,3.15886210299,1.0,613.693120776,0.912652166836
281,0.353185651394,0.722461219617,65.7243913763,1.70391341403,0.340619857824,10.1113955821,2.61140483071,0.173718816717,0.990111749447,3.15888636304,1.0,613.694164865,0.914174385794
282,0.354442539833,0.722583043893,65.7174595628,1.70438405866,0.340677294494,10.1315239786,2.61382419531,0.173762559508,0.990153547147,3.1589102317,1.0,613.695212518,0.915700518428
283,0.355699428272,0.722705323931,65.7105034315,1.70485466994,0.340734946044,10.1516807407,2.61623645295,0.173806473264,0.990195400421,3.15893370773,1.0,613.696263733,0.917230557559
284,0.356956316711,0.722828059981,65.7035229856,1.70532524774,0.34079281259,10.1718656679,2.61864163596,0.173850558158,0.990237308309,3.15895678987,1.0,613.697318509,0.918764496078
285,0.35821320515,0.722951252292,65.6965182284,1.70579579194,0.34085089425,10.1920785611,2.6210397766,0.173894814366,0.990279269846,3.15897947688,1.0,613.698376844,0.920302326945
286,0.359470093589,0.723074901115,65.6894891632,1.7062663024,0.340909191142,10.2123192225,2.62343090702,0.17393924206,0.990321284066,3.15900176752,1.0,613.699438736,0.921844043189
287,0.360726982029,0.7231990067,65.6824357934,1.706736779,0.340967703386,10.2325874553,2.62581505928,0.173983841417,0.990363349998,3.15902366054,1.0,613.700504185,0.923389637908
288,0.361983870468,0.723323569301,65.6753581221,1.70720722161,0.341026431098,10.2528830641,2.62819226537,0.174028612613,0.99040546667,3.15904515471,1.0,613.701573187,0.924939104271
289,0.363240758907,0.723448589171,65.6682561528,1.7076776301,0.3410853744,10.2732058548,2.63056255717,0.174073555824,0.990447633105,3.15906624878,1.0,613.702645741,0.926492435513
290,0.364497647346,0.723574066565,65.6611298888,1.70814800435,0.341144533412,10.2935556342,2.63292596646,0.174118671228,0.990489848325,3.15908694151,1.0,613.703721846,0.928049624942
291,0.365754535785,0.723700001737,65.6539793333,1.70861834422,0.341203908253,10.3139322107,2.63528252493,0.174163959004,0.990532111348,3.15910723166,1.0,613.7048015,0.929610665935
292,0.367011424224,0.723826394945,65.6468044899,1.7090886496,0.341263499044,10.3343353935,2.63763226417,0.174209419331,0.990574421191,3.159127118,1.0,613.705884701,0.931175551937
293,0.368268312663,0.723953246444,65.6396053619,1.70955892034,0.341323305907,10.3547649933,2.63997521569,0.174255052388,0.990616776865,3.1591465993,1.0,613.706971448,0.932744276464
294,0.369525201102,0.724080556494,65.6323819525,1.71002915633,0.341383328964,10.3752208219,2.64231141087,0.174300858357,0.99065917738,3.15916567432,1.0,613.708061738,0.934316833102
295,0.370782089542,0.724208325354,65.6251342654,1.71049935743,0.341443568336,10.3957026921,2.64464088102,0.174346837419,0.990701621742,3.15918434183,1.0,613.70915557,0.935893215506
296,0.372038977981,0.724336553284,65.6178623037,1.71096952351,0.341504024147,10.4162104182,2.64696365733,0.174392989757,0.990744108957,3.15920260059,1.0,613.710252942,0.937473417402
297,0.37329586642,0.724465240544,65.6105660711,1.71143965445,0.341564696519,10.4367438153,2.64927977089,0.174439315552,0.990786638023,3.15922044937,1.0,613.711353852,0.939057432585
298,0.374552754859,0.724594387398,65.6032455708,1.71190975011,0.341625585576,10.4573027,2.65158925271,0.17448581499,0.990829207941,3.15923788696,1.0,613.7124583,0.940645254923
299,0.375809643298,0.724723994108,65.5959008063,1.71237981038,0.341686691443,10.4778868898,2.65389213365,0.174532488254,0.990871817704,3.15925491211,1.0,613.713566282,0.942236878349
300,0.377066531737,0.724854060938,65.5885317812,1.71284983511,0.341748014242,10.4984962035,2.65618844452,0.174579335529,0.990914466306,3.15927152361,1.0,613.714677797,0.943832296871
301,0.378323420176,0.724984588153,65.5811384988,1.71331982419,0.3418095541,10.5191304609,2.65847821598,0.174626357003,0.990957152736,3.15928772022,1.0,613.715792844,0.945431504566
302,0.379580308615,0.725115576018,65.5737209626,1.71378977747,0.341871311142,10.539789483,2.66076147861,0.174673552862,0.990999875979,3.15930350073,1.0,613.71691142,0.94703449558
303,0.380837197054,0.725247024802,65.5662791762,1.71425969483,0.341933285494,10.5604730919,2.66303826288,0.174720923293,0.991042635021,3.15931886392,1.0,613.718033524,0.948641264131
304,0.382094085494,0.725378934771,65.5588131429,1.71472957615,0.341995477281,10.581181111,2.66530859913,0.174768468485,0.991085428841,3.15933380855,1.0,613.719159154,0.950251804507
305,0.383350973933,0.725511306195,65.5513228664,1.71519942129,0.342057886631,10.6019133644,2.66757251763,0.174816188628,0.991128256418,3.15934833341,1.0,613.720288308,0.951866111066
306,0.384607862372,0.725644139343,65.5438083502,1.71566923012,0.342120513671,10.6226696777,2.66983004851,0.174864083911,0.991171116727,3.15936243729,1.0,613.721420985,0.953484178238
307,0.385864750811,0.725777434486,65.5362695977,1.71613900251,0.342183358528,10.6434498775,2.67208122181,0.174912154524,0.99121400874,3.15937611896,1.0,613.722557182,0.955106000522
308,0.38712163925,0.725911191896,65.5287066126,1.71660873834,0.342246421331,10.6642537913,2.67432606744,0.17496040066,0.991256931428,3.15938937721,1.0,613.723696898,0.956731572489
309,0.388378527689,0.726045411846,65.5211193984,1.71707843747,0.342309702208,10.6850812478,2.67656461522,0.175008822511,0.991299883755,3.15940221082,1.0,613.724840131,0.95836088878
310,0.389635416128,0.726180094608,65.5135079586,1.71754809977,0.342373201288,10.7059320769,2.67879689485,0.175057420271,0.991342864687,3.15941461858,1.0,613.725986879,0.959993944107
311,0.390892304567,0.726315240459,65.5058722969,1.71801772511,0.342436918701,10.7268061095,2.68102293592,0.175106194132,0.991385873183,3.15942659928,1.0,613.72713714,0.961630733254
312,0.392149193007,0.726450849673,65.4982124168,1.71848731336,0.342500854577,10.7477031774,2.68324276789,0.17515514429,0.991428908203,3.15943815171,1.0,613.728290913,0.963271251075
313,0.393406081446,0.726586922527,65.490528322,1.7189568644,0.342565009046,10.7686231136,2.68545642014,0.17520427094,0.991471968702,3.15944927465,1.0,613.729448195,0.964915492493
314,0.394662969885,0.726723459299,65.4828200161,1.71942637808,0.342629382238,10.7895657521,2.68766392192,0.17525357428,0.991515053631,3.1594599669,1.0,613.730608985,0.966563452505
315,0.395919858324,0.726860460267,65.4750875026,1.71989585429,0.341966386245,10.8105309281,2.68986530236,0.174922286638,0.991575746614,3.15943195018,1.0,613.722796585,0.969664942142
316,0.397176746763,0.72699792571,65.4673307852,1.72036529288,0.342031059677,10.8315184777,2.69206059049,0.174971800316,0.991618785307,3.15944175805,1.0,613.723966099,0.971315197718
317,0.398433635202,0.72713585591,65.4595498677,1.72083469374,0.342095951763,10.8525282379,2.69424981521,0.175021490744,0.991661845243,3.15945113254,1.0,613.725139121,0.972969157429
318,0.399690523641,0.727274251148,65.4517447536,1.72130405672,0.342161062635,10.8735600469,2.69643300532,0.175071358119,0.991704925366,3.15946007245,1.0,613.726315649,0.974626816582
319,0.40094741208,0.727413111706,65.4439154466,1.72177338169,0.342226392427,10.8946137439,2.69861018949,0.175121402643,0.991748024616,3.15946857659,1.0,613.72749568,0.976288170551
320,0.40220430052,0.727552437867,65.4360619504,1.72224266853,0.342291941272,10.9156891691,2.7007813963,0.175171624514,0.991791141931,3.15947664374,1.0,613.728679212,0.977953214783
321,0.403461188959,0.727692229917,65.4281842687,1.72271191711,0.342357709303,10.9367861638,2.70294665418,0.175222023935,0.991834276247,3.15948427271,1.0,613.729866245,0.979621944796
322,0.404718077398,0.72783248814,65.4202824053,1.72318112728,0.342423696655,10.9579045699,2.70510599148,0.175272601107,0.991877426497,3.15949146232,1.0,613.731056775,0.981294356175
323,0.405974965837,0.727973212822,65.4123563637,1.72365029892,0.342489903463,10.9790442309,2.7072594364,0.175323356233,0.991920591609,3.15949821136,1.0,613.732250801,0.982970444581
324,0.407231854276,0.728114404252,65.4044061479,1.72411943191,0.342556329861,11.0002049907,2.70940701704,0.175374289517,0.991963770511,3.15950451863,1.0,613.733448322,0.984650205741
325,0.408488742715,0.728256062718,65.3964317614,1.7245885261,0.342622975986,11.0213866946,2.7115487614,0.175425401163,0.992006962127,3.15951038296,1.0,613.734649334,0.986333635456
326,0.409745631154,0.728398188509,65.3884332082,1.72505758136,0.342689841974,11.0425891887,2.71368469733,0.175476691376,0.992050165378,3.15951580313,1.0,613.735853837,0.988020729597
327,0.411002519593,0.728540781914,65.3804104919,1.72552659757,0.342756927961,11.0638123199,2.71581485258,0.175528160363,0.992093379184,3.15952077798,1.0,613.737061828,0.989711484105
328,0.412259408033,0.728683843227,65.3723636163,1.72599557458,0.342824234084,11.0850559365,2.71793925479,0.175579808329,0.992136602459,3.1595253063,1.0,613.738273306,0.991405894993
329,0.413516296472,0.728827372738,65.3642925852,1.72646451227,0.34289176048,11.1063198873,2.72005793146,0.175631635484,0.992179834119,3.1595293869,1.0,613.739488268,0.993103958345
330,0.414773184911,0.728971370742,65.3561974024,1.72693341051,0.342959507289,11.1276040223,2.72217091,0.175683642036,0.992223073072,3.15953301861,1.0,613.740706713,0.994805670314
331,0.41603007335,0.729115837532,65.3480780718,1.72740226916,0.343027474648,11.1489081924,2.72427821769,0.175735828193,0.992266318226,3.15953620024,1.0,613.741928638,0.996511027128
332,0.417286961789,0.729260773404,65.3399345971,1.72787108809,0.343095662695,11.1702322493,2.72637988168,0.175788194166,0.992309568487,3.1595389306,1.0,613.743154042,0.998220025082
333,0.418543850228,0.729406178654,65.3317669823,1.72833986717,0.343164071572,11.1915760458,2.72847592902,0.175840740167,0.992352822757,3.15954120851,1.0,613.744382923,0.999932660544
334,0.419800738667,0.729552053579,65.3235752311,1.72880860626,0.343232701417,11.2129394356,2.73056638663,0.175893466406,0.992396079935,3.15954303279,1.0,613.745615278,1.00164892995
335,0.421057627106,0.729698398478,65.3153593474,1.72927730524,0.34330155237,11.2343222733,2.73265128133,0.175946373097,0.992439338919,3.15954440225,1.0,613.746851106,1.00336882982
336,0.422314515546,0.729845213649,65.307119335,1.72974596396,0.343370624573,11.2557244142,2.7347306398,0.175999460453,0.992482598602,3.15954531573,1.0,613.748090405,1.00509235673
337,0.423571403985,0.729992499394,65.298855198,1.73021458229,0.343439918166,11.2771457148,2.73680448862,0.176052728688,0.992525857876,3.15954577203,1.0,613.749333173,1.00681950733
338,0.424828292424,0.730140256013,65.2905669401,1.73068316011,0.343509433293,11.2985860324,2.73887285424,0.176106178019,0.99256911563,3.15954576999,1.0,613.750579407,1.00855027834
339,0.426085180863,0.730288483809,65.2822545653,1.73115169728,0.343579170093,11.3200452251,2.74093576299,0.17615980866,0.992612370749,3.15954530843,1.0,613.751829107,1.01028466657
340,0.427342069302,0.730437183084,65.2739180775,1.73162019365,0.343649128711,11.341523152,2.74299324109,0.176213620828,0.992655622117,3.15954438617,1.0,613.753082269,1.01202266887
341,0.428598957741,0.730586354144,65.2655574806,1.73208864911,0.34371930929,11.3630196731,2.74504531464,0.176267614742,0.992698868615,3.15954300205,1.0,613.754338892,1.0137642822
342,0.42985584618,0.730735997293,65.2571727786,1.73255706352,0.343789711973,11.3845346491,2.74709200963,0.17632179062,0.992742109121,3.15954115488,1.0,613.755598974,1.01550950355
343,0.431112734619,0.730886112837,65.2487639755,1.73302543673,0.343860336903,11.4060679417,2.74913335192,0.176376148681,0.992785342509,3.15953884351,1.0,613.756862512,1.01725833
344,0.432369623059,0.731036701084,65.2403310751,1.73349376863,0.343931184227,11.4276194134,2.75116936725,0.176430689145,0.992828567653,3.15953606675,1.0,613.758129506,1.01901075872
345,0.433626511498,0.731187762343,65.2318740815,1.73396205907,0.344002254088,11.4491889277,2.75320008125,0.176485412235,0.992871783423,3.15953282344,1.0,613.759399952,1.02076678693
346,0.434883399937,0.731339296921,65.2233929987,1.73443030791,0.344073546633,11.4707763488,2.75522551944,0.176540318171,0.992914988686,3.15952911242,1.0,613.760673849,1.02252641192
347,0.436140288376,0.73149130513,65.2148878306,1.73489851503,0.344145062006,11.4923815417,2.7572457072,0.176595407177,0.992958182306,3.15952493252,1.0,613.761951195,1.02428963105
348,0.437397176815,0.731643787281,65.2063585813,1.7353666803,0.344216800356,11.5140043724,2.75926066982,0.176650679476,0.993001363146,3.15952028256,1.0,613.763231987,1.02605644178
349,0.438654065254,0.731796743686,65.1978052549,1.73583480356,0.344288761827,11.5356447077,2.76127043245,0.176706135293,0.993044530064,3.1595151614,1.0,613.764516224,1.02782684161
350,0.439910953693,0.731950174659,65.1892278552,1.7363028847,0.344360946569,11.557302415,2.76327502013,0.176761774853,0.993087681918,3.15950956786,1.0,613.765803903,1.02960082813
351,0.441167842132,0.732104080513,65.1806263865,1.73677092357,0.344433354729,11.5789773629,2.7652744578,0.176817598383,0.993130817562,3.15950350079,1.0,613.767095024,1.03137839898
352,0.442424730572,0.732258461563,65.1720008528,1.73723892004,0.344505986454,11.6006694205,2.76726877024,0.17687360611,0.993173935847,3.15949695903,1.0,613.768389582,1.03315955191
353,0.443681619011,0.732413318128,65.163351258,1.73770687398,0.344578841895,11.6223784579,2.76925798217,0.176929798261,0.993217035621,3.15948994141,1.0,613.769687577,1.0349442847
354,0.44493850745,0.732568650522,65.1546776064,1.73817478524,0.3446519212,11.6441043459,2.77124211814,0.176986175067,0.993260115732,3.15948244678,1.0,613.770989006,1.03673259523
355,0.446195395889,0.732724459066,65.145979902,1.7386426537,0.343991766608,11.6658469561,2.77322120263,0.17665584435,0.993317084153,3.15943617363,1.0,613.763351628,1.03976859685
356,0.447452284328,0.732880744078,65.1372581489,1.73911047922,0.34406513765,11.687606161,2.77519525996,0.176712425742,0.993360030216,3.15942774127,1.0,613.764661846,1.04155895946
357,0.448709172767,0.733037505879,65.1285123512,1.73957826166,0.344138732529,11.7093818337,2.77716431437,0.176769191914,0.993402953204,3.15941882945,1.0,613.765975497,1.04335289441
358,0.449966061206,0.733194744789,65.1197425132,1.74004600088,0.344212551397,11.7311738482,2.77912838997,0.176826143096,0.993445851957,3.15940943704,1.0,613.767292579,1.04515039986
359,0.451222949645,0.733352461132,65.1109486388,1.74051369675,0.344286594405,11.7529820794,2.78108751075,0.17688327952,0.99348872531,3.15939956287,1.0,613.768613089,1.04695147406
360,0.452479838085,0.733510655231,65.1021307323,1.74098134914,0.344360861705,11.7748064027,2.7830417006,0.176940601421,0.993531572096,3.1593892058,1.0,613.769937027,1.04875611531
361,0.453736726524,0.73366932741,65.0932887978,1.74144895791,0.344435353448,11.7966466945,2.78499098326,0.176998109032,0.993574391144,3.15937836469,1.0,613.771264389,1.05056432199
362,0.454993614963,0.733828477994,65.0844228395,1.74191652291,0.344510069789,11.8185028318,2.78693538241,0.177055802588,0.993617181284,3.15936703838,1.0,613.772595174,1.05237609254
363,0.456250503402,0.733988107311,65.0755328617,1.74238404402,0.344585010879,11.8403746925,2.78887492156,0.177113682325,0.993659941341,3.15935522573,1.0,613.773929379,1.0541914255
364,0.457507391841,0.734148215687,65.0666188684,1.74285152109,0.344660176874,11.862262155,2.79080962414,0.17717174848,0.993702670136,3.1593429256,1.0,613.775267003,1.05601031944
365,0.45876428028,0.734308803451,65.057680864,1.743318954,0.344735567926,11.8841650988,2.79273951346,0.177230001291,0.993745366491,3.15933013684,1.0,613.776608042,1.05783277305
366,0.460021168719,0.734469870933,65.0487188526,1.7437863426,0.344811184192,11.9060834039,2.7946646127,0.177288440996,0.993788029222,3.15931685831,1.0,613.777952496,1.05965878505
367,0.461278057158,0.734631418464,65.0397328385,1.74425368676,0.344887025825,11.928016951,2.79658494496,0.177347067835,0.993830657145,3.15930308888,1.0,613.779300362,1.06148835426
368,0.462534945598,0.734793446373,65.0307228259,1.74472098633,0.344963092982,11.9499656218,2.79850053319,0.177405882048,0.993873249072,3.1592888274,1.0,613.780651637,1.06332147957
369,0.463791834037,0.734955954996,65.0216888191,1.74518824118,0.345039385819,11.9719292983,2.80041140025,0.177464883876,0.993915803813,3.15927407273,1.0,613.78200632,1.06515815993
370,0.465048722476,0.735118944664,65.0126308224,1.74565545118,0.345115904492,11.9939078637,2.80231756887,0.177524073562,0.993958320175,3.15925882374,1.0,613.783364409,1.06699839436
371,0.466305610915,0.735282415713,65.00354884,1.74612261619,0.345192649158,12.0159012015,2.80421906169,0.177583451349,0.994000796963,3.15924307929,1.0,613.7847259,1.06884218197
372,0.467562499354,0.735446368479,64.9944428762,1.74658973606,0.345269619976,12.0379091961,2.80611590123,0.177643017481,0.994043232979,3.15922683825,1.0,613.786090793,1.07068952194
373,0.468819387793,0.735610803297,64.9853129354,1.74705681066,0.345346817103,12.0599317327,2.80800810987,0.177702772202,0.994085627024,3.15921009947,1.0,613.787459085,1.0725404135
374,0.470076276232,0.735775720507,64.9761590219,1.74752383985,0.345424240698,12.081968697,2.80989570993,0.177762715759,0.994127977893,3.15919286184,1.0,613.788830773,1.07439485598
375,0.471333164671,0.735941120446,64.9669811399,1.7479908235,0.34550189092,12.1040199755,2.81177872358,0.177822848398,0.994170284382,3.15917512421,1.0,613.790205856,1.07625284878
376,0.472590053111,0.736107003455,64.9577792939,1.74845776146,0.345579767928,12.1260854554,2.81365717288,0.177883170368,0.994212545284,3.15915688545,1.0,613.791584331,1.07811439135
377,0.47384694155,0.736273369874,64.9485534882,1.7489246536,0.345657871882,12.1481650245,2.81553107981,0.177943681916,0.994254759386,3.15913814445,1.0,613.792966197,1.07997948324
378,0.475103829989,0.736440220045,64.9393037272,1.74939149978,0.345736202944,12.1702585713,2.81740046621,0.178004383292,0.994296925478,3.15911890006,1.0,613.79435145,1.08184812406
379,0.476360718428,0.736607554311,64.9300300151,1.74985829985,0.345814761273,12.1923659851,2.81926535382,0.178065274747,0.994339042342,3.15909915116,1.0,613.795740089,1.08372031349
380,0.477617606867,0.736775373016,64.9207323565,1.75032505369,0.345893547031,12.2144871558,2.82112576428,0.178126356532,0.994381108762,3.15907889662,1.0,613.797132112,1.0855960513
381,0.478874495306,0.736943676506,64.9114107558,1.75079176114,0.345972560381,12.2366219737,2.8229817191,0.1781876289,0.994423123517,3.15905813532,1.0,613.798527515,1.0874753373
382,0.480131383745,0.737112465125,64.9020652173,1.75125842208,0.346051801485,12.2587703303,2.8248332397,0.178249092103,0.994465085384,3.15903686614,1.0,613.799926298,1.08935817142
383,0.481388272184,0.737281739222,64.8926957454,1.75172503635,0.346131270505,12.2809321173,2.82668034739,0.178310746395,0.994506993137,3.15901508794,1.0,613.801328458,1.09124455363
384,0.482645160624,0.737451499144,64.8833023447,1.75219160383,0.346210967606,12.3031072272,2.82852306336,0.178372592033,0.994548845549,3.15899279962,1.0,613.802733992,1.09313448398
385,0.483902049063,0.737621745241,64.8738850195,1.75265812438,0.346290892951,12.3252955532,2.8303614087,0.178434629272,0.99459064139,3.15897000004,1.0,613.804142899,1.09502796261
386,0.485158937502,0.737792477863,64.8644437743,1.75312459784,0.346371046704,12.3474969891,2.83219540439,0.178496858369,0.994632379426,3.15894668809,1.0,613.805555176,1.0969249897
387,0.486415825941,0.73796369736,64.8549786136,1.75359102409,0.346451429031,12.3697114293,2.83402507131,0.178559279582,0.994674058423,3.15892286265,1.0,613.80697082,1.09882556555
388,0.48767271438,0.738135404086,64.8454895418,1.75405740298,0.346532040096,12.3919387689,2.83585043023,0.178621893169,0.994715677142,3.1588985226,1.0,613.80838983,1.10072969049
389,0.488929602819,0.738307598393,64.8359765635,1.75452373437,0.346612880066,12.4141789036,2.83767150181,0.178684699392,0.994757234344,3.15887366682,1.0,613.809812204,1.10263736496
390,0.490186491258,0.738480280636,64.8264396832,1.75499001813,0.345954729614,12.4364317296,2.8394883066,0.178354725294,0.994809502166,3.15881131165,1.0,613.802328044,1.10561405145
391,0.491443379697,0.738653451171,64.8168789054,1.7554562541,0.346035854549,12.458697144,2.84130086507,0.178417731964,0.994850845214,3.15878547809,1.0,613.803759247,1.1075237553
392,0.492700268137,0.738827110354,64.8072942346,1.75592244216,0.3461172084,12.4809750442,2.84310919755,0.178480931452,0.994892123166,3.15875912657,1.0,613.805193811,1.10943701067
393,0.493957156576,0.739001258542,64.7976856753,1.75638858215,0.346198791336,12.5032653284,2.84491332429,0.178544324021,0.994933334774,3.15873225596,1.0,613.806631735,1.11135381828
394,0.495214045015,0.739175896095,64.7880532322,1.75685467394,0.346280603522,12.5255678955,2.84671326543,0.178607909936,0.994974478789,3.15870486517,1.0,613.808073015,1.11327417892
395,0.496470933454,0.739351023371,64.7783969097,1.75732071739,0.346362645129,12.5478826447,2.848509041,0.17867168946,0.995015553959,3.15867695308,1.0,613.80951765,1.11519809344
396,0.497727821893,0.739526640732,64.7687167126,1.75778671236,0.346444916325,12.570209476,2.85030067093,0.17873566286,0.995056559028,3.15864851859,1.0,613.810965637,1.11712556278
397,0.498984710332,0.739702748538,64.7590126452,1.7582526587,0.34652741728,12.59254829,2.85208817505,0.1787998304,0.99509749274,3.15861956059,1.0,613.812416974,1.11905658794
398,0.500241598771,0.739879347154,64.7492847123,1.75871855627,0.346610148163,12.6148989879,2.85387157308,0.17886419235,0.995138353835,3.15859007798,1.0,613.813871658,1.12099117002
399,0.50149848721,0.740056436943,64.7395329185,1.75918440493,0.346693109145,12.6372614713,2.85565088466,0.178928748977,0.995179141052,3.15856006964,1.0,613.815329688,1.12292931016
400,0.502755375649,0.74023401827,64.7297572683,1.75965020454,0.346776300397,12.6596356425,2.85742612929,0.178993500551,0.995219853125,3.15852953448,1.0,613.816791061,1.12487100961
401,0.504012264089,0.7404120915,64.7199577665,1.76011595496,0.346859722091,12.6820214046,2.85919732641,0.179058447341,0.995260488789,3.1584984714,1.0,613.818255775,1.12681626968
402,0.505269152528,0.740590657002,64.7101344176,1.76058165604,0.346943374398,12.7044186608,2.86096449532,0.17912358962,0.995301046775,3.15846687928,1.0,613.819723826,1.12876509174
403,0.506526040967,0.740769715142,64.7002872264,1.76104730765,0.34702725749,12.7268273153,2.86272765525,0.17918892766,0.99534152581,3.15843475704,1.0,613.821195214,1.13071747727
404,0.507782929406,0.740949266291,64.6904161975,1.76151290963,0.347111371542,12.7492472726,2.86448682532,0.179254461734,0.995381924621,3.15840210356,1.0,613.822669935,1.1326734278
405,0.509039817845,0.741129310818,64.6805213356,1.76197846185,0.347195716726,12.7716784379,2.86624202455,0.179320192116,0.995422241932,3.15836891776,1.0,613.824147988,1.13463294494
406,0.510296706284,0.741309849094,64.6706026453,1.76244396417,0.347280293216,12.7941207168,2.86799327185,0.179386119082,0.995462476463,3.15833519853,1.0,613.825629369,1.13659603039
407,0.511553594723,0.741490881493,64.6606601315,1.76290941643,0.347365101186,12.8165740158,2.86974058604,0.179452242907,0.995502626935,3.15830094478,1.0,613.827114077,1.13856268592
408,0.512810483162,0.741672408387,64.6506937987,1.7633748185,0.347450140813,12.8390382414,2.87148398586,0.17951856387,0.995542692064,3.1582661554,1.0,613.828602109,1.14053291336
409,0.514067371602,0.741854430152,64.6407036518,1.76384017024,0.34753541227,12.8615133012,2.87322348991,0.179585082248,0.995582670564,3.15823082932,1.0,613.830093463,1.14250671463
410,0.515324260041,0.742036947162,64.6306896955,1.7643054715,0.347620915734,12.883999103,2.87495911674,0.17965179832,0.995622561147,3.15819496542,1.0,613.831588136,1.14448409174
411,0.51658114848,0.742219959794,64.6206519345,1.76477072213,0.347706651381,12.9064955552,2.87669088477,0.179718712368,0.995662362522,3.15815856263,1.0,613.833086127,1.14646504676
412,0.517838036919,0.742403468426,64.6105903736,1.765235922,0.347792619389,12.9290025667,2.87841881233,0.179785824671,0.995702073398,3.15812161983,1.0,613.834587432,1.14844958185
413,0.519094925358,0.742587473437,64.6005050176,1.76570107096,0.347878819935,12.9515200472,2.88014291766,0.179853135514,0.995741692477,3.15808413595,1.0,613.836092049,1.15043769922
414,0.520351813797,0.742771975207,64.5903958713,1.76616616886,0.347965253197,12.9740479065,2.8818632189,0.179920645177,0.995781218465,3.1580461099,1.0,613.837599976,1.1524294012
415,0.521608702236,0.742956974117,64.5802629395,1.76663121556,0.348051919352,12.9965860552,2.8835797341,0.179988353947,0.995820650059,3.15800754058,1.0,613.83911121,1.15442469016
416,0.522865590675,0.743142470548,64.5701062269,1.76709621092,0.348138818581,13.0191344044,2.8852924812,0.180056262109,0.995859985959,3.1579684269,1.0,613.840625749,1.15642356857
417,0.524122479115,0.743328464883,64.5599257384,1.76756115479,0.348225951063,13.0416928656,2.88700147806,0.180124369948,0.99589922486,3.15792876778,1.0,613.842143591,1.15842603897
418,0.525379367554,0.743514957508,64.5497214789,1.76802604702,0.348313316977,13.0642613508,2.88870674244,0.180192677752,0.995938365456,3.15788856213,1.0,613.843664734,1.16043210399
419,0.526636255993,0.743701948807,64.5394934532,1.76849088748,0.348400916504,13.0868397728,2.89040829202,0.18026118581,0.995977406436,3.15784780886,1.0,613.845189173,1.16244176632
420,0.527893144432,0.743889439166,64.5292416662,1.76895567601,0.348488749826,13.1094280445,2.89210614435,0.180329894411,0.99601634649,3.1578065069,1.0,613.846716909,1.16445502874
421,0.529150032871,0.744077428973,64.5189661227,1.76942041248,0.348576817123,13.1320260796,2.89380031694,0.180398803846,0.996055184304,3.15776465514,1.0,613.848247937,1.16647189412
422,0.53040692131,0.744265918616,64.5086668276,1.76988509673,0.347920107655,13.154633792,2.89549082716,0.180068758118,0.99610198754,3.15768765419,1.0,613.84090432,1.16939526403
423,0.531663809749,0.744454908486,64.4983437858,1.77034972862,0.34800845427,13.1772510965,2.89717769231,0.180137864953,0.996140535858,3.15764479308,1.0,613.842444203,1.1714142795
424,0.532920698188,0.744644398972,64.4879970022,1.77081430801,0.348097034908,13.1998779079,2.8988609296,0.180207172863,0.996178978223,3.15760138011,1.0,613.843987375,1.17343690658
425,0.534177586628,0.744834390467,64.4776264818,1.77127883475,0.348185849751,13.222514142,2.90054055615,0.18027668214,0.996217313315,3.1575574142,1.0,613.845533836,1.17546314843
426,0.535434475067,0.745024883363,64.4672322295,1.77174330868,0.348274898982,13.2451597146,2.90221658897,0.180346393079,0.996255539812,3.15751289428,1.0,613.847083583,1.17749300827
427,0.536691363506,0.745215878054,64.4568142501,1.77220772968,0.348364182787,13.2678145424,2.903889045,0.180416305976,0.996293656389,3.15746781926,1.0,613.848636612,1.17952648941
428,0.537948251945,0.745407374935,64.4463725488,1.77267209758,0.348453701349,13.2904785422,2.90555794108,0.180486421126,0.996331661719,3.15742218808,1.0,613.850192922,1.18156359526
429,0.539205140384,0.745599374403,64.4359071304,1.77313641225,0.348543454854,13.3131516315,2.90722329396,0.180556738829,0.996369554473,3.15737599965,1.0,613.851752509,1.18360432928
430,0.540462028823,0.745791876854,64.4254179999,1.77360067353,0.348633443487,13.3358337282,2.90888512032,0.180627259381,0.996407333319,3.1573292529,1.0,613.853315373,1.18564869502
431,0.541718917262,0.745984882687,64.4149051623,1.77406488128,0.348723667435,13.3585247508,2.91054343672,0.180697983083,0.996444996924,3.15728194675,1.0,613.854881509,1.18769669613
432,0.542975805701,0.746178392301,64.4043686226,1.77452903536,0.348814126885,13.381224618,2.91219825967,0.180768910236,0.996482543951,3.15723408014,1.0,613.856450916,1.18974833633
433,0.544232694141,0.746372406097,64.3938083858,1.77499313561,0.348904822023,13.4039332491,2.91384960554,0.180840041142,0.996519973063,3.15718565199,1.0,613.858023591,1.19180361941
434,0.54548958258,0.746566924477,64.383224457,1.77545718189,0.348995753037,13.4266505639,2.91549749067,0.180911376102,0.996557282918,3.15713666123,1.0,613.859599531,1.19386254925
435,0.546746471019,0.746761947842,64.3726168412,1.77592117405,0.349086920116,13.4493764826,2.91714193127,0.180982915423,0.996594472175,3.15708710679,1.0,613.861178734,1.19592512982
436,0.548003359458,0.746957476597,64.3619855434,1.77638511194,0.349178323448,13.4721109258,2.91878294349,0.181054659407,0.996631539488,3.15703698759,1.0,613.862761198,1.19799136517
437,0.549260247897,0.747153511147,64.3513305687,1.77684899541,0.349269963222,13.4948538147,2.92042054337,0.181126608362,0.996668483511,3.15698630257,1.0,613.86434692,1.20006125942
438,0.550517136336,0.747350051898,64.3406519222,1.77731282432,0.349361839629,13.5176050707,2.9220547469,0.181198762595,0.996705302893,3.15693505067,1.0,613.865935897,1.20213481679
439,0.551774024775,0.747547099256,64.329949609,1.77777659852,0.349453952859,13.5403646158,2.92368556994,0.181271122414,0.996741996283,3.15688323081,1.0,613.867528128,1.20421204158
440,0.553030913214,0.747744653631,64.3192236341,1.77824031786,0.349546303102,13.5631323725,2.9253130283,0.181343688127,0.996778562327,3.15683084192,1.0,613.869123608,1.20629293817
441,0.554287801654,0.74794271543,64.3084740027,1.77870398218,0.34963889055,13.5859082635,2.9269371377,0.181416460047,0.99681499967,3.15677788294,1.0,613.870722336,1.20837751102
442,0.555544690093,0.748141285066,64.2977007199,1.77916759135,0.349731715394,13.6086922122,2.92855791375,0.181489438484,0.996851306953,3.15672435281,1.0,613.87232431,1.21046576468
443,0.556801578532,0.748340362948,64.2869037908,1.77963114522,0.349824777828,13.6314841422,2.93017537202,0.18156262375,0.996887482816,3.15667025046,1.0,613.873929526,1.21255770379
444,0.558058466971,0.748539949491,64.2760832206,1.78009464362,0.349918078043,13.6542839777,2.93178952796,0.18163601616,0.996923525895,3.15661557482,1.0,613.875537983,1.21465333306
445,0.55931535541,0.748740045107,64.2652390144,1.78055808642,0.350011616234,13.6770916432,2.93340039695,0.181709616029,0.996959434827,3.15656032483,1.0,613.877149677,1.21675265731
446,0.560572243849,0.748940650211,64.2543711773,1.78102147347,0.350105392594,13.6999070636,2.9350079943,0.181783423671,0.996995208245,3.15650449943,1.0,613.878764606,1.21885568142
447,0.561829132288,0.74914176522,64.2434797147,1.78148480461,0.350199407318,13.7227301643,2.93661233522,0.181857439405,0.997030844778,3.15644809756,1.0,613.880382767,1.22096241037
448,0.563086020727,0.74934339055,64.2325646316,1.7819480797,0.350293660601,13.7455608711,2.93821343484,0.181931663549,0.997066343057,3.15639111815,1.0,613.882004158,1.22307284922
449,0.564342909167,0.74954552662,64.2216259333,1.78241129858,0.350388152637,13.7683991102,2.93981130822,0.182006096421,0.997101701706,3.15633356015,1.0,613.883628777,1.22518700312
450,0.565599797606,0.749748173849,64.210663625,1.7828744611,0.350482883624,13.7912448082,2.94140597034,0.182080738342,0.997136919351,3.1562754225,1.0,613.88525662,1.22730487732
451,0.566856686045,0.749951332657,64.1996777119,1.78333756712,0.34982715173,13.814097892,2.94299743608,0.181750289071,0.997177821821,3.15618530174,1.0,613.878039776,1.23018203455
452,0.568113574484,0.750155003466,64.1886681992,1.78380061649,0.349922157332,13.836958289,2.94458572027,0.18182512622,0.997212680371,3.15612613002,1.0,613.879676486,1.23230228162
453,0.569370462923,0.750359186699,64.1776350922,1.78426360904,0.350017401963,13.8598259271,2.94617083763,0.181900172713,0.997247394098,3.1560663767,1.0,613.881316418,1.23442626388
454,0.570627351362,0.750563882779,64.1665783963,1.78472654464,0.350112885821,13.8827007344,2.94775280283,0.181975428873,0.997281961621,3.15600604074,1.0,613.882959569,1.23655398688
455,0.571884239801,0.750769092131,64.1554981165,1.78518942313,0.350208609102,13.9055826395,2.94933163043,0.182050895024,0.997316381556,3.15594512107,1.0,613.884605937,1.23868545627
456,0.57314112824,0.750974815182,64.1443942583,1.78565224436,0.350304572007,13.9284715713,2.95090733495,0.182126571493,0.997350652517,3.15588361665,1.0,613.886255518,1.24082067778
457,0.57439801668,0.751181052358,64.1332668269,1.78611500818,0.350400774733,13.9513674593,2.95247993081,0.182202458606,0.997384773116,3.15582152642,1.0,613.887908311,1.24295965723
458,0.575654905119,0.751387804088,64.1221158277,1.78657771443,0.350497217482,13.974270233,2.95404943234,0.182278556692,0.997418741963,3.15575884933,1.0,613.889564312,1.24510240054
459,0.576911793558,0.751595070801,64.1109412659,1.78704036297,0.350593900454,13.9971798227,2.95561585381,0.182354866078,0.997452557666,3.15569558432,1.0,613.891223518,1.2472489137
460,0.578168681997,0.751802852928,64.0997431469,1.78750295364,0.350690823848,14.0200961588,2.95717920943,0.182431387097,0.997486218831,3.15563173035,1.0,613.892885928,1.24939920281
461,0.579425570436,0.7520111509,64.0885214761,1.78796548629,0.350787987867,14.0430191722,2.95873951329,0.182508120078,0.997519724061,3.15556728636,1.0,613.894551539,1.25155327405
462,0.580682458875,0.75221996515,64.0772762587,1.78842796077,0.350885392713,14.065948794,2.96029677945,0.182585065356,0.997553071958,3.1555022513,1.0,613.896220347,1.2537111337
463,0.581939347314,0.752429296113,64.0660075003,1.78889037693,0.350983038587,14.088884956,2.96185102187,0.182662223263,0.997586261122,3.15543662413,1.0,613.897892351,1.25587278812
464,0.583196235753,0.752639144222,64.0547152061,1.7893527346,0.351080925693,14.11182759,2.96340225443,0.182739594134,0.997619290149,3.15537040379,1.0,613.899567547,1.25803824378
465,0.584453124193,0.752849509915,64.0433993815,1.78981503365,0.351179054234,14.1347766284,2.96495049096,0.182817178306,0.997652157635,3.15530358924,1.0,613.901245933,1.26020750723
466,0.585710012632,0.753060393629,64.032060032,1.79027727391,0.351277424415,14.1577320039,2.96649574519,0.182894976116,0.997684862172,3.15523617943,1.0,613.902927507,1.26238058511
467,0.586966901071,0.753271795802,64.020697163,1.79073945524,0.35137603644,14.1806936496,2.9680380308,0.182972987902,0.997717402353,3.15516817331,1.0,613.904612265,1.26455748416
468,0.58822378951,0.753483716873,64.0093107799,1.79120157747,0.351474890513,14.2036614987,2.96957736137,0.183051214003,0.997749776766,3.15509956983,1.0,613.906300204,1.26673821123
469,0.589480677949,0.753696157284,63.9979008881,1.79166364046,0.351573986841,14.2266354852,2.97111375043,0.183129654761,0.997781983997,3.15503036795,1.0,613.907991323,1.26892277324
470,0.590737566388,0.753909117477,63.9864674931,1.79212564405,0.35167332563,14.2496155431,2.97264721143,0.183208310517,0.997814022633,3.15496056662,1.0,613.909685619,1.27111117721
471,0.591994454827,0.754122597894,63.9750106004,1.79258758809,0.351772907085,14.2726016068,2.97417775775,0.183287181615,0.997845891255,3.15489016479,1.0,613.911383088,1.27330343026
472,0.593251343266,0.75433659898,63.9635302155,1.79304947242,0.351872731416,14.2955936112,2.97570540269,0.183366268398,0.997877588444,3.15481916143,1.0,613.913083728,1.27549953962
473,0.594508231706,0.75455112118,63.9520263438,1.79351129689,0.351972798828,14.3185914915,2.97723015948,0.183445571213,0.997909112778,3.15474755549,1.0,613.914787536,1.2776995126
474,0.595765120145,0.75476616494,63.9404989908,1.79397306135,0.352073109531,14.341595183,2.97875204129,0.183525090406,0.997940462836,3.15467534592,1.0,613.91649451,1.2799033566
475,0.597022008584,0.754981730708,63.928948162,1.79443476563,0.352173663733,14.3646046216,2.98027106122,0.183604826324,0.99797163719,3.15460253168,1.0,613.918204647,1.28211107914
476,0.598278897023,0.755197818933,63.9173738631,1.79489640959,0.352274461644,14.3876197436,2.98178723228,0.183684779317,0.998002634414,3.15452911173,1.0,613.919917944,1.28432268782
477,0.599535785462,0.755414430065,63.9057760994,1.79535799307,0.352375503474,14.4106404854,2.98330056744,0.183764949736,0.998033453077,3.15445508502,1.0,613.921634399,1.28653819036
478,0.600792673901,0.755631564555,63.8941548766,1.79581951591,0.351720401486,14.4336667837,2.98481107957,0.183433829663,0.99806807098,3.15435295652,1.0,613.914535364,1.28937519479
479,0.60204956234,0.755849222855,63.8825102002,1.79628097795,0.351821713908,14.4566985759,2.98631878148,0.183514193802,0.998098464922,3.15427787578,1.0,613.916260689,1.29159337731
480,0.603306450779,0.756067405418,63.8708420759,1.79674237905,0.351923270356,14.4797357994,2.98782368593,0.183594775713,0.998128676401,3.15420218645,1.0,613.917989169,1.29381547489
481,0.604563339219,0.7562861127,63.8591505091,1.79720371905,0.352025071043,14.5027783919,2.9893258056,0.183675575751,0.998158703981,3.1541258875,1.0,613.919720799,1.29604149559
482,0.605820227658,0.756505345155,63.8474355054,1.79766499778,0.35212711618,14.5258262916,2.99082515309,0.183756594269,0.998188546225,3.1540489779,1.0,613.921455578,1.29827144757
483,0.607077116097,0.75672510324,63.8356970706,1.7981262151,0.352229405979,14.548879437,2.99232174095,0.183837831624,0.998218201695,3.15397145659,1.0,613.923193502,1.3005053391
484,0.608334004536,0.756945387414,63.8239352102,1.79858737084,0.352331940655,14.5719377669,2.99381558165,0.183919288173,0.99824766895,3.15389332255,1.0,613.924934569,1.30274317853
485,0.609590892975,0.757166198136,63.8121499298,1.79904846485,0.35243472042,14.5950012202,2.9953066876,0.184000964275,0.998276946547,3.15381457475,1.0,613.926678776,1.30498497434
486,0.610847781414,0.757387535866,63.8003412351,1.79950949698,0.35253774549,14.6180697366,2.99679507115,0.184082860289,0.998306033041,3.15373521213,1.0,613.928426121,1.30723073511
487,0.612104669853,0.757609401066,63.7885091317,1.79997046705,0.352641016078,14.6411432555,2.99828074458,0.184164976576,0.998334926986,3.15365523367,1.0,613.9301766,1.30948046951
488,0.613361558292,0.757831794197,63.7766536253,1.80043137493,0.352744532401,14.6642217171,2.99976372008,0.184247313499,0.998363626932,3.15357463834,1.0,613.93193021,1.31173418632
489,0.614618446732,0.758054715725,63.7647747217,1.80089222045,0.352848294673,14.6873050617,3.00124400982,0.18432987142,0.99839213143,3.15349342509,1.0,613.93368695,1.31399189443
490,0.615875335171,0.758278166114,63.7528724264,1.80135300345,0.352952303113,14.7103932299,3.00272162587,0.184412650706,0.998420439025,3.15341159289,1.0,613.935446815,1.31625360284
491,0.61713222361,0.75850214583,63.7409467452,1.80181372377,0.353056557935,14.7334861627,3.00419658025,0.18449565172,0.998448548265,3.15332914071,1.0,613.937209804,1.31851932065
492,0.618389112049,0.758726655341,63.7289976838,1.80227438126,0.353161059359,14.7565838013,3.0056688849,0.184578874832,0.998476457691,3.15324606751,1.0,613.938975913,1.32078905706
493,0.619646000488,0.758951695114,63.7170252479,1.80273497576,0.353265807602,14.7796860872,3.00713855173,0.184662320408,0.998504165845,3.15316237226,1.0,613.94074514,1.3230628214
494,0.620902888927,0.759177265621,63.7050294433,1.8031955071,0.353370802883,14.8027929622,3.00860559256,0.18474598882,0.998531671267,3.15307805393,1.0,613.942517482,1.3253406231
495,0.622159777366,0.759403367331,63.6930102757,1.80365597513,0.353476045421,14.8259043685,3.01007001914,0.184829880437,0.998558972494,3.15299311148,1.0,613.944292936,1.32762247168
496,0.623416665805,0.759630000716,63.680967751,1.8041163797,0.353581535435,14.8490202486,3.01153184318,0.184913995632,0.998586068063,3.15290754388,1.0,613.946071498,1.32990837679
497,0.624673554244,0.759857166251,63.6689018747,1.80457672063,0.353687273146,14.872140545,3.01299107631,0.184998334779,0.998612956505,3.1528213501,1.0,613.947853168,1.3321983482
498,0.625930442684,0.760084864408,63.6568126529,1.80503699778,0.353793258775,14.8952652009,3.01444773012,0.185082898252,0.998639636353,3.1527345291,1.0,613.94963794,1.33449239578
499,0.627187331123,0.760313095665,63.6447000911,1.80549721098,0.353899492543,14.9183941594,3.01590181611,0.185167686428,0.998666106138,3.15264707985,1.0,613.951425814,1.3367905295
500,0.628444219562,0.760541860497,63.6325641954,1.80595736008,0.354005974672,14.9415273641,3.01735334573,0.185252699683,0.998692364386,3.15255900133,1.0,613.953216785,1.33909275946
501,0.629701108001,0.760771159382,63.6204049714,1.8064174449,0.354112705385,14.964664759,3.01880233038,0.185337938396,0.998718409623,3.15247029249,1.0,613.955010851,1.34139909587
502,0.63095799644,0.7610009928,63.6082224251,1.8068774653,0.354219684904,14.9878062881,3.02024878139,0.185423402948,0.998744240374,3.15238095231,1.0,613.956808009,1.34370954906
503,0.632214884879,0.761231361231,63.5960165622,1.8073374211,0.354326913452,15.0109518958,3.02169271003,0.185509093719,0.99876985516,3.15229097976,1.0,613.958608256,1.34602412947
504,0.633471773318,0.761462265156,63.5837873887,1.80779731216,0.353672166773,15.0341015268,3.02313412751,0.185177055997,0.998797722625,3.15217753448,1.0,613.951623283,1.34882603554
505,0.634728661757,0.761693705059,63.5715349104,1.80825713831,0.353779662383,15.0572551261,3.02457304497,0.18526293954,0.998822848962,3.1520864911,1.0,613.953432396,1.35114369061
506,0.635985550197,0.761925681422,63.5592591331,1.80871689938,0.35388740716,15.0804126389,3.02600947352,0.185349049704,0.998847755359,3.15199481362,1.0,613.955244595,1.35346550098
507,0.637242438636,0.762158194731,63.5469600629,1.80917659523,0.35399540133,15.1035740106,3.02744342418,0.185435386873,0.998872440334,3.15190250099,1.0,613.957059875,1.35579147751
508,0.638499327075,0.762391245472,63.5346377055,1.80963622568,0.354103645117,15.1267391872,3.02887490793,0.185521951433,0.998896902403,3.1518095522,1.0,613.958878236,1.35812163116
509,0.639756215514,0.762624834133,63.522292067,1.81009579057,0.35421213875,15.1499081145,3.03030393568,0.185608743772,0.998921140078,3.15171596622,1.0,613.960699672,1.36045597302
510,0.641013103953,0.762858961202,63.5099231532,1.81055528974,0.354320882453,15.173080739,3.03173051829,0.185695764278,0.998945151872,3.15162174201,1.0,613.962524182,1.36279451432
511,0.642269992392,0.763093627169,63.4975309701,1.81101472303,0.354429876456,15.1962570071,3.03315466657,0.185783013342,0.998968936294,3.15152687855,1.0,613.964351763,1.36513726637
512,0.643526880831,0.763328832525,63.4851155236,1.81147409028,0.354539120986,15.2194368656,3.03457639125,0.185870491354,0.998992491853,3.15143137483,1.0,613.966182412,1.36748424064
513,0.64478376927,0.763564577763,63.4726768197,1.81193339132,0.354648616271,15.2426202618,3.03599570301,0.185958198708,0.999015817054,3.15133522979,1.0,613.968016125,1.36983544871
514,0.64604065771,0.763800863375,63.4602148645,1.812392626,0.354758362542,15.2658071429,3.0374126125,0.186046135798,0.999038910401,3.15123844243,1.0,613.9698529,1.37219090228
515,0.647297546149,0.764037689857,63.4477296638,1.81285179414,0.354868360027,15.2889974564,3.03882713028,0.186134303019,0.999061770397,3.15114101172,1.0,613.971692735,1.37455061319
516,0.648554434588,0.764275057704,63.4352212237,1.81331089559,0.354978608957,15.3121911504,3.04023926687,0.186222700767,0.999084395543,3.15104293662,1.0,613.973535625,1.37691459338
517,0.649811323027,0.764512967413,63.4226895503,1.81376993018,0.355089109562,15.3353881728,3.04164903273,0.186311329442,0.999106784336,3.15094421611,1.0,613.975381569,1.37928285495
518,0.651068211466,0.764751419482,63.4101346494,1.81422889774,0.355199862075,15.358588472,3.04305643826,0.186400189441,0.999128935274,3.15084484917,1.0,613.977230562,1.38165541011
519,0.652325099905,0.764990414412,63.3975565273,1.81468779812,0.355310866727,15.3817919967,3.04446149382,0.186489281167,0.999150846852,3.15074483477,1.0,613.979082603,1.3840322712
520,0.653581988344,0.765229952702,63.3849551899,1.81514663115,0.355422123751,15.4049986956,3.04586420971,0.18657860502,0.999172517563,3.15064417188,1.0,613.980937688,1.3864134507
521,0.654838876783,0.765470034854,63.3723306432,1.81560539667,0.355533633379,15.4282085179,3.04726459616,0.186668161406,0.999193945898,3.15054285948,1.0,613.982795814,1.3887989612
522,0.656095765223,0.765710661372,63.3596828934,1.8160640945,0.355645395846,15.451421413,3.04866266337,0.186757950728,0.999215130347,3.15044089654,1.0,613.984656979,1.39118881545
523,0.657352653662,0.76595183276,63.3470119466,1.81652272449,0.355757411385,15.4746373303,3.05005842146,0.186847973392,0.999236069397,3.15033828203,1.0,613.986521179,1.39358302631
524,0.658609542101,0.766193549523,63.3343178089,1.81698128647,0.355869680232,15.4978562198,3.05145188051,0.186938229808,0.999256761534,3.15023501493,1.0,613.988388412,1.39598160679
525,0.65986643054,0.766435812168,63.3216004863,1.81743978027,0.355982202622,15.5210780314,3.05284305057,0.187028720382,0.999277205242,3.15013109422,1.0,613.990258674,1.39838457003
526,0.661123318979,0.766678621203,63.308859985,1.81789820574,0.35609497879,15.5443027156,3.05423194159,0.187119445527,0.999297399004,3.15002651887,1.0,613.992131962,1.4007919293
527,0.662380207418,0.766921977137,63.2960963111,1.81835656269,0.356208008974,15.5675302227,3.0556185635,0.187210405653,0.9993173413,3.14992128784,1.0,613.994008274,1.40320369803
528,0.663637095857,0.767165880481,63.2833094709,1.81881485098,0.355553359602,15.5907605037,3.05700292618,0.186877269754,0.99933838672,3.14979766716,1.0,613.987127463,1.40597676282
529,0.664893984296,0.767410331746,63.2704994703,1.81927307042,0.355666653832,15.6139935095,3.05838503943,0.18696842217,0.999357781504,3.14969135183,1.0,613.98901263,1.40839206821
530,0.666150872736,0.767655331444,63.2576663157,1.81973122087,0.355780202241,15.6372291913,3.05976491302,0.187059810021,0.999376920792,3.14958437916,1.0,613.990900816,1.41081181855
531,0.667407761175,0.767900880091,63.2448100132,1.82018930214,0.355894005067,15.6604675006,3.06114255667,0.187151433723,0.999395803059,3.14947674813,1.0,613.992792018,1.41323602774
532,0.668664649614,0.768146978201,63.2319305689,1.82064731407,0.356008062549,15.6837083891,3.06251798005,0.187243293691,0.99941442678,3.14936845771,1.0,613.994686233,1.41566470984
533,0.669921538053,0.76839362629,63.2190279892,1.82110525649,0.356122374927,15.7069518087,3.06389119276,0.187335390345,0.999432790428,3.14925950689,1.0,613.996583458,1.41809787904
534,0.671178426492,0.768640824877,63.2061022802,1.82156312924,0.35623694244,15.7301977115,3.06526220436,0.187427724104,0.999450892473,3.14914989463,1.0,613.99848369,1.42053554966
535,0.672435314931,0.76888857448,63.1931534482,1.82202093215,0.35635176533,15.75344605,3.06663102438,0.187520295391,0.999468731384,3.14903961991,1.0,614.000386925,1.42297773618
536,0.67369220337,0.76913687562,63.1801814993,1.82247866506,0.356466843836,15.7766967767,3.06799766226,0.187613104626,0.99948630563,3.14892868171,1.0,614.002293162,1.42542445325
537,0.674949091809,0.769385728818,63.1671864399,1.82293632778,0.356582178201,15.7999498443,3.06936212743,0.187706152235,0.999503613674,3.14881707901,1.0,614.004202396,1.42787571564
538,0.676205980249,0.769635134597,63.1541682763,1.82339392016,0.356697768667,15.823205206,3.07072442925,0.187799438643,0.999520653982,3.14870481078,1.0,614.006114625,1.43033153828
539,0.677462868688,0.76988509348,63.1411270147,1.82385144203,0.356813615476,15.846462815,3.07208457703,0.187892964278,0.999537425015,3.148591876,1.0,614.008029845,1.43279193624
540,0.678719757127,0.770135605992,63.1280626613,1.82430889321,0.356929718873,15.8697226247,3.07344258003,0.187986729566,0.999553925234,3.14847827363,1.0,614.009948055,1.43525692477
541,0.679976645566,0.770386672661,63.1149752226,1.82476627355,0.357046079101,15.8929845889,3.07479844747,0.188080734939,0.999570153097,3.14836400267,1.0,614.011869249,1.43772651925
542,0.681233534005,0.770638294014,63.1018647048,1.82522358286,0.357162696405,15.9162486613,3.07615218853,0.188174980828,0.999586107061,3.14824906207,1.0,614.013793427,1.44020073523
543,0.682490422444,0.770890470579,63.0887311143,1.82568082099,0.357279571029,15.9395147961,3.07750381232,0.188269467665,0.999601785581,3.14813345083,1.0,614.015720584,1.4426795884
544,0.683747310883,0.771143202886,63.0755744573,1.82613798775,0.357396703219,15.9627829476,3.07885332792,0.188364195885,0.999617187112,3.14801716791,1.0,614.017650717,1.44516309464
545,0.685004199322,0.771396491467,63.0623947403,1.82659508298,0.357514093222,15.9860530703,3.08020074434,0.188459165923,0.999632310104,3.14790021228,1.0,614.019583823,1.44765126995
546,0.686261087762,0.771650336855,63.0491919697,1.82705210652,0.357631741285,16.009325119,3.08154607058,0.188554378217,0.999647153008,3.14778258293,1.0,614.0215199,1.45014413052
547,0.687517976201,0.771904739583,63.0359661517,1.82750905818,0.357749647655,16.0325990485,3.08288931556,0.188649833205,0.999661714272,3.14766427882,1.0,614.023458944,1.4526416927
548,0.68877486464,0.772159700187,63.0227172928,1.82796593781,0.357867812579,16.055874814,3.08423048816,0.188745531328,0.999675992342,3.14754529893,1.0,614.025400952,1.455143973
549,0.690031753079,0.772415219202,63.0094453995,1.82842274522,0.357986236307,16.0791523709,3.08556959723,0.188841473027,0.999689985665,3.14742564224,1.0,614.027345921,1.45765098809
550,0.691288641518,0.772671297167,62.996150478,1.82887948025,0.357331474352,16.1024316746,3.08690665156,0.188507108355,0.999704297488,3.14729296579,1.0,614.020558945,1.46040110386
551,0.692545529957,0.77292793462,62.9828325348,1.82933614272,0.35745015954,16.125712681,3.0882416599,0.188603242213,0.999717689133,3.14717221401,1.0,614.022512755,1.46291217528
552,0.693802418396,0.773185132101,62.9694915765,1.82979273247,0.357569103721,16.1489953459,3.08957463094,0.18869962015,0.999730791955,3.14705078381,1.0,614.02446952,1.4654280251
553,0.695059306835,0.773442890152,62.9561276093,1.83024924932,0.357688307144,16.1722796255,3.09090557335,0.188796242612,0.999743604397,3.14692867415,1.0,614.026429239,1.46794867058
554,0.696316195275,0.773701209315,62.9427406398,1.8307056931,0.35780777006,16.1955654761,3.09223449573,0.188893110046,0.999756124897,3.14680588402,1.0,614.028391907,1.47047412916
555,0.697573083714,0.773960090133,62.9293306745,1.83116206364,0.357927492721,16.2188528542,3.09356140666,0.1889902229,0.999768351893,3.14668241238,1.0,614.030357522,1.47300441844
556,0.698829972153,0.774219533154,62.9158977199,1.83161836076,0.358047475379,16.2421417166,3.09488631465,0.189087581625,0.999780283822,3.14655825822,1.0,614.03232608,1.47553955621
557,0.700086860592,0.774479538921,62.9024417824,1.8320745843,0.358167718286,16.2654320202,3.09620922818,0.189185186673,0.999791919117,3.14643342051,1.0,614.034297579,1.47807956044
558,0.701343749031,0.774740107984,62.8889628685,1.83253073407,0.358288221697,16.2887237221,3.09753015569,0.189283038496,0.999803256212,3.14630789821,1.0,614.036272015,1.48062444927
559,0.70260063747,0.775001240891,62.8754609848,1.83298680992,0.358408985864,16.3120167795,3.09884910557,0.18938113755,0.999814293537,3.14618169031,1.0,614.038249386,1.48317424103
560,0.703857525909,0.775262938192,62.8619361379,1.83344281165,0.358530011042,16.33531115,3.10016608616,0.189479484291,0.999825029522,3.14605479577,1.0,614.040229687,1.48572895423
561,0.705114414348,0.77552520044,62.8483883342,1.8338987391,0.358651297487,16.3586067912,3.10148110577,0.189578079176,0.999835462596,3.14592721358,1.0,614.042212916,1.48828860756
562,0.706371302788,0.775788028185,62.8348175803,1.8343545921,0.358772845454,16.381903661,3.10279417266,0.189676922665,0.999845591183,3.14579894269,1.0,614.04419907,1.49085321991
563,0.707628191227,0.776051421983,62.8212238829,1.83481037046,0.358894655198,16.4052017174,3.10410529505,0.18977601522,0.999855413709,3.14566998209,1.0,614.046188145,1.49342281035
564,0.708885079666,0.776315382389,62.8076072484,1.83526607403,0.359016726977,16.4285009187,3.10541448111,0.189875357302,0.999864928597,3.14554033075,1.0,614.048180138,1.49599739813
565,0.710141968105,0.776579909959,62.7939676835,1.83572170261,0.359139061049,16.4518012232,3.10672173898,0.189974949375,0.999874134268,3.14540998763,1.0,614.050175047,1.49857700272
566,0.711398856544,0.776845005252,62.7803051948,1.83617725604,0.359261657671,16.4751025895,3.10802707675,0.190074791906,0.999883029142,3.1452789517,1.0,614.052172868,1.50116164377
567,0.712655744983,0.777110668825,62.7666197889,1.83663273414,0.359384517101,16.4984049765,3.10933050247,0.190174885361,0.999891611637,3.14514722195,1.0,614.054173597,1.50375134111
568,0.713912633422,0.77737690124,62.7529114724,1.83708813673,0.359507639599,16.521708343,3.11063202415,0.190275230209,0.999899880169,3.14501479733,1.0,614.056177232,1.5063461148
569,0.715169521861,0.777643703059,62.7391802521,1.83754346364,0.359631025425,16.5450126482,3.11193164975,0.190375826921,0.999907833154,3.14488167681,1.0,614.058183769,1.50894598507
570,0.716426410301,0.777911074843,62.7254261345,1.83799871469,0.359754674839,16.5683178513,3.11322938721,0.190476675968,0.999915469004,3.14474785937,1.0,614.060193206,1.51155097239
571,0.71768329874,0.778179017158,62.7116491263,1.83845388971,0.359878588102,16.591623912,3.1145252444,0.190577777825,0.999922786132,3.14461334397,1.0,614.062205538,1.5141610974
572,0.718940187179,0.778447530569,62.6978492342,1.83890898852,0.359223538724,16.6149307897,3.11581922917,0.19024198068,0.999929925942,3.14447188354,1.0,614.055513557,1.51689265567
573,0.720197075618,0.778716615643,62.6840264649,1.83936401095,0.359347711116,16.6382384444,3.11711134933,0.190343274966,0.999936587233,3.14433626338,1.0,614.057534709,1.51950746856
574,0.721453964057,0.778986272947,62.6701808251,1.8398189568,0.359472147569,16.661546836,3.11840161265,0.190444822616,0.999942925692,3.14419994367,1.0,614.059558752,1.52212747263
575,0.722710852496,0.779256503051,62.6563123215,1.84027382592,0.359596848348,16.6848559247,3.11969002684,0.190546624108,0.999948939726,3.14406292339,1.0,614.061585683,1.52475268927
576,0.723967740935,0.779527306527,62.6424209608,1.84072861812,0.359721813716,16.7081656708,3.12097659959,0.190648679923,0.999954627743,3.14392520151,1.0,614.063615497,1.52738314007
577,0.725224629374,0.779798683945,62.6285067499,1.84118333322,0.359847043936,16.7314760349,3.12226133856,0.19075099054,0.999959988148,3.14378677698,1.0,614.065648193,1.53001884684
578,0.726481517814,0.780070635879,62.6145696954,1.84163797104,0.359972539273,16.7547869775,3.12354425134,0.190853556444,0.999965019344,3.14364764878,1.0,614.067683766,1.53265983162
579,0.727738406253,0.780343162904,62.6006098041,1.84209253141,0.360098299992,16.7780984596,3.1248253455,0.190956378117,0.999969719733,3.14350781588,1.0,614.069722214,1.53530611665
580,0.728995294692,0.780616265595,62.5866270828,1.84254701415,0.360224326359,16.8014104422,3.12610462858,0.191059456047,0.999974087717,3.14336727724,1.0,614.071763533,1.53795772441
581,0.730252183131,0.780889944529,62.5726215383,1.84300141907,0.36035061864,16.8247228864,3.12738210806,0.19116279072,0.999978121693,3.14322603182,1.0,614.07380772,1.54061467762
582,0.73150907157,0.781164200286,62.5585931773,1.84345574601,0.360477177102,16.8480357536,3.1286577914,0.191266382625,0.999981820059,3.14308407859,1.0,614.075854772,1.54327699919
583,0.732765960009,0.781439033444,62.5445420068,1.84390999477,0.360604002013,16.8713490052,3.12993168601,0.191370232255,0.999985181211,3.14294141652,1.0,614.077904685,1.54594471231
584,0.734022848448,0.781714444586,62.5304680335,1.84436416519,0.360731093641,16.8946626029,3.13120379927,0.1914743401,0.999988203544,3.14279804456,1.0,614.079957457,1.54861784035
585,0.735279736887,0.781990434292,62.5163712643,1.84481825707,0.360858452254,16.9179765085,3.13247413852,0.191578706656,0.99999088545,3.14265396169,1.0,614.082013084,1.55129640697
586,0.736536625327,0.782267003147,62.502251706,1.84527227025,0.360986078122,16.941290684,3.13374271106,0.191683332418,0.999993225321,3.14250916686,1.0,614.084071562,1.55398043604
587,0.737793513766,0.782544151736,62.4881093656,1.84572620453,0.361113971515,16.9646050916,3.13500952416,0.191788217884,0.999995221546,3.14236365903,1.0,614.086132888,1.55666995167
588,0.739050402205,0.782821880645,62.4739442497,1.84618005974,0.361242132703,16.9879196934,3.13627458504,0.191893363553,0.999996872514,3.14221743716,1.0,614.08819706,1.55936497824
589,0.740307290644,0.783100190462,62.4597563655,1.8466338357,0.361370561958,17.0112344521,3.13753790089,0.191998769926,0.999998176612,3.14207050022,1.0,614.090264074,1.56206554035
590,0.741564179083,0.783379081775,62.4455457197,1.84708753222,0.361499259551,17.03454933,3.13879947888,0.192104437505,0.999999132224,3.14192284716,1.0,614.092333926,1.56477166286
591,0.742821067522,0.783658555175,62.4313123193,1.84754114913,0.361628225755,17.0578642901,3.14005932611,0.192210366794,0.999999737735,3.14177447694,1.0,614.094406613,1.56748337089
592,0.744077955961,0.783938611253,62.4170561712,1.84799468624,0.360972737514,17.0811792953,3.14131744967,0.191873066745,0.999999991544,3.14162531752,1.0,614.087798779,1.57020197347
593,0.7453348444,0.784219250603,62.4027772823,1.84844814336,0.361101960838,17.1044943084,3.14257385661,0.191979188945,0.9999998922,3.14147583482,1.0,614.089880264,1.5686735929
594,0.74659173284,0.784500473817,62.3884756596,1.84890152033,0.361231453009,17.1278092929,3.14382855394,0.192085573462,0.999999438619,3.14132563339,1.0,614.091964578,1.56595085555
595,0.747848621279,0.784782281493,62.3741513101,1.84935481695,0.361361214301,17.1511242121,3.14508154863,0.192192220805,0.99999862918,3.1411747122,1.0,614.094051718,1.56322244206
596,0.749105509718,0.785064674226,62.3598042407,1.84980803305,0.361491244989,17.1744390294,3.14633284763,0.192299131483,0.999997462263,3.1410230702,1.0,614.096141682,1.56048832615
597,0.750362398157,0.785347652616,62.3454344584,1.85026116843,0.361621545348,17.1977537085,3.14758245783,0.192406306009,0.999995936246,3.14087070634,1.0,614.098234464,1.55774848126
598,0.751619286596,0.78563121726,62.3310419703,1.85071422291,0.361752115655,17.2210682132,3.14883038611,0.192513744898,0.999994049506,3.14071761958,1.0,614.100330063,1.55500288057
599,0.752876175035,0.78591536876,62.3166267832,1.85116719632,0.361882956186,17.2443825075,3.15007663931,0.192621448665,0.999991800416,3.14056380889,1.0,614.102428475,1.55225149697
600,0.754133063474,0.786200107719,62.3021889044,1.85162008846,0.362014067218,17.2676965555,3.15132122423,0.192729417827,0.999989187351,3.1404092732,1.0,614.104529697,1.54949430308
601,0.755389951913,0.786485434739,62.2877283407,1.85207289916,0.362145449029,17.2910103213,3.15256414763,0.192837652904,0.999986208682,3.14025401147,1.0,614.106633725,1.54673127122
602,0.756646840352,0.786771350426,62.2732450993,1.85252562823,0.362277101898,17.3143237695,3.15380541625,0.192946154416,0.999982862781,3.14009802266,1.0,614.108740555,1.54396237345
603,0.757903728792,0.787057855385,62.2587391871,1.85297827547,0.362409026103,17.3376368645,3.15504503678,0.193054922886,0.999979148015,3.13994130571,1.0,614.110850186,1.54118758152
604,0.759160617231,0.787344950224,62.2442106114,1.85343084072,0.362541221925,17.3609495709,3.15628301589,0.193163958839,0.999975062753,3.13978385959,1.0,614.112962612,1.53840686688
605,0.76041750567,0.787632635552,62.2296593791,1.85388332377,0.362673689644,17.3842618537,3.15751936022,0.193273262802,0.999970605361,3.13962568322,1.0,614.115077831,1.5356202007
606,0.761674394109,0.787920911979,62.2150854974,1.85433572446,0.36280642954,17.4075736777,3.15875407636,0.193382835301,0.999965774203,3.13946677557,1.0,614.117195839,1.53282755383
607,0.762931282548,0.788209780116,62.2004889733,1.85478804258,0.362939441895,17.430885008,3.15998717088,0.193492676867,0.999960567644,3.13930713558,1.0,614.119316634,1.53002889685
608,0.764188170987,0.788499240577,62.1858698141,1.85524027796,0.363072726992,17.4541958098,3.1612186503,0.193602788031,0.999954984045,3.1391467622,1.0,614.121440211,1.52722419998
609,0.765445059426,0.788789293975,62.1712280268,1.8556924304,0.363206285113,17.4775060486,3.16244852114,0.193713169327,0.999949021766,3.13898565437,1.0,614.123566567,1.52441343317
610,0.766701947865,0.789079940926,62.1565636185,1.85614449973,0.363340116542,17.5008156898,3.16367678985,0.19382382129,0.999942679167,3.13882381104,1.0,614.125695699,1.52159656603
611,0.767958836305,0.789371182046,62.1418765965,1.85659648574,0.363474221563,17.5241246991,3.16490346288,0.193934744457,0.999935954606,3.13866123115,1.0,614.127827604,1.51877356785
612,0.769215724744,0.789663017954,62.127166968,1.85704838827,0.362818146995,17.5474330421,3.16612854663,0.1935957621,0.999928990733,3.1385046418,1.0,614.121304783,1.5160629979
613,0.770472613183,0.78995544927,62.11243474,1.85750020711,0.362952507329,17.5707406849,3.16735204746,0.193706879003,0.999921512474,3.13834094234,1.0,614.123445457,1.51323378785
614,0.771729501622,0.790248476614,62.0976799198,1.85795194208,0.363087141514,17.5940475935,3.16857397172,0.193818267768,0.999913648095,3.13817650475,1.0,614.125588898,1.51039836821
615,0.772986390061,0.790542100609,62.0829025146,1.85840359299,0.363222049836,17.6173537339,3.16979432572,0.193929928938,0.999905395951,3.13801132799,1.0,614.127735102,1.50755670715
616,0.7742432785,0.790836321878,62.0681025316,1.85885515965,0.363357232581,17.6406590726,3.17101311572,0.194041863056,0.999896754396,3.13784541099,1.0,614.129884066,1.50470877247
617,0.775500166939,0.791131141046,62.0532799781,1.85930664188,0.363492690037,17.663963576,3.17223034798,0.194154070669,0.999887721781,3.1376787527,1.0,614.132035786,1.50185453164
618,0.776757055378,0.79142655874,62.0384348614,1.85975803948,0.363628422491,17.6872672105,3.17344602872,0.194266552322,0.999878296459,3.13751135205,1.0,614.134190258,1.49899395179
619,0.778013943818,0.791722575587,62.0235671885,1.86020935227,0.363764430231,17.7105699429,3.1746601641,0.194379308566,0.999868476777,3.13734320797,1.0,614.13634748,1.49612699968
620,0.779270832257,0.792019192216,62.0086769669,1.86066058005,0.363900713547,17.7338717401,3.1758727603,0.194492339952,0.999858261085,3.13717431941,1.0,614.138507448,1.49325364172
621,0.780527720696,0.792316409258,61.9937642039,1.86111172263,0.364037272729,17.7571725689,3.17708382342,0.194605647032,0.999847647729,3.13700468531,1.0,614.140670158,1.49037384396
622,0.781784609135,0.792614227344,61.9788289066,1.86156277983,0.364174108065,17.7804723965,3.17829335956,0.194719230361,0.999836635055,3.13683430459,1.0,614.142835608,1.48748757207
623,0.783041497574,0.792912647107,61.9638710825,1.86201375146,0.364311219849,17.8037711899,3.17950137478,0.194833090495,0.999825221408,3.13666317618,1.0,614.145003793,1.48459479137
624,0.784298386013,0.793211669183,61.9488907388,1.86246463731,0.36444860837,17.8270689166,3.18070787511,0.194947227994,0.999813405129,3.13649129903,1.0,614.14717471,1.48169546679
625,0.785555274452,0.793511294207,61.9338878829,1.86291543721,0.364586273921,17.850365544,3.18191286656,0.195061643418,0.999801184561,3.13631867206,1.0,614.149348355,1.47878956286
626,0.786812162891,0.793811522815,61.9188625222,1.86336615095,0.364724216796,17.8736610397,3.1831163551,0.195176337329,0.999788558044,3.13614529419,1.0,614.151524726,1.47587704375
627,0.788069051331,0.794112355648,61.9038146639,1.86381677836,0.364862437286,17.8969553712,3.18431834667,0.19529131029,0.999775523916,3.13597116436,1.0,614.153703818,1.47295787321
628,0.78932593977,0.794413793344,61.8887443154,1.86426731923,0.365000935687,17.9202485066,3.18551884718,0.19540656287,0.999762080515,3.1357962815,1.0,614.155885629,1.47003201463
629,0.790582828209,0.794715836545,61.8736514842,1.86471777337,0.365139712293,17.9435404136,3.18671786251,0.195522095634,0.999748226178,3.13562064453,1.0,614.158070155,1.46709943096
630,0.791839716648,0.795018485894,61.8585361777,1.86516814059,0.3652787674,17.9668310604,3.18791539853,0.195637909155,0.999733959239,3.13544425237,1.0,614.160257391,1.46416008474
631,0.793096605087,0.795321742036,61.8433984031,1.8656184207,0.364621983449,17.990120415,3.18911146105,0.195297146244,0.999719846136,3.13528088887,1.0,614.153814359,1.46145209364
632,0.794353493526,0.795625605614,61.8282381681,1.8660686135,0.364761292277,18.0134084459,3.19030605588,0.195413154539,0.999704779405,3.13510337101,1.0,614.156010336,1.45850558029
633,0.795610381965,0.795930077277,61.8130554799,1.8665187188,0.364900879886,18.0366951214,3.19149918879,0.195529444301,0.999689295899,3.1349250964,1.0,614.158209018,1.45555220897
634,0.796867270404,0.796235157673,61.7978503461,1.86696873641,0.365040746574,18.05998041,3.19269086551,0.195646016105,0.999673393951,3.13474606396,1.0,614.160410401,1.45259194077
635,0.798124158844,0.796540847451,61.782622774,1.86741866613,0.365180892638,18.0832642804,3.19388109176,0.195762870528,0.999657071893,3.13456627261,1.0,614.162614482,1.44962473633
636,0.799381047283,0.796847147262,61.7673727712,1.86786850776,0.365321318378,18.1065467014,3.19506987322,0.19588000815,0.999640328054,3.13438572127,1.0,614.164821257,1.44665055588
637,0.800637935722,0.797154057759,61.7521003452,1.86831826112,0.365462024091,18.1298276417,3.19625721555,0.195997429551,0.999623160764,3.13420440886,1.0,614.167030723,1.44366935916
638,0.801894824161,0.797461579596,61.7368055034,1.868767926,0.365603010078,18.1531070705,3.19744312438,0.196115135313,0.999605568349,3.13402233429,1.0,614.169242877,1.44068110549
639,0.8031517126,0.797769713428,61.7214882534,1.86921750221,0.36574427664,18.1763849568,3.19862760531,0.196233126023,0.999587549136,3.13383949648,1.0,614.171457715,1.43768575371
640,0.804408601039,0.798078459911,61.7061486026,1.86966698956,0.365885824076,18.1996612698,3.19981066391,0.196351402267,0.99956910145,3.13365589435,1.0,614.173675232,1.43468326219
641,0.805665489478,0.798387819703,61.6907865586,1.87011638785,0.36602765269,18.2229359788,3.20099230574,0.196469964633,0.999550223614,3.13347152679,1.0,614.175895427,1.43167358884
642,0.806922377917,0.798697793464,61.675402129,1.87056569687,0.366169762783,18.2462090533,3.2021725363,0.196588813713,0.999530913952,3.13328639273,1.0,614.178118295,1.42865669107
643,0.808179266357,0.799008381855,61.6599953212,1.87101491645,0.366312154658,18.2694804629,3.2033513611,0.196707950099,0.999511170784,3.13310049107,1.0,614.180343832,1.42563252581
644,0.809436154796,0.799319585538,61.644566143,1.87146404637,0.366454828618,18.2927501772,3.2045287856,0.196827374386,0.999490992431,3.13291382073,1.0,614.182572036,1.42260104948
645,0.810693043235,0.799631405176,61.6291146018,1.87191308644,0.366597784969,18.3160181659,3.20570481524,0.196947087172,0.99947037721,3.13272638059,1.0,614.184802902,1.41956221802
646,0.811949931674,0.799943841435,61.6136407052,1.87236203646,0.366741024014,18.339284399,3.20687945544,0.197067089054,0.99944932344,3.13253816958,1.0,614.187036427,1.41651598684
647,0.813206820113,0.80025689498,61.5981444609,1.87281089624,0.36688454606,18.3625488464,3.20805271157,0.197187380635,0.999427829438,3.1323491866,1.0,614.189272608,1.41346231083
648,0.814463708552,0.800570566481,61.5826258765,1.87325966557,0.367028351413,18.3858114783,3.209224589,0.197307962516,0.999405893517,3.13215943053,1.0,614.191511441,1.41040114436
649,0.815720596991,0.800884856605,61.5670849595,1.87370834426,0.366370753842,18.4090722648,3.21039509307,0.196965341313,0.999384759144,3.13198992547,1.0,614.185142832,1.40769024488
650,0.81697748543,0.801199766024,61.5515217178,1.87415693211,0.366514811504,18.4323311763,3.21156422908,0.197086119175,0.999361980114,3.13179903838,1.0,614.187390373,1.40462081756
651,0.81823437387,0.801515295409,61.5359361588,1.87460542892,0.366659152775,18.4555881831,3.21273200232,0.197207188102,0.999338754983,3.13160737663,1.0,614.18964056,1.40154378378
652,0.819491262309,0.801831445435,61.5203282903,1.87505383449,0.366803777962,18.4788432558,3.21389841805,0.197328548702,0.999315082066,3.13141493912,1.0,614.191893388,1.39845909602
653,0.820748150748,0.802148216776,61.5046981199,1.87550214861,0.366948687374,18.502096365,3.21506348149,0.197450201587,0.999290959673,3.13122172475,1.0,614.194148855,1.39536670619
654,0.822005039187,0.802465610108,61.4890456555,1.8759503711,0.36709388132,18.5253474814,3.21622719785,0.197572147368,0.999266386115,3.13102773241,1.0,614.196406955,1.39226656562
655,0.823261927626,0.802783626109,61.4733709045,1.87639850174,0.367239360112,18.5485965759,3.21738957232,0.19769438666,0.999241359702,3.130832961,1.0,614.198667687,1.38915862508
656,0.824518816065,0.803102265458,61.4576738749,1.87684654034,0.367385124058,18.5718436194,3.21855061005,0.19781692008,0.999215878742,3.13063740941,1.0,614.200931046,1.38604283471
657,0.825775704504,0.803421528836,61.4419545743,1.87729448669,0.367531173471,18.595088583,3.21971031617,0.197939748247,0.999189941543,3.13044107652,1.0,614.203197029,1.3829191441
658,0.827032592943,0.803741416924,61.4262130104,1.8777423406,0.367677508663,18.6183314377,3.2208686958,0.198062871781,0.99916354641,3.13024396122,1.0,614.205465631,1.37978750218
659,0.828289481383,0.804061930407,61.410449191,1.87819010186,0.367824129946,18.6415721548,3.222025754,0.198186291305,0.999136691648,3.1300460624,1.0,614.207736851,1.37664785729
660,0.829546369822,0.804383069969,61.3946631239,1.87863777027,0.367971037634,18.6648107057,3.22318149585,0.198310007446,0.999109375561,3.12984737895,1.0,614.210010683,1.37350015713
661,0.830803258261,0.804704836297,61.3788548169,1.87908534563,0.36811823204,18.6880470618,3.22433592637,0.198434020829,0.999081596452,3.12964790974,1.0,614.212287124,1.37034434876
662,0.8320601467,0.805027230077,61.3630242777,1.87953282773,0.368265713479,18.7112811946,3.22548905058,0.198558332084,0.999053352622,3.12944765366,1.0,614.21456617,1.36718037859
663,0.833317035139,0.805350251999,61.3471715142,1.87998021637,0.368413482266,18.7345130757,3.22664087346,0.198682941844,0.999024642371,3.12924660959,1.0,614.216847819,1.36400819236
664,0.834573923578,0.805673902754,61.3312965342,1.88042751135,0.368561538717,18.757742677,3.22779139997,0.198807850741,0.998995463998,3.1290447764,1.0,614.219132066,1.36082773515
665,0.835830812017,0.805998183034,61.3153993456,1.88087471246,0.36870988315,18.7809699702,3.22894063504,0.198933059411,0.998965815802,3.12884215297,1.0,614.221418908,1.35763895135
666,0.837087700456,0.806323093532,61.299479956,1.8813218195,0.368051385663,18.8041949272,3.2300885836,0.198588522503,0.998937841784,3.12866711306,1.0,614.215119231,1.35491964407
667,0.838344588896,0.806648634943,61.2835383735,1.88176883226,0.368199981142,18.8274175201,3.23123525054,0.198713928478,0.998907309952,3.12846335393,1.0,614.21741475,1.35172134919
668,0.839601477335,0.806974807964,61.2675746059,1.88221575054,0.368348864923,18.850637721,3.23238064071,0.198839635041,0.99887630411,3.12825880294,1.0,614.219712856,1.34851458657
669,0.840858365774,0.807301613292,61.2515886611,1.88266257414,0.368498037325,18.8738555021,3.23352475897,0.198965642836,0.998844822553,3.12805345898,1.0,614.222013546,1.34529929814
670,0.842115254213,0.807629051626,61.2355805469,1.88310930284,0.368647498667,18.8970708358,3.23466761014,0.199091952505,0.998812863576,3.12784732091,1.0,614.224316816,1.34207542509
671,0.843372142652,0.807957123667,61.2195502713,1.88355593644,0.368797249268,18.9202836943,3.23580919901,0.199218564695,0.998780425474,3.1276403876,1.0,614.226622664,1.33884290788
672,0.844629031091,0.808285830117,61.2034978423,1.88400247474,0.36894728945,18.9434940503,3.23694953037,0.199345480053,0.99874750654,3.12743265791,1.0,614.228931084,1.33560168619
673,0.84588591953,0.80861517168,61.1874232676,1.88444891753,0.369097619532,18.9667018763,3.23808860895,0.199472699231,0.998714105065,3.12722413071,1.0,614.231242073,1.33235169892
674,0.847142807969,0.808945149061,61.1713265553,1.8848952646,0.369248239838,18.9899071449,3.2392264395,0.19960022288,0.99868021934,3.12701480486,1.0,614.233555628,1.32909288421
675,0.848399696409,0.809275762966,61.1552077134,1.88534151575,0.36939915069,19.013109829,3.24036302671,0.199728051655,0.998645847655,3.12680467922,1.0,614.235871745,1.32582517936
676,0.849656584848,0.809607014103,61.1390667498,1.88578767076,0.36955035241,19.0363099014,3.24149837528,0.199856186213,0.998610988299,3.12659375263,1.0,614.238190421,1.32254852089
677,0.850913473287,0.809938903182,61.1229036724,1.88623372943,0.369701845323,19.0595073351,3.24263248987,0.199984627214,0.998575639559,3.12638202397,1.0,614.240511651,1.31926284448
678,0.852170361726,0.810271430913,61.1067184894,1.88667969155,0.369853629753,19.0827021031,3.24376537512,0.20011337532,0.998539799723,3.12616949208,1.0,614.242835432,1.31596808494
679,0.853427250165,0.810604598009,61.0905112087,1.88712555691,0.370005706025,19.1058941786,3.24489703564,0.200242431193,0.998503467075,3.12595615582,1.0,614.24516176,1.31266417626
680,0.854684138604,0.810938405184,61.0742818382,1.8875713253,0.370158074465,19.1290835347,3.24602747604,0.200371795501,0.9984666399,3.12574201402,1.0,614.247490631,1.30935105153
681,0.855941027043,0.811272853151,61.0580303862,1.88801699651,0.370310735399,19.1522701448,3.24715670089,0.200501468911,0.998429316481,3.12552706555,1.0,614.249822042,1.30602864295
682,0.857197915482,0.81160794263,61.0417568605,1.88846257034,0.370463689155,19.1754539823,3.24828471473,0.200631452094,0.998391495101,3.12531130923,1.0,614.25215599,1.30269688181
683,0.858454803922,0.811943674336,61.0254612693,1.88890804657,0.369804179636,19.1986350206,3.24941152212,0.200284851133,0.998356487721,3.12513098147,1.0,614.245925754,1.29996210272
684,0.859711692361,0.812280048991,61.0091436206,1.88935342499,0.369957383308,19.2218132334,3.25053712755,0.200415033211,0.998317742501,3.12491408485,1.0,614.248268343,1.29661930057
685,0.8609685808,0.812617067315,60.9928039225,1.8897987054,0.370110880142,19.2449885942,3.25166153551,0.200545525931,0.998278495131,3.12469637875,1.0,614.25061346,1.29326697157
686,0.862225469239,0.812954730031,60.9764421832,1.89024388757,0.370264670468,19.2681610769,3.25278475048,0.200676329971,0.998238743892,3.12447786201,1.0,614.252961102,1.28990504374
687,0.863482357678,0.813293037863,60.9600584107,1.8906889713,0.370418754616,19.2913306553,3.2539067769,0.200807446011,0.998198487064,3.12425853347,1.0,614.255311266,1.28653344413
688,0.864739246117,0.813631991536,60.9436526131,1.89113395638,0.370573132915,19.3144973032,3.25502761919,0.20093887473,0.998157722926,3.12403839196,1.0,614.257663947,1.28315209878
689,0.865996134556,0.813971591778,60.9272247986,1.89157884259,0.370727805698,19.3376609948,3.25614728177,0.201070616813,0.998116449756,3.12381743631,1.0,614.260019142,1.27976093271
690,0.867253022995,0.814311839316,60.9107749754,1.89202362973,0.370882773295,19.360821704,3.25726576902,0.201202672946,0.998074665831,3.12359566535,1.0,614.262376847,1.27635986988
691,0.868509911435,0.814652734881,60.8943031515,1.89246831757,0.37103803604,19.383979405,3.25838308529,0.201335043816,0.998032369427,3.12337307792,1.0,614.264737058,1.27294883323
692,0.869766799874,0.814994279204,60.8778093352,1.89291290591,0.371193594266,19.4071340722,3.25949923495,0.201467730116,0.997989558819,3.12314967283,1.0,614.267099772,1.2695277446
693,0.871023688313,0.815336473019,60.8612935347,1.89335739452,0.371349448305,19.4302856797,3.2606142223,0.201600732537,0.997946232281,3.12292544892,1.0,614.269464985,1.26609652472
694,0.872280576752,0.815679317059,60.8447557581,1.89380178321,0.371505598494,19.4534342021,3.26172805166,0.201734051776,0.997902388086,3.12270040499,1.0,614.271832692,1.26265509321
695,0.873537465191,0.81602281206,60.8281960137,1.89424607175,0.371662045166,19.4765796138,3.2628407273,0.20186768853,0.997858024506,3.12247453988,1.0,614.274202891,1.25920336856
696,0.87479435363,0.816366958761,60.8116143097,1.89469025992,0.371818788658,19.4997218894,3.2639522535,0.202001643499,0.997813139812,3.12224785239,1.0,614.276575578,1.25574126806
697,0.876051242069,0.816711757899,60.7950106543,1.89513434752,0.371975829307,19.5228610036,3.26506263449,0.202135917386,0.997767732276,3.12202034134,1.0,614.278950748,1.25226870785
698,0.877308130508,0.817057210215,60.7783850558,1.89557833433,0.372133167449,19.5459969311,3.26617187449,0.202270510896,0.997721800165,3.12179200554,1.0,614.281328397,1.24878560284
699,0.878565018947,0.817403316451,60.7617375225,1.89602222013,0.371472581891,19.5691296467,3.26727997772,0.201921812578,0.997680011001,3.12160696478,1.0,614.275161947,1.24602886887
700,0.879821907387,0.81775007735,60.7450680625,1.8964660047,0.371630168926,19.5922591253,3.26838694835,0.202056606631,0.997633117654,3.12137748455,1.0,614.277548203,1.24253294826
701,0.881078795826,0.818097493658,60.7283766843,1.89690968783,0.371788053815,19.6153853419,3.26949279055,0.202191721231,0.997585695546,3.12114717788,1.0,614.279936931,1.2390262669
702,0.882335684265,0.81844556612,60.7116633961,1.8973532693,0.371946236895,19.6385082716,3.27059750847,0.202327157089,0.997537742946,3.12091604358,1.0,614.282328127,1.23550873532
703,0.883592572704,0.818794295484,60.6949282062,1.89779674889,0.372104718509,19.6616278895,3.27170110623,0.202462914918,0.997489258121,3.12068408045,1.0,614.284721789,1.2319802627
704,0.884849461143,0.819143682501,60.678171123,1.89824012639,0.372263498994,19.6847441707,3.27280358795,0.202598995435,0.997440239336,3.1204512873,1.0,614.287117911,1.22844075689
705,0.886106349582,0.81949372792,60.6613921547,1.89868340158,0.372422578694,19.7078570906,3.2739049577,0.202735399359,0.997390684859,3.12021766291,1.0,614.28951649,1.22489012436
706,0.887363238021,0.819844432493,60.6445913098,1.89912657424,0.37258195795,19.7309666246,3.27500521956,0.202872127411,0.997340592952,3.11998320609,1.0,614.291917522,1.22132827017
707,0.88862012646,0.820195796976,60.6277685966,1.89956964414,0.372741637104,19.754072748,3.27610437757,0.203009180314,0.997289961879,3.11974791562,1.0,614.294321004,1.21775509795
708,0.8898770149,0.820547822123,60.6109240235,1.90001261108,0.372901616501,19.7771754365,3.27720243578,0.203146558795,0.997238789904,3.1195117903,1.0,614.296726932,1.21417050985
709,0.891133903339,0.820900508692,60.5940575989,1.90045547483,0.373061896483,19.8002746655,3.27829939819,0.203284263583,0.997187075288,3.11927482891,1.0,614.299135301,1.21057440653
710,0.892390791778,0.821253857439,60.5771693311,1.90089823517,0.373222477395,19.8233704108,3.2793952688,0.203422295409,0.997134816293,3.11903703023,1.0,614.301546108,1.20696668714
711,0.893647680217,0.821607869127,60.5602592287,1.90134089188,0.373383359583,19.8464626481,3.28049005159,0.203560655006,0.997082011177,3.11879839306,1.0,614.30395935,1.20334724925
712,0.894904568656,0.821962544515,60.5433273,1.90178344475,0.373544543393,19.8695513531,3.28158375051,0.203699343111,0.997028658201,3.11855891616,1.0,614.306375021,1.19971598884
713,0.896161457095,0.822317884368,60.5263735534,1.90222589354,0.373706029172,19.8926365019,3.2826763695,0.203838360463,0.996974755623,3.11831859832,1.0,614.30879312,1.19607280027
714,0.897418345534,0.822673889449,60.5093979975,1.90266823803,0.373867817267,19.9157180703,3.28376791248,0.203977707803,0.9969203017,3.1180774383,1.0,614.31121364,1.19241757622
715,0.898675233973,0.823030560524,60.4924006407,1.90311047802,0.373206053618,19.9387960345,3.28485838336,0.203626771432,0.996871579138,3.11788792284,1.0,614.305111378,1.18962948266
716,0.899932122413,0.823387898361,60.4753814914,1.90355261326,0.373368089694,19.9618703704,3.28594778603,0.203766321209,0.996816126935,3.11764561416,1.0,614.307540466,1.18595922438
717,0.901189010852,0.82374590373,60.4583405582,1.90399464355,0.373530428465,19.9849410543,3.28703612435,0.203906201954,0.996760119207,3.11740246158,1.0,614.309971969,1.18227665793
718,0.902445899291,0.8241045774,60.4412778496,1.90443656865,0.373693070279,20.0080080624,3.28812340217,0.204046414414,0.99670355421,3.11715846384,1.0,614.312405882,1.17858166994
719,0.90370278773,0.824463920144,60.4241933741,1.90487838835,0.373856015488,20.031071371,3.28920962332,0.20418695934,0.9966464302,3.11691361973,1.0,614.314842202,1.17487414521
720,0.904959676169,0.824823932736,60.4070871402,1.90532010241,0.37401926444,20.0541309566,3.29029479163,0.204327837486,0.996588745432,3.11666792798,1.0,614.317280926,1.17115396665
721,0.906216564608,0.82518461595,60.3899591565,1.90576171062,0.37418281749,20.0771867956,3.29137891088,0.204469049607,0.996530498161,3.11642138737,1.0,614.319722048,1.16742101526
722,0.907473453047,0.825545970563,60.3728094316,1.90620321275,0.374346674987,20.1002388646,3.29246198486,0.204610596461,0.996471686639,3.11617399665,1.0,614.322165566,1.16367517008
723,0.908730341486,0.825907997355,60.3556379739,1.90664460858,0.374510837286,20.12328714,3.29354401733,0.204752478811,0.99641230912,3.11592575457,1.0,614.324611476,1.15991630815
724,0.909987229926,0.826270697103,60.3384447921,1.90708589788,0.374675304739,20.1463315987,3.29462501203,0.204894697419,0.996352363855,3.11567665987,1.0,614.327059772,1.15614430446
725,0.911244118365,0.826634070591,60.3212298948,1.90752708042,0.374840077702,20.1693722173,3.2957049727,0.205037253052,0.996291849096,3.11542671131,1.0,614.329510453,1.15235903188
726,0.912501006804,0.8269981186,60.3039932906,1.90796815598,0.375005156529,20.1924089727,3.29678390305,0.205180146479,0.996230763092,3.11517590763,1.0,614.331963513,1.14856036115
727,0.913757895243,0.827362841915,60.2867349881,1.90840912433,0.375170541576,20.2154418417,3.29786180678,0.205323378471,0.996169104094,3.11492424757,1.0,614.33441895,1.14474816082
728,0.915014783682,0.827728241322,60.269454996,1.90884998525,0.375336233199,20.2384708012,3.29893868755,0.205466949804,0.99610687035,3.11467172986,1.0,614.336876758,1.14092229715
729,0.916271672121,0.828094317609,60.2521533228,1.9092907385,0.375502231755,20.2614958284,3.30001454903,0.205610861255,0.996044060108,3.11441835323,1.0,614.339336934,1.13708263415
730,0.91752856056,0.828461071564,60.2348299774,1.90973138386,0.374839247248,20.2845169002,3.30108939488,0.2052576781,0.995988715816,3.11422490131,1.0,614.33329307,1.13425502174
731,0.918785448999,0.828828503979,60.2174849682,1.9101719211,0.375005492945,20.3075339938,3.3021632287,0.20540179388,0.995924873049,3.11397037217,1.0,614.335761776,1.13039769801
732,0.920042337439,0.829196615645,60.2001183041,1.91061234999,0.375172045971,20.3305470865,3.30323605413,0.205546250812,0.995860449612,3.11371498231,1.0,614.338232841,1.12652622859
733,0.921299225878,0.829565407356,60.1827299937,1.91105267031,0.375338906685,20.3535561554,3.30430787475,0.205691049678,0.995795443752,3.11345873047,1.0,614.340706263,1.12264046901
734,0.922556114317,0.829934879908,60.1653200458,1.91149288182,0.375506075447,20.376561178,3.30537869414,0.205836191267,0.995729853716,3.11320161536,1.0,614.343182036,1.11874027224
735,0.923813002756,0.830305034097,60.147888469,1.91193298429,0.375673552618,20.3995621317,3.30644851587,0.205981676367,0.99566367775,3.11294363571,1.0,614.345660158,1.11482548861
736,0.925069891195,0.830675870721,60.1304352721,1.9123729775,0.375841338558,20.4225589939,3.30751734348,0.206127505771,0.995596914098,3.11268479022,1.0,614.348140623,1.11089596577
737,0.926326779634,0.831047390581,60.1129604639,1.9128128612,0.37600943363,20.4455517421,3.30858518051,0.206273680275,0.995529561007,3.11242507762,1.0,614.350623429,1.10695154858
738,0.927583668073,0.831419594478,60.0954640531,1.91325263518,0.376177838196,20.468540354,3.30965203047,0.206420200674,0.99546161672,3.11216449661,1.0,614.353108571,1.10299207909
739,0.928840556512,0.831792483215,60.0779460485,1.9136922992,0.376346552619,20.4915248072,3.31071789685,0.206567067772,0.995393079479,3.11190304591,1.0,614.355596046,1.09901739645
740,0.930097444952,0.832166057598,60.0604064589,1.91413185303,0.376515577265,20.5145050795,3.31178278315,0.20671428237,0.995323947528,3.1116407242,1.0,614.358085848,1.0950273368
741,0.931354333391,0.832540318431,60.0428452932,1.91457129644,0.376684912497,20.5374811487,3.31284669284,0.206861845276,0.995254219108,3.11137753019,1.0,614.360577975,1.09102173325
742,0.93261122183,0.832915266523,60.02526256,1.91501062918,0.37685455868,20.5604529925,3.31390962935,0.207009757297,0.99518389246,3.11111346258,1.0,614.363072423,1.08700041575
743,0.933868110269,0.833290902683,60.0076582682,1.91544985104,0.377024516182,20.583420589,3.31497159614,0.207158019247,0.995112965826,3.11084852006,1.0,614.365569187,1.08296321106
744,0.935124998708,0.833667227722,59.9900324268,1.91588896177,0.377194785369,20.606383916,3.31603259662,0.20730663194,0.995041437444,3.11058270133,1.0,614.368068263,1.0789099426
745,0.936381887147,0.834044242453,59.9723850445,1.91632796114,0.376530487494,20.6293429517,3.3170926342,0.206951069398,0.994979355792,3.110385539,1.0,614.362083115,1.07602963263
746,0.937638775586,0.834421947689,59.9547161302,1.91676684893,0.376701003071,20.6522976742,3.31815171227,0.207099888536,0.994906761006,3.11011856367,1.0,614.36459068,1.07195532448
747,0.938895664025,0.834800344247,59.9370256928,1.91720562488,0.376871830746,20.6752480616,3.31920983421,0.207249059507,0.994833560312,3.10985071025,1.0,614.36710055,1.06786450162
748,0.940152552465,0.835179432943,59.9193137412,1.91764428877,0.377042970889,20.6981940921,3.32026700337,0.207398583133,0.99475975195,3.10958197742,1.0,614.369612719,1.0637569753
749,0.941409440904,0.835559214597,59.9015802843,1.91808284037,0.377214423867,20.721135744,3.32132322311,0.20754846024,0.994685334158,3.10931236386,1.0,614.372127185,1.05963255304
750,0.942666329343,0.835939690029,59.8838253311,1.91852127942,0.377386190053,20.7440729957,3.32237849675,0.207698691656,0.994610305174,3.10904186824,1.0,614.374643943,1.0554910385
751,0.943923217782,0.83632086006,59.8660488904,1.91895960571,0.377558269817,20.7670058255,3.32343282761,0.207849278211,0.994534663237,3.10877048923,1.0,614.377162989,1.05133223145
752,0.945180106221,0.836702725515,59.8482509712,1.91939781899,0.377730663531,20.789934212,3.324486219,0.208000220739,0.994458406584,3.1084982255,1.0,614.379684319,1.04715592757
753,0.94643699466,0.837085287218,59.8304315825,1.91983591903,0.377903371567,20.8128581337,3.32553867419,0.208151520077,0.99438153345,3.10822507571,1.0,614.382207929,1.04296191842
754,0.947693883099,0.837468545997,59.8125907332,1.92027390558,0.378076394299,20.8357775691,3.32659019647,0.208303177063,0.994304042073,3.10795103851,1.0,614.384733815,1.03874999126
755,0.948950771538,0.837852502679,59.7947284324,1.92071177841,0.3782497321,20.8586924968,3.32764078908,0.208455192541,0.994225930687,3.10767611257,1.0,614.387261973,1.03451992894
756,0.950207659978,0.838237158094,59.776844689,1.92114953728,0.378423385346,20.8816028957,3.32869045528,0.208607567357,0.994147197527,3.10740029654,1.0,614.389792399,1.03027150979
757,0.951464548417,0.838622513075,59.758939512,1.92158718195,0.378597354411,20.9045087443,3.32973919829,0.208760302357,0.994067840827,3.10712358906,1.0,614.392325089,1.02600450747
758,0.952721436856,0.839008568454,59.7410129105,1.92202471219,0.378771639673,20.9274100217,3.33078702132,0.208913398394,0.993987858821,3.10684598878,1.0,614.394860039,1.02171869084
759,0.953978325295,0.839395325066,59.7230648935,1.92246212774,0.378106005953,20.9503067065,3.33183392758,0.208555472895,0.993919402292,3.10664561459,1.0,614.388927704,1.01877453086
760,0.955235213734,0.839782783747,59.7050954701,1.92289942837,0.37828053689,20.9731987778,3.33287992025,0.208708777428,0.99383832277,3.10636685394,1.0,614.391471105,1.01446355975
761,0.956492102173,0.840170945336,59.6871046494,1.92333661385,0.378455384452,20.9960862145,3.33392500251,0.208862444144,0.993756613795,3.10608719855,1.0,614.394016757,1.01013318177
762,0.957748990612,0.840559810671,59.6690924403,1.92377368392,0.378630549018,21.0189689957,3.33496917751,0.209016473901,0.993674273601,3.10580664705,1.0,614.396564656,1.00578314793
763,0.959005879051,0.840949380594,59.6510588521,1.92421063835,0.378806030965,21.0418471005,3.33601244839,0.209170867563,0.993591300419,3.10552519807,1.0,614.399114798,1.00141320374
764,0.960262767491,0.841339655948,59.6330038937,1.9246474769,0.378981830674,21.064720508,3.3370548183,0.209325625994,0.993507692485,3.10524285024,1.0,614.401667179,0.997023089053
765,0.96151965593,0.841730637576,59.6149275744,1.92508419931,0.379157948525,21.0875891975,3.33809629033,0.209480750061,0.993423448028,3.10495960218,1.0,614.404221796,0.992612537905
766,0.962776544369,0.842122326326,59.5968299033,1.92552080536,0.379334384899,21.1104531481,3.33913686761,0.209636240638,0.993338565281,3.10467545251,1.0,614.406778643,0.988181278294
767,0.964033432808,0.842514723044,59.5787108894,1.92595729479,0.379511140177,21.1333123393,3.34017655321,0.209792098597,0.993253042474,3.10439039984,1.0,614.409337718,0.983729032011
768,0.965290321247,0.842907828581,59.5605705421,1.92639366737,0.379688214743,21.1561667504,3.34121535021,0.209948324817,0.99316687784,3.10410444279,1.0,614.411899015,0.979255514436
769,0.966547209686,0.843301643785,59.5424088704,1.92682992284,0.379865608979,21.1790163608,3.34225326168,0.210104920177,0.993080069606,3.10381757996,1.0,614.414462531,0.97476043433
770,0.967804098125,0.843696169511,59.5242258835,1.92726606096,0.38004332327,21.20186115,3.34329029066,0.210261885562,0.992992616004,3.10352980995,1.0,614.417028262,0.970243493615
771,0.969060986564,0.844091406612,59.5060215906,1.92770208149,0.380221358,21.2247010975,3.34432644018,0.210419221859,0.992904515263,3.10324113137,1.0,614.419596204,0.965704387151
772,0.970317875004,0.844487355943,59.487796001,1.92813798418,0.380399713555,21.247536183,3.34536171328,0.210576929956,0.99281576561,3.10295154281,1.0,614.422166352,0.961142802503
773,0.971574763443,0.844884018363,59.4695491238,1.92857376878,0.379732660579,21.270366386,3.34639611296,0.210216517562,0.99274084881,3.10274816815,1.0,614.416287079,0.958115099015
774,0.972831651882,0.84528139473,59.4512809683,1.92900943506,0.379911261168,21.2931916864,3.34742964222,0.210374436404,0.992650970895,3.10245741516,1.0,614.418865636,0.95352285609
775,0.974088540321,0.845679485904,59.4329915438,1.92944498275,0.380090183027,21.3160120637,3.34846230404,0.21053272825,0.992560439938,3.10216575016,1.0,614.421446392,0.948907329919
776,0.97534542876,0.846078292748,59.4146808595,1.92988041162,0.380269426544,21.3388274979,3.34949410138,0.210691393998,0.992469254168,3.10187317175,1.0,614.424029341,0.944268180672
777,0.976602317199,0.846477816125,59.3963489247,1.93031572141,0.380448992106,21.3616379687,3.35052503721,0.210850434551,0.992377411814,3.10157967849,1.0,614.426614479,0.939605060033
778,0.977859205638,0.846878056901,59.3779957487,1.93075091188,0.380628880102,21.3844434562,3.35155511447,0.211009850812,0.992284911104,3.10128526897,1.0,614.429201803,0.93491761089
779,0.979116094077,0.847279015944,59.3596213407,1.93118598278,0.380809090923,21.4072439401,3.35258433609,0.211169643689,0.992191750266,3.10098994175,1.0,614.431791308,0.930205467033
780,0.980372982517,0.847680694121,59.3412257102,1.93162093386,0.380989624959,21.4300394007,3.35361270499,0.211329814092,0.992097927527,3.1006936954,1.0,614.43438299,0.925468252819
781,0.981629870956,0.848083092303,59.3228088664,1.93205576487,0.3811704826,21.4528298178,3.35464022408,0.211490362936,0.992003441114,3.10039652848,1.0,614.436976845,0.920705582833
782,0.982886759395,0.848486211363,59.3043708187,1.93249047555,0.38135166424,21.4756151716,3.35566689625,0.211651291139,0.991908289254,3.10009843956,1.0,614.43957287,0.915917061527
783,0.984143647834,0.848890052173,59.2859115765,1.93292506566,0.381533170269,21.4983954423,3.35669272437,0.211812599619,0.991812470173,3.09979942718,1.0,614.442171058,0.911102282846
784,0.985400536273,0.849294615609,59.267431149,1.93335953495,0.381715001083,21.5211706101,3.35771771133,0.211974289302,0.991715982097,3.0994994899,1.0,614.444771408,0.906260829831
785,0.986657424712,0.849699902548,59.2489295458,1.93379388317,0.381897157074,21.5439406553,3.35874185997,0.212136361114,0.991618823251,3.09919862627,1.0,614.447373914,0.901392274207
786,0.987914313151,0.850105913868,59.2304067761,1.93422811005,0.381228681775,21.5667055581,3.35976517313,0.211773504044,0.991537850938,3.09899270813,1.0,614.441541712,0.898264105097
787,0.98917120159,0.85051265045,59.2118628495,1.93466221536,0.381411082164,21.5894652989,3.36078765366,0.211935788722,0.991439535803,3.09869067631,1.0,614.444152589,0.89335791209
788,0.99042809003,0.850920113176,59.1932977753,1.93509619883,0.381593808191,21.6122198582,3.36180930436,0.212098456788,0.991340545785,3.09838771602,1.0,614.446765614,0.888423506154
789,0.991684978469,0.851328302928,59.174711563,1.93553006022,0.381776860252,21.6349692164,3.36283012805,0.212261509178,0.991240879111,3.0980838258,1.0,614.449380782,0.883460416083
790,0.992941866908,0.851737220593,59.1561042219,1.93596379926,0.381960238745,21.6577133539,3.36385012752,0.212424946831,0.991140534007,3.09777900418,1.0,614.451998088,0.87846815723
791,0.994198755347,0.852146867057,59.1374757617,1.93639741571,0.382143944066,21.6804522514,3.36486930556,0.212588770688,0.991039508697,3.09747324968,1.0,614.45461753,0.873446230963
792,0.995455643786,0.852557243208,59.1188261918,1.93683090931,0.382327976614,21.7031858895,3.36588766492,0.212752981696,0.990937801407,3.09716656081,1.0,614.457239103,0.868394124091
793,0.996712532225,0.852968349937,59.1001555216,1.9372642798,0.382512336789,21.7259142488,3.36690520838,0.212917580802,0.990835410362,3.0968589361,1.0,614.459862802,0.863311308272
794,0.997969420664,0.853380188135,59.0814637606,1.93769752693,0.38269702499,21.74863731,3.36792193868,0.213082568961,0.990732333786,3.09655037406,1.0,614.462488623,0.858197239367
795,0.999226309103,0.853792758696,59.0627509185,1.93813065044,0.382882041618,21.7713550538,3.36893785856,0.213247947127,0.990628569904,3.09624087319,1.0,614.465116563,0.853051356785
796,1.00048319754,0.854206062515,59.0440170047,1.93856365007,0.383067387074,21.7940674611,3.36995297074,0.21341371626,0.99052411694,3.09593043199,1.0,614.467746617,0.847873082766
797,1.00174008598,0.854620100488,59.0252620287,1.93899652557,0.383253061761,21.8167745127,3.37096727792,0.213579877322,0.990418973117,3.09561904896,1.0,614.470378781,0.842661821647
798,1.00299697442,0.855034873515,59.0064860001,1.93942927668,0.383439066081,21.8394761895,3.37198078282,0.213746431279,0.990313136659,3.09530672259,1.0,614.47301305,0.837416959068
799,1.00425386286,0.855450382495,58.9876889286,1.93986190314,0.383625400438,21.8621724724,3.37299348812,0.213913379101,0.990206605789,3.09499345136,1.0,614.475649421,0.832137861148
800,1.0055107513,0.85586662833,58.9688708236,1.94029440469,0.382955341892,21.8848633424,3.3740053965,0.213547784026,0.990119027988,3.09478495747,1.0,614.46987071,0.828863845518
801,1.00676763974,0.856283611923,58.9500316948,1.94072678107,0.383141920137,21.9075487806,3.37501651063,0.213714947353,0.99001131084,3.09447051329,1.0,614.472515406,0.823536266701
802,1.00802452818,0.85670133418,58.9311715518,1.94115903203,0.383328828894,21.9302287679,3.37602683315,0.213882505866,0.989902895189,3.09415512205,1.0,614.475162195,0.818172794372
803,1.00928141662,0.857119796007,58.9122904042,1.9415911573,0.383516068571,21.9529032856,3.37703636672,0.214050460544,0.98979377926,3.09383878223,1.0,614.477811072,0.812772719419
804,1.01053830506,0.857538998313,58.8933882616,1.94202315661,0.383703639572,21.9755723148,3.37804511396,0.214218812369,0.989683961276,3.09352149228,1.0,614.480462032,0.807335308833
805,1.01179519349,0.857958942008,58.8744651338,1.94245502972,0.383891542307,21.9982358367,3.3790530775,0.214387562326,0.98957343946,3.09320325069,1.0,614.483115072,0.801859804557
806,1.01305208193,0.858379628004,58.8555210303,1.94288677636,0.384079777182,22.0208938325,3.38006025994,0.214556711404,0.989462212037,3.09288405589,1.0,614.485770187,0.796345422279
807,1.01430897037,0.858801057214,58.8365559609,1.94331839626,0.384268344606,22.0435462836,3.38106666389,0.214726260595,0.98935027723,3.09256390636,1.0,614.488427374,0.790791350134
808,1.01556585881,0.859223230553,58.8175699353,1.94374988916,0.384457244989,22.0661931714,3.38207229193,0.214896210896,0.989237633263,3.09224280054,1.0,614.491086627,0.785599579457
809,1.01682274725,0.859646148939,58.7985629631,1.9441812548,0.384646478741,22.0888344771,3.38307714663,0.215066563307,0.989124278357,3.09192073687,1.0,614.493747943,0.791235584077
810,1.01807963569,0.860069813289,58.7795350541,1.94461249291,0.384836046274,22.1114701823,3.38408123058,0.21523731883,0.989010210736,3.09159771378,1.0,614.496411317,0.796913893638
811,1.01933652413,0.860494224525,58.7604862181,1.94504360324,0.385025947998,22.1341002683,3.38508454631,0.215408478472,0.988895428624,3.09127372973,1.0,614.499076746,0.802635444867
812,1.02059341257,0.860919383568,58.7414164646,1.94547458551,0.384354403168,22.1567247168,3.38608709638,0.21504038454,0.988802169261,3.09106331445,1.0,614.493339242,0.806075828267
813,1.02185030101,0.861345291341,58.7223258037,1.94590543947,0.38454454818,22.1793435093,3.38708888332,0.215211761808,0.988686175881,3.09073815366,1.0,614.496012959,0.811859656345
814,1.02310718945,0.861771948771,58.7032142449,1.94633616483,0.384735027873,22.2019566274,3.38808990965,0.215383544571,0.988569463939,3.0904120296,1.0,614.49868872,0.817689201922
815,1.02436407789,0.862199356783,58.6840817981,1.94676676135,0.384925842662,22.2245640528,3.38909017788,0.215555733847,0.98845203166,3.09008494068,1.0,614.501366522,0.823565533557
816,1.02562096632,0.862627516307,58.6649284731,1.94719722874,0.38511699296,22.2471657671,3.39008969052,0.215728330654,0.988333877267,3.08975688532,1.0,614.50404636,0.82948976243
817,1.02687785476,0.863056428274,58.6457542797,1.94762756675,0.385308479183,22.2697617521,3.39108845005,0.215901336016,0.988214998985,3.08942786193,1.0,614.50672823,0.835463044762
818,1.0281347432,0.863486093614,58.6265592278,1.94805777511,0.385500301747,22.2923519896,3.39208645896,0.21607475096,0.988095395037,3.08909786892,1.0,614.509412127,0.84148658441
819,1.02939163164,0.863916513263,58.6073433271,1.94848785354,0.38569246107,22.3149364614,3.39308371972,0.216248576518,0.987975063646,3.08876690467,1.0,614.512098048,0.847561635668
820,1.03064852008,0.864347688154,58.5881065876,1.94891780178,0.385884957568,22.3375151493,3.39408023478,0.216422813723,0.987854003037,3.08843496759,1.0,614.514785988,0.853689506268
821,1.03190540852,0.864779619227,58.5688490191,1.94934761956,0.386077791661,22.3600880353,3.39507600661,0.216597463615,0.987732211432,3.08810205606,1.0,614.517475942,0.859871560626
822,1.03316229696,0.865212307419,58.5495706315,1.94977730661,0.386270963766,22.3826551013,3.39607103762,0.216772527235,0.987609687056,3.08776816847,1.0,614.520167907,0.866109223345
823,1.0344191854,0.865645753672,58.5302714347,1.95020686266,0.386464474306,22.4052163293,3.39706533027,0.216948005629,0.987486428131,3.08743330318,1.0,614.522861879,0.872403982997
824,1.03567607384,0.866079958927,58.5109514386,1.95063628743,0.386658323699,22.4277717014,3.39805888696,0.217123899847,0.987362432882,3.08709745858,1.0,614.525557852,0.878757396219
825,1.03693296228,0.866514924128,58.4916106532,1.95106558066,0.385985130068,22.4503211995,3.3990517101,0.216753006224,0.987262952473,3.08688509851,1.0,614.519867948,0.882451267592
826,1.03818985072,0.866950650222,58.4722490883,1.95149474207,0.386179222272,22.4728648059,3.4000438021,0.216929120714,0.987137719032,3.08654807228,1.0,614.522572165,0.888890840581
827,1.03944673916,0.867387138156,58.452866754,1.9519237714,0.386373653834,22.4954025026,3.40103516533,0.217105652467,0.987011745223,3.08621006433,1.0,614.525278374,0.895393248344
828,1.04070362759,0.867824388879,58.4334636601,1.95235266836,0.386568425177,22.5179342719,3.40202580219,0.217282602541,0.98688502927,3.08587107302,1.0,614.527986571,0.901960322088
829,1.04196051603,0.868262403342,58.4140398168,1.95278143268,0.386763536724,22.540460096,3.40301571504,0.217459972001,0.986757569398,3.08553109668,1.0,614.530696752,0.908593984264
830,1.04321740447,0.868701182497,58.3945952339,1.9532100641,0.3869589889,22.5629799571,3.40400490623,0.217637761914,0.986629363833,3.08519013367,1.0,614.533408912,0.915296255069
831,1.04447429291,0.869140727299,58.3751299215,1.95363856233,0.38715478213,22.5854938376,3.40499337812,0.217815973349,0.9865004108,3.08484818233,1.0,614.536123047,0.922069259549
832,1.04573118135,0.869581038704,58.3556438896,1.9540669271,0.38735091684,22.6080017199,3.40598113306,0.217994607383,0.986370708523,3.08450524098,1.0,614.538839153,0.92891523538
833,1.04698806979,0.870022117669,58.3361371482,1.95449515813,0.387547393457,22.6305035863,3.40696817335,0.218173665095,0.986240255228,3.08416130796,1.0,614.541557225,0.935836541411
834,1.04824495823,0.870463965155,58.3166097074,1.95492325515,0.387744212407,22.6529994193,3.40795450134,0.218353147565,0.986109049141,3.08381638159,1.0,614.544277259,0.942835667053
835,1.04950184667,0.870906582122,58.2970615773,1.95535121788,0.387941374119,22.6754892013,3.40894011933,0.218533055883,0.985977088486,3.08347046019,1.0,614.546999251,0.949915242634
836,1.05075873511,0.871349969533,58.2774927679,1.95577904604,0.388138879022,22.6979729148,3.40992502961,0.218713391137,0.985844371489,3.08312354206,1.0,614.549723197,0.957078050824
837,1.05201562355,0.871794128354,58.2579032893,1.95620673936,0.387464060757,22.7204505425,3.41090923449,0.218339776946,0.985739129678,3.08290963348,1.0,614.544074784,0.961114534698
838,1.05327251199,0.87223905955,58.2382931517,1.95663429756,0.387661807955,22.7429220668,3.41189273624,0.2185203349,0.985605150205,3.08256152917,1.0,614.546806932,0.968402183106
839,1.05452940042,0.872684764089,58.2186623651,1.95706172035,0.387859898861,22.7653874704,3.41287553714,0.218701321289,0.985470410373,3.08221242562,1.0,614.549541024,0.975780710882
840,1.05578628886,0.873131242942,58.1990109397,1.95748900746,0.388058333907,22.787846736,3.41385763945,0.218882737214,0.985334908408,3.08186232113,1.0,614.552277054,0.983253540432
841,1.0570431773,0.87357849708,58.1793388856,1.95791615861,0.388257113524,22.8102998463,3.41483904543,0.21906458378,0.98519864254,3.08151121398,1.0,614.555015019,0.990824315476
842,1.05830006574,0.874026527476,58.159646213,1.95834317352,0.388456238144,22.832746784,3.41581975731,0.219246862095,0.985061610994,3.08115910245,1.0,614.557754915,0.998496921619
843,1.05955695418,0.874475335106,58.139932932,1.9587700519,0.388655708202,22.8551875318,3.41679977734,0.219429573272,0.984923812,3.08080598483,1.0,614.560496737,1.00627550946
844,1.06081384262,0.874924920946,58.1201990529,1.95919679347,0.388855524131,22.8776220727,3.41777910773,0.219612718429,0.984785243785,3.08045185937,1.0,614.563240481,1.0141645206
845,1.06207073106,0.875375285975,58.1004445859,1.95962339796,0.389055686366,22.9000503895,3.41875775072,0.219796298685,0.984645904577,3.08009672434,1.0,614.565986141,1.02216871708
846,1.0633276195,0.875826431174,58.0806695411,1.96004986508,0.389256195343,22.922472465,3.41973570851,0.219980315168,0.984505792604,3.079740578,1.0,614.568733715,1.03029321465
847,1.06458450794,0.876278357523,58.0608739288,1.96047619454,0.389457051499,22.9448882822,3.42071298329,0.220164769004,0.984364906096,3.0793834186,1.0,614.571483198,1.03854352077
848,1.06584139638,0.876731066008,58.0410577593,1.96090238606,0.38965825527,22.967297824,3.42168957725,0.220349661329,0.984223243281,3.07902524439,1.0,614.574234584,1.0469255779
849,1.06709828482,0.877184557613,58.0212210428,1.96132843936,0.388981744481,22.9897010735,3.42266549258,0.219973214783,0.984112208913,3.07880997322,1.0,614.568627784,1.05150705798
850,1.06835517326,0.877638833327,58.0013637895,1.96175435415,0.389183190067,23.0120980137,3.42364073146,0.220158332386,0.983969259695,3.07845060786,1.0,614.571387331,1.06009217352
851,1.06961206169,0.878093894137,57.9814860098,1.96218013014,0.3893849838,23.0344886276,3.42461529603,0.220343890036,0.983825530182,3.07809022505,1.0,614.574148772,1.06882602172
852,1.07086895013,0.878549741035,57.961587714,1.96260576705,0.389587126118,23.0568728984,3.42558918847,0.220529888878,0.983681018604,3.07772882302,1.0,614.576912102,1.07771650441
853,1.07212583857,0.879006375014,57.9416689123,1.9630312646,0.389789617462,23.0792508092,3.4265624109,0.22071633006,0.983535723192,3.07736639999,1.0,614.579677318,1.0867722511
854,1.07338272701,0.879463797067,57.9217296151,1.96345662249,0.389992458273,23.1016223432,3.42753496548,0.220903214734,0.98338964218,3.07700295419,1.0,614.582444415,1.0960027164
855,1.07463961545,0.879922008191,57.9017698328,1.96388184044,0.390195648991,23.1239874836,3.42850685433,0.221090544058,0.983242773797,3.07663848381,1.0,614.585213388,1.10541829489
856,1.07589650389,0.880381009384,57.8817895756,1.96430691815,0.390399190061,23.1463462137,3.42947807956,0.221278319191,0.983095116277,3.07627298705,1.0,614.587984233,1.11503045751
857,1.07715339233,0.880840801645,57.8617888541,1.96473185535,0.390603081924,23.1686985167,3.4304486433,0.221466541299,0.982946667851,3.07590646212,1.0,614.590756946,1.12485191437
858,1.07841028077,0.881301385975,57.8417676784,1.96515665173,0.390807325026,23.191044376,3.43141854764,0.221655211551,0.982797426754,3.0755389072,1.0,614.593531523,1.13489681076
859,1.07966716921,0.881762763378,57.8217260592,1.96558130702,0.39101191981,23.2133837749,3.43238779467,0.221844331121,0.982647391217,3.07517032047,1.0,614.596307958,1.14518096485
860,1.08092405765,0.882224934859,57.8016640067,1.96600582091,0.391216866723,23.2357166969,3.43335638649,0.222033901188,0.982496559474,3.0748007001,1.0,614.599086248,1.15572215864
861,1.08218094609,0.882687901424,57.7815815314,1.96643019311,0.390538594744,23.2580431253,3.43432432517,0.221654506917,0.982379705571,3.07458425618,1.0,614.593521169,1.1613275176
862,1.08343783452,0.883151664081,57.7614786437,1.96685442335,0.390743783027,23.2803630436,3.43529161277,0.221844304993,0.98222756387,3.07421343922,1.0,614.596307575,1.17228337654
863,1.08469472296,0.883616223841,57.7413553541,1.96727851131,0.390949323982,23.3026764354,3.43625825136,0.22203455519,0.982074622006,3.07384158587,1.0,614.599095824,1.18355156117
864,1.0859516114,0.884081581716,57.721211673,1.96770245672,0.391155218057,23.3249832841,3.437224243,0.222225258697,0.981920878216,3.0734686943,1.0,614.601885914,1.19516017575
865,1.08720849984,0.884547738719,57.701047611,1.96812625926,0.3913614657,23.3472835733,3.43818958972,0.222416416707,0.981766330735,3.07309476264,1.0,614.604677838,1.20714181873
866,1.08846538828,0.885014695867,57.6808631785,1.96854991866,0.391568067361,23.3695772866,3.43915429356,0.222608030417,0.981610977801,3.07271978905,1.0,614.607471594,1.21953465851
867,1.08972227672,0.885482454175,57.6606583861,1.96897343462,0.391775023489,23.3918644076,3.44011835654,0.222800101031,0.981454817651,3.07234377165,1.0,614.610267176,1.2323838649
868,1.09097916516,0.885951014664,57.6404332442,1.96939680683,0.391982334536,23.4141449201,3.4410817807,0.222992629756,0.981297848523,3.07196670858,1.0,614.61306458,1.24574355142
869,1.0922360536,0.886420378354,57.6201877634,1.96982003501,0.392190000954,23.4364188077,3.44204456803,0.223185617801,0.981140068655,3.07158859796,1.0,614.615863801,1.25967947079
870,1.09349294204,0.886890546267,57.5999219543,1.97024311885,0.392398023194,23.4586860541,3.44300672054,0.223379066384,0.980981476286,3.0712094379,1.0,614.618664836,1.27427285463
871,1.09474983048,0.887361519429,57.5796358275,1.97066605807,0.39260640171,23.4809466432,3.44396824023,0.223572976725,0.980822069655,3.07082922652,1.0,614.621467679,1.28962605392
872,1.09600671892,0.887833298864,57.5593293934,1.97108885236,0.391926414941,23.5032005586,3.44492912908,0.223190748119,0.980699888325,3.07061195202,1.0,614.615938148,1.29770462225
873,1.09726360736,0.888305885602,57.5390026628,1.97151150142,0.392135034312,23.5254477843,3.44588938907,0.223384888901,0.980539150727,3.07023053906,1.0,614.618749067,1.3144386807
874,1.09852049579,0.888779280672,57.5186556461,1.97193400495,0.392344010514,23.5476883041,3.44684902217,0.223579493124,0.980377594942,3.06984807189,1.0,614.621561784,1.33234826489
875,1.09977738423,0.889253485105,57.4982883541,1.97235636266,0.392553344003,23.5699221019,3.44780803036,0.223774562021,0.980215219211,3.06946454861,1.0,614.624376295,1.35172148383
876,1.10103427267,0.889728499935,57.4779007974,1.97277857424,0.392763035234,23.5921491616,3.44876641557,0.223970096828,0.980052021778,3.0690799673,1.0,614.627192594,1.37298791024
877,1.10229116111,0.890204326197,57.4574929867,1.97320063939,0.392973084665,23.6143694673,3.44972417976,0.224166098786,0.979888000885,3.06869432603,1.0,614.630010679,1.3968405051
878,1.10354804955,0.890680964927,57.4370649325,1.97362255782,0.393183492753,23.6365830028,3.45068132488,0.22436256914,0.979723154776,3.06830762287,1.0,614.632830544,1.42453914688
879,1.10480493799,0.891158417165,57.4166166456,1.97404432922,0.393394259957,23.6587897522,3.45163785284,0.224559509142,0.979557481696,3.06791985587,1.0,614.635652184,1.45890452587
880,1.10606182643,0.891636683951,57.3961481367,1.97446595328,0.393605386736,23.6809896997,3.45259376558,0.224756920045,0.97939097989,3.06753102309,1.0,614.638475596,1.51041034897
881,1.10731871487,0.892115766326,57.3756594165,1.9748874297,0.39381687355,23.7031828292,3.45354906501,0.224954803109,0.979223647603,3.06714112257,0.0,0.0,0.0
882,1.10857560331,0.892595665336,57.3551504957,1.97530875818,0.394028720861,23.7253691248,3.45450375305,0.225153159599,0.979055483081,3.06675015235,0.0,0.0,0.0
883,1.10983249175,0.893076382026,57.3346213851,1.97572993842,0.393346958784,23.7475485709,3.45545783159,0.224767992638,0.978927961386,3.06653221824,0.0,0.0,0.0
884,1.11108938019,0.893557917443,57.3140720953,1.97615097011,0.393559046455,23.7697211514,3.45641130252,0.224966582123,0.978758445228,3.06614004103,0.0,0.0,0.0
885,1.11234626862,0.894040272637,57.2935026373,1.97657185294,0.393771495189,23.7918868507,3.45736416774,0.22516564678,0.978588092945,3.06574679111,0.0,0.0,0.0
886,1.11360315706,0.89452344866,57.2729130217,1.9769925866,0.39398430545,23.814045653,3.45831642913,0.225365187886,0.978416902785,3.06535246651,0.0,0.0,0.0
887,1.1148600455,0.895007446564,57.2523032594,1.9774131708,0.3941974777,23.8361975426,3.45926808854,0.225565206721,0.978244872997,3.06495706523,0.0,0.0,0.0
888,1.11611693394,0.895492267404,57.2316733611,1.97783360521,0.394411012404,23.8583425038,3.46021914786,0.225765704571,0.978072001834,3.06456058527,0.0,0.0,0.0
889,1.11737382238,0.895977912237,57.2110233377,1.97825388954,0.394624910028,23.8804805208,3.46116960893,0.225966682727,0.977898287547,3.06416302463,0.0,0.0,0.0
890,1.11863071082,0.896464382122,57.1903532001,1.97867402347,0.394839171038,23.9026115782,3.46211947361,0.226168142484,0.977723728388,3.06376438129,0.0,0.0,0.0
891,1.11988759926,0.896951678117,57.169662959,1.9790940067,0.395053795901,23.9247356602,3.46306874373,0.226370085143,0.97754832261,3.06336465322,0.0,0.0,0.0
892,1.1211444877,0.897439801287,57.1489526254,1.97951383891,0.395268785085,23.9468527514,3.46401742114,0.22657251201,0.977372068468,3.0629638384,0.0,0.0,0.0
893,1.12240137614,0.897928752694,57.1282222101,1.9799335198,0.395484139058,23.9689628361,3.46496550766,0.226775424393,0.977194964214,3.06256193478,0.0,0.0,0.0
894,1.12365826458,0.898418533405,57.1074717241,1.98035304904,0.394800540446,23.991065899,3.46591300511,0.226387211839,0.977062092459,3.06234351547,0.0,0.0,0.0
895,1.12491515302,0.898909144486,57.0867011782,1.98077242634,0.395016134304,24.0131619244,3.4668599153,0.226590359897,0.976883616251,3.06194039898,0.0,0.0,0.0
896,1.12617204145,0.899400587007,57.0659105834,1.98119165137,0.39523209353,24.0352508969,3.46780624005,0.226793995282,0.976704286076,3.06153619056,0.0,0.0,0.0
897,1.12742892989,0.899892862039,57.0450999506,1.98161072382,0.395448418594,24.0573328012,3.46875198114,0.226998119319,0.976524100194,3.06113088815,0.0,0.0,0.0
898,1.12868581833,0.900385970656,57.0242692908,1.98202964339,0.395665109968,24.0794076218,3.46969714038,0.227202733334,0.976343056863,3.06072448969,0.0,0.0,0.0
899,1.12994270677,0.900879913932,57.0034186149,1.98244840974,0.395882168124,24.1014753434,3.47064171954,0.22740783866,0.976161154343,3.06031699309,0.0,0.0,0.0
900,1.13119959521,0.901374692943,56.982547934,1.98286702258,0.396099593536,24.1235359506,3.47158572041,0.227613436635,0.975978390894,3.05990839627,0.0,0.0,0.0
901,1.13245648365,0.901870308768,56.9616572589,1.98328548158,0.396317386676,24.1455894281,3.47252914476,0.2278195286,0.97579476478,3.05949869714,0.0,0.0,0.0
902,1.13371337209,0.902366762487,56.9407466009,1.98370378642,0.39653554802,24.1676357607,3.47347199435,0.228026115905,0.975610274261,3.05908789359,0.0,0.0,0.0
903,1.13497026053,0.902864055182,56.9198159707,1.98412193679,0.396754078043,24.1896749332,3.47441427093,0.228233199901,0.975424917602,3.05867598351,0.0,0.0,0.0
904,1.13622714897,0.903362187937,56.8988653796,1.98453993238,0.396972977222,24.2117069302,3.47535597627,0.228440781947,0.975238693067,3.0582629648,0.0,0.0,0.0
905,1.13748403741,0.903861161839,56.8778948386,1.98495777285,0.396287480113,24.2337317366,3.4762971121,0.228049413188,0.975100464772,3.05804423827,0.0,0.0,0.0
906,1.13874092585,0.904360977973,56.8569043587,1.98537545789,0.396506618718,24.2557493373,3.47723768015,0.228257233715,0.974912848322,3.05763000029,0.0,0.0,0.0
907,1.13999781429,0.90486163743,56.8358939511,1.98579298719,0.396726127069,24.2777597171,3.47817768217,0.228465554171,0.974724360179,3.05721465039,0.0,0.0,0.0
908,1.14125470272,0.905363141301,56.8148636268,1.98621036042,0.396946005643,24.299762861,3.47911711987,0.228674375925,0.974534998612,3.05679818643,0.0,0.0,0.0
909,1.14251159116,0.905865490679,56.7938133969,1.98662757726,0.397166254919,24.3217587538,3.48005599498,0.228883700354,0.97434476189,3.05638060625,0.0,0.0,0.0
910,1.1437684796,0.906368686659,56.7727432726,1.98704463739,0.397386875379,24.3437473805,3.48099430919,0.229093528839,0.974153648283,3.0559619077,0.0,0.0,0.0
911,1.14502536804,0.906872730336,56.751653265,1.98746154048,0.397607867502,24.365728726,3.48193206421,0.229303862767,0.973961656064,3.05554208861,0.0,0.0,0.0
912,1.14628225648,0.907377622811,56.7305433854,1.98787828622,0.39782923177,24.3877027755,3.48286926175,0.229514703529,0.973768783504,3.0551211468,0.0,0.0,0.0
913,1.14753914492,0.907883365183,56.7094136447,1.98829487427,0.398050968666,24.4096695139,3.48380590349,0.229726052522,0.973575028877,3.0546990801,0.0,0.0,0.0
914,1.14879603336,0.908389958554,56.6882640544,1.98871130431,0.398273078672,24.4316289263,3.48474199111,0.22993791115,0.973380390458,3.0542758863,0.0,0.0,0.0
915,1.1500529218,0.908897404029,56.6670946255,1.98912757603,0.397585755069,24.4535809977,3.4856775263,0.229543542183,0.973237326246,3.0540571299,0.0,0.0,0.0
916,1.15130981024,0.909405702712,56.6459053692,1.98954368908,0.397808103943,24.4755257134,3.48661251072,0.229755641698,0.973041278377,3.05363271113,0.0,0.0,0.0
917,1.15256669868,0.909914855713,56.6246962969,1.98995964315,0.398030826527,24.4974630584,3.48754694603,0.229968252787,0.972844342937,3.05320716184,0.0,0.0,0.0
918,1.15382358712,0.91042486414,56.6034674198,1.99037543791,0.398253923306,24.519393018,3.4884808339,0.230181376866,0.972646518205,3.05278047983,0.0,0.0,0.0
919,1.15508047555,0.910935729105,56.582218749,1.99079107302,0.398477394767,24.5413155773,3.48941417598,0.230395015355,0.972447802461,3.05235266287,0.0,0.0,0.0
920,1.15633736399,0.911447451721,56.560950296,1.99120654817,0.398701241397,24.5632307215,3.49034697392,0.230609169682,0.972248193987,3.05192370871,0.0,0.0,0.0
921,1.15759425243,0.911960033102,56.539662072,1.99162186302,0.398925463683,24.585138436,3.49127922934,0.230823841278,0.972047691066,3.05149361512,0.0,0.0,0.0
922,1.15885114087,0.912473474367,56.5183540882,1.99203701724,0.399150062114,24.6070387059,3.49221094388,0.231039031582,0.971846291981,3.05106237984,0.0,0.0,0.0
923,1.16010802931,0.912987776633,56.4970263561,1.99245201049,0.39937503718,24.6289315167,3.49314211918,0.231254742035,0.971643995017,3.0506300006,0.0,0.0,0.0
924,1.16136491775,0.913502941022,56.475678887,1.99286684246,0.39960038937,24.6508168535,3.49407275685,0.231470974088,0.971440798461,3.05019647514,0.0,0.0,0.0
925,1.16262180619,0.914018968655,56.4543116922,1.9932815128,0.399826119175,24.6726947019,3.4950028585,0.231687729193,0.971236700599,3.04976180117,0.0,0.0,0.0
926,1.16387869463,0.914535860656,56.4329247831,1.99369602119,0.399136775783,24.6945650472,3.49593242575,0.23128998241,0.971088278099,3.04954309066,0.0,0.0,0.0
927,1.16513558307,0.915053618153,56.411518171,1.99411036728,0.399362744019,24.7164278747,3.49686146018,0.231506981454,0.970882751549,3.04910718429,0.0,0.0,0.0
928,1.16639247151,0.915572242273,56.3900918674,1.99452455075,0.399589090482,24.73828317,3.49778996341,0.231724505563,0.970676319958,3.04867012583,0.0,0.0,0.0
929,1.16764935995,0.916091734146,56.3686458837,1.99493857126,0.399815815664,24.7601309185,3.49871793702,0.231942556205,0.970468981619,3.04823191299,0.0,0.0,0.0
930,1.16890624839,0.916612094903,56.3471802314,1.99535242847,0.400042920058,24.7819711056,3.49964538259,0.232161134854,0.970260734828,3.04779254344,0.0,0.0,0.0
931,1.17016313682,0.917133325678,56.3256949217,1.99576612205,0.40027040416,24.803803717,3.50057230169,0.232380242989,0.970051577877,3.04735201485,0.0,0.0,0.0
932,1.17142002526,0.917655427607,56.3041899663,1.99617965166,0.400498268466,24.8256287382,3.50149869591,0.232599882095,0.969841509065,3.04691032489,0.0,0.0,0.0
933,1.1726769137,0.918178401826,56.2826653766,1.99659301697,0.40072651347,24.8474461546,3.50242456681,0.232820053663,0.969630526689,3.04646747121,0.0,0.0,0.0
934,1.17393380214,0.918702249475,56.261121164,1.99700621762,0.400955139671,24.869255952,3.50334991594,0.23304075919,0.969418629048,3.04602345146,0.0,0.0,0.0
935,1.17519069058,0.919226971694,56.2395573401,1.99741925329,0.401184147567,24.8910581159,3.50427474485,0.233262000178,0.969205814443,3.04557826327,0.0,0.0,0.0
936,1.17644757902,0.919752569627,56.2179739165,1.99783212364,0.400492864419,24.9128526319,3.50519905511,0.232861044577,0.969052563203,3.0453598561,0.0,0.0,0.0
937,1.17770446746,0.920279044417,56.1963709045,1.99824482831,0.400722110199,24.9346394858,3.50612284824,0.233082532119,0.968838303054,3.04491342883,0.0,0.0,0.0
938,1.1789613559,0.920806397213,56.1747483158,1.99865736698,0.400951738293,24.9564186633,3.50704612579,0.233304557201,0.968623122248,3.04446582938,0.0,0.0,0.0
939,1.18021824434,0.921334629161,56.153106162,1.9990697393,0.401181749202,24.97819015,3.50796888928,0.233527121339,0.968407019093,3.04401705539,0.0,0.0,0.0
940,1.18147513278,0.921863741413,56.1314444546,1.99948194493,0.401412143425,24.9999539316,3.50889114024,0.233750226056,0.968189991895,3.04356710443,0.0,0.0,0.0
941,1.18273202122,0.92239373512,56.1097632052,1.99989398352,0.401642921466,25.0217099941,3.50981288019,0.23397387288,0.967972038963,3.0431159741,0.0,0.0,0.0
942,1.18398890965,0.922924611436,56.0880624254,2.00030585472,0.401874083826,25.0434583231,3.51073411063,0.234198063346,0.967753158609,3.04266366197,0.0,0.0,0.0
943,1.18524579809,0.923456371517,56.0663421268,2.0007175582,0.402105631008,25.0651989045,3.51165483309,0.234422798994,0.967533349145,3.04221016561,0.0,0.0,0.0
944,1.18650268653,0.923989016521,56.0446023212,2.00112909361,0.402337563517,25.0869317242,3.51257504905,0.23464808137,0.967312608883,3.04175548258,0.0,0.0,0.0
945,1.18775957497,0.924522547607,56.0228430201,2.0015404606,0.402569881858,25.1086567679,3.51349476001,0.234873912028,0.967090936141,3.04129961042,0.0,0.0,0.0
946,1.18901646341,0.925056965937,56.0010642351,2.00195165882,0.401876603594,25.1303740215,3.51441396747,0.234469643395,0.966932864165,3.04108167166,0.0,0.0,0.0
947,1.19027335185,0.925592272674,55.9792659781,2.00236268792,0.402109159274,25.1520834711,3.5153326729,0.234695723321,0.966709729363,3.04062455323,0.0,0.0,0.0
948,1.19153024029,0.926128468983,55.9574482607,2.00277354757,0.402342101414,25.1737851025,3.5162508778,0.234922353675,0.966485658433,3.0401662418,0.0,0.0,0.0
949,1.19278712873,0.926665556032,55.9356110946,2.00318423739,0.402575430522,25.1954789017,3.51716858362,0.235149536025,0.966260649696,3.03970673487,0.0,0.0,0.0
950,1.19404401717,0.927203534988,55.9137544915,2.00359475706,0.402809147106,25.2171648547,3.51808579185,0.235377271943,0.966034701475,3.03924602996,0.0,0.0,0.0
951,1.19530090561,0.927742407023,55.8918784633,2.00400510621,0.403043251674,25.2388429475,3.51900250393,0.23560556301,0.965807812095,3.03878412456,0.0,0.0,0.0
952,1.19655779405,0.92828217331,55.8699830215,2.00441528449,0.403277744735,25.2605131661,3.51991872133,0.235834410811,0.965579979882,3.03832101616,0.0,0.0,0.0
953,1.19781468248,0.928822835022,55.8480681781,2.00482529155,0.4035126268,25.2821754965,3.5208344455,0.236063816938,0.965351203163,3.03785670223,0.0,0.0,0.0
954,1.19907157092,0.929364393337,55.8261339448,2.00523512704,0.403747898381,25.303829925,3.52174967789,0.236293782989,0.96512148027,3.03739118024,0.0,0.0,0.0
955,1.20032845936,0.929906849433,55.8041803334,2.0056447906,0.403052722307,25.3254764375,3.52266441993,0.23588640397,0.964959126364,3.03717392025,0.0,0.0,0.0
956,1.2015853478,0.930450204489,55.7822073558,2.00605428188,0.403288230555,25.3471150202,3.52357867307,0.236116621498,0.96472792718,3.03670714576,0.0,0.0,0.0
957,1.20284223624,0.930994459688,55.7602150238,2.00646360052,0.403524128954,25.3687456593,3.52449243872,0.23634740116,0.964495778217,3.03623915919,0.0,0.0,0.0
958,1.20409912468,0.931539616213,55.7382033492,2.00687274616,0.403760418019,25.3903683408,3.52540571832,0.236578744569,0.964262677812,3.03576995796,0.0,0.0,0.0
959,1.20535601312,0.932085675251,55.7161723439,2.00728171846,0.403997098262,25.4119830511,3.52631851329,0.236810653344,0.964028624303,3.03529953951,0.0,0.0,0.0
960,1.20661290156,0.932632637988,55.6941220198,2.00769051704,0.4042341702,25.4335897764,3.52723082503,0.237043129112,0.96379361603,3.03482790123,0.0,0.0,0.0
961,1.20786979,0.933180505615,55.6720523888,2.00809914156,0.404471634346,25.4551885028,3.52814265496,0.237276173506,0.963557651335,3.03435504053,0.0,0.0,0.0
962,1.20912667844,0.933729279323,55.6499634628,2.00850759165,0.404709491219,25.4767792167,3.52905400448,0.237509788164,0.96332072856,3.03388095481,0.0,0.0,0.0
963,1.21038356688,0.934278960304,55.6278552538,2.00891586695,0.404947741334,25.4983619043,3.529964875,0.237743974733,0.963082846053,3.03340564144,0.0,0.0,0.0
964,1.21164045532,0.934829549755,55.6057277736,2.0093239671,0.40518638521,25.5199365519,3.53087526789,0.237978734864,0.96284400216,3.03292909778,0.0,0.0,0.0
965,1.21289734375,0.935381048872,55.5835810343,2.00973189174,0.404489106006,25.541503146,3.53178518456,0.237567835457,0.96267685119,3.03271263256,0.0,0.0,0.0
966,1.21415423219,0.935933458854,55.5614150478,2.0101396405,0.404727985998,25.5630616728,3.53269462638,0.23780284996,0.962436515164,3.03223482823,0.0,0.0,0.0
967,1.21541112063,0.936486780901,55.5392298261,2.01054721303,0.404967260397,25.5846121187,3.53360359473,0.238038440308,0.9621952142,3.03175578943,0.0,0.0,0.0
968,1.21666800907,0.937041016217,55.5170253812,2.01095460895,0.405206929723,25.6061544701,3.53451209098,0.238274608167,0.961952946651,3.03127551348,0.0,0.0,0.0
969,1.21792489751,0.937596166006,55.4948017252,2.01136182791,0.405446994496,25.6276887134,3.5354201165,0.238511355213,0.961709710876,3.03079399771,0.0,0.0,0.0
970,1.21918178595,0.938152231474,55.4725588701,2.01176886953,0.405687455239,25.6492148352,3.53632767266,0.238748683128,0.961465505231,3.03031123944,0.0,0.0,0.0
971,1.22043867439,0.93870921383,55.450296828,2.01217573346,0.405928312474,25.6707328218,3.53723476081,0.238986593598,0.961220328079,3.02982723596,0.0,0.0,0.0
972,1.22169556283,0.939267114284,55.4280156108,2.01258241931,0.406169566725,25.6922426598,3.53814138231,0.239225088319,0.960974177782,3.02934198456,0.0,0.0,0.0
973,1.22295245127,0.939825934047,55.4057152308,2.01298892673,0.406411218514,25.7137443356,3.53904753849,0.239464168991,0.960727052703,3.02885548254,0.0,0.0,0.0
974,1.22420933971,0.940385674335,55.3833957,2.01339525535,0.405711941374,25.7352378358,3.53995323071,0.23904996625,0.960555648741,3.02864000194,0.0,0.0,0.0
975,1.22546622815,0.940946336361,55.3610570305,2.01380140479,0.405953828594,25.7567231469,3.5408584603,0.239289303651,0.960307017925,3.0281522321,0.0,0.0,0.0
976,1.22672311658,0.941507921346,55.3386992344,2.01420737469,0.406196114008,25.7782002556,3.5417632286,0.23952922935,0.960057408825,3.02766320727,0.0,0.0,0.0
977,1.22798000502,0.942070430507,55.316322324,2.01461316467,0.40643879814,25.7996691484,3.54266753693,0.239769745067,0.959806819812,3.0271729247,0.0,0.0,0.0
978,1.22923689346,0.942633865066,55.2939263113,2.01501877437,0.406681881519,25.8211298119,3.54357138661,0.240010852526,0.959555249261,3.0266813816,0.0,0.0,0.0
979,1.2304937819,0.943198226247,55.2715112086,2.0154242034,0.406925364671,25.8425822329,3.54447477897,0.240252553459,0.959302695549,3.02618857521,0.0,0.0,0.0
980,1.23175067034,0.943763515275,55.2490770281,2.01582945139,0.407169248126,25.8640263978,3.54537771531,0.240494849603,0.959049157055,3.02569450273,0.0,0.0,0.0
981,1.23300755878,0.944329733377,55.2266237819,2.01623451797,0.407413532412,25.8854622935,3.54628019695,0.240737742704,0.95879463216,3.02519916137,0.0,0.0,0.0
982,1.23426444722,0.944896881783,55.2041514823,2.01663940277,0.40765821806,25.9068899066,3.54718222519,0.240981234514,0.958539119249,3.0247025483,0.0,0.0,0.0
983,1.23552133566,0.945464961722,55.1816601416,2.0170441054,0.407903305602,25.9283092239,3.54808380132,0.241225326792,0.958282616706,3.0242046607,0.0,0.0,0.0
984,1.2367782241,0.946033974428,55.1591497719,2.0174486255,0.407201814619,25.9497202321,3.54898492665,0.240807383768,0.958106447696,3.02399031481,0.0,0.0,0.0
985,1.23803511254,0.946603921136,55.1366203857,2.01785296268,0.407447137026,25.9711229179,3.54988560246,0.241051735852,0.957848424282,3.02349115012,0.0,0.0,0.0
986,1.23929200098,0.947174803082,55.1140719951,2.01825711655,0.407692861988,25.9925172682,3.55078583004,0.24129669083,0.957589407788,3.02299070635,0.0,0.0,0.0
987,1.24054888942,0.947746621504,55.0915046125,2.01866108676,0.407938990037,26.0139032698,3.55168561066,0.241542250479,0.957329396609,3.02248898064,0.0,0.0,0.0
988,1.24180577785,0.948319377643,55.0689182502,2.0190648729,0.408185521709,26.0352809095,3.55258494561,0.241788416582,0.957068389142,3.02198597011,0.0,0.0,0.0
989,1.24306266629,0.948893072741,55.0463129205,2.01946847461,0.408432457537,26.0566501741,3.55348383615,0.242035190929,0.956806383785,3.02148167188,0.0,0.0,0.0
990,1.24431955473,0.949467708043,55.0236886358,2.01987189149,0.408679798057,26.0780110506,3.55438228355,0.242282575319,0.956543378941,3.02097608304,0.0,0.0,0.0
991,1.24557644317,0.950043284794,55.0010454085,2.02027512317,0.408927543806,26.0993635258,3.55528028908,0.242530571556,0.956279373012,3.02046920069,0.0,0.0,0.0
992,1.24683333161,0.950619804241,54.978383251,2.02067816926,0.40917569532,26.1207075866,3.55617785398,0.242779181452,0.956014364406,3.0199610219,0.0,0.0,0.0
993,1.24809022005,0.951197267636,54.9557021756,2.02108102938,0.408472103727,26.1420432199,3.55707497951,0.242357730392,0.955833978857,3.01974797947,0.0,0.0,0.0
994,1.24934710849,0.95177567623,54.9330021948,2.02148370314,0.408720489399,26.1633704128,3.55797166692,0.242606602597,0.955567436434,3.01923851545,0.0,0.0,0.0
995,1.25060399693,0.952355031275,54.9102833211,2.02188619016,0.408969281506,26.1846891522,3.55886791746,0.242856090958,0.95529988794,3.01872775027,0.0,0.0,0.0
996,1.25186088537,0.952935334029,54.8875455668,2.02228849004,0.409218480586,26.205999425,3.55976373236,0.243106197305,0.955031331789,3.01821568096,0.0,0.0,0.0
997,1.25311777381,0.953516585747,54.8647889444,2.0226906024,0.40946808718,26.2273012184,3.56065911285,0.243356923474,0.954761766399,3.01770230454,0.0,0.0,0.0
998,1.25437466225,0.954098787689,54.8420134665,2.02309252686,0.409718101828,26.2485945192,3.56155406018,0.243608271312,0.954491190191,3.01718761804,0.0,0.0,0.0
999,1.25563155068,0.954681941117,54.8192191455,2.02349426301,0.409968525072,26.2698793147,3.56244857555,0.243860242669,0.954219601588,3.01667161844,0.0,0.0,0.0
1000,1.25688843912,0.955266047294,54.7964059939,2.02389581047,0.410219357454,26.2911555918,3.5633426602,0.244112839405,0.953946999016,3.01615430273,0.0,0.0,0.0
1001,1.25814532756,0.955851107483,54.7735740244,2.02429716885,0.409513791609,26.3124233376,3.56423631535,0.243688141817,0.953762946882,3.01594269418,0.0,0.0,0.0
1002,1.259402216,0.956437122953,54.7507232493,2.02469833775,0.409764857295,26.3336825393,3.56512954219,0.24394100274,0.953488799648,3.01542408647,0.0,0.0,0.0
1003,1.26065910444,0.957024094972,54.7278536814,2.02509931678,0.410016332795,26.354933184,3.56602234195,0.2441944916,0.9532136351,3.01490415778,0.0,0.0,0.0
1004,1.26191599288,0.95761202481,54.7049653331,2.02550010555,0.410268218651,26.3761752588,3.56691471582,0.244448610275,0.952937451674,3.01438290505,0.0,0.0,0.0
1005,1.26317288132,0.95820091374,54.6820582171,2.02590070367,0.41052051541,26.397408751,3.56780666501,0.244703360651,0.952660247807,3.01386032521,0.0,0.0,0.0
1006,1.26442976976,0.958790763036,54.6591323459,2.02630111073,0.410773223617,26.4186336476,3.56869819071,0.244958744621,0.952382021941,3.01333641518,0.0,0.0,0.0
1007,1.2656866582,0.959381573975,54.6361877323,2.02670132633,0.411026343819,26.439849936,3.56958929412,0.245214764085,0.952102772519,3.01281117187,0.0,0.0,0.0
1008,1.26694354664,0.959973347834,54.6132243889,2.02710135009,0.411279876563,26.4610576033,3.57047997641,0.245471420952,0.951822497989,3.01228459217,0.0,0.0,0.0
1009,1.26820043508,0.960566085894,54.5902423283,2.0275011816,0.411533822399,26.4822566368,3.57137023877,0.245728717138,0.951541196799,3.01175667297,0.0,0.0,0.0
1010,1.26945732351,0.961159789436,54.5672415632,2.02790082046,0.41082605997,26.5034470238,3.57226008239,0.24530031681,0.951352971054,3.01154667187,0.0,0.0,0.0
1011,1.27071421195,0.961754459745,54.5442221063,2.02830026628,0.41108023837,26.5246287515,3.57314950843,0.245557879797,0.951070112881,3.01101745161,0.0,0.0,0.0
1012,1.27197110039,0.962350098106,54.5211839703,2.02869951864,0.411334830543,26.5458018073,3.57403851806,0.245816084737,0.950786224762,3.01048688676,0.0,0.0,0.0
1013,1.27322798883,0.962946705807,54.498127168,2.02909857715,0.411589837037,26.5669661785,3.57492711245,0.246074933562,0.950501305158,3.00995497417,0.0,0.0,0.0
1014,1.27448487727,0.963544284137,54.4750517121,2.02949744141,0.411845258406,26.5881218524,3.57581529276,0.246334428217,0.950215352532,3.00942171067,0.0,0.0,0.0
1015,1.27574176571,0.964142834388,54.4519576153,2.029896111,0.4121010952,26.6092688164,3.57670306016,0.246594570652,0.949928365347,3.00888709306,0.0,0.0,0.0
1016,1.27699865415,0.964742357853,54.4288448904,2.03029458553,0.412357347972,26.6304070578,3.57759041578,0.246855362826,0.949640342074,3.00835111815,0.0,0.0,0.0
1017,1.27825554259,0.965342855826,54.4057135503,2.03069286459,0.412614017276,26.6515365641,3.57847736079,0.247116806705,0.949351281185,3.00781378271,0.0,0.0,0.0
1018,1.27951243103,0.965944329606,54.3825636078,2.03109094778,0.412871103666,26.6726573227,3.57936389632,0.247378904265,0.949061181154,3.00727508352,0.0,0.0,0.0
1019,1.28076931947,0.96654678049,54.3593950756,2.03148883467,0.41216109341,26.6937693211,3.58025002353,0.246946693919,0.948868805679,3.00706685395,0.0,0.0,0.0
1020,1.28202620791,0.967150209781,54.3362079666,2.03188652488,0.412418411606,26.7148725466,3.58113574354,0.247209060961,0.948577136684,3.00652684409,0.0,0.0,0.0
1021,1.28328309635,0.96775461878,54.3130022937,2.03228401797,0.412676147575,26.7359669868,3.58202105748,0.247472084392,0.948284425324,3.00598546521,0.0,0.0,0.0
1022,1.28453998478,0.968360008792,54.2897780697,2.03268131356,0.412934301875,26.7570526291,3.5829059665,0.247735766207,0.947990670085,3.00544271402,0.0,0.0,0.0
1023,1.28579687322,0.968966381123,54.2665353076,2.03307841121,0.413192875061,26.7781294611,3.58379047171,0.248000108408,0.947695869454,3.00489858725,0.0,0.0,0.0
1024,1.28705376166,0.969573737083,54.2432740202,2.03347531053,0.413451867692,26.7991974703,3.58467457423,0.248265113007,0.947400021925,3.00435308159,0.0,0.0,0.0
1025,1.2883106501,0.970182077981,54.2199942206,2.0338720111,0.413711280328,26.8202566443,3.58555827518,0.248530782021,0.947103125994,3.00380619373,0.0,0.0,0.0
1026,1.28956753854,0.970791405129,54.1966959216,2.0342685125,0.413971113526,26.8413069705,3.58644157568,0.248797117478,0.946805180158,3.00325792032,0.0,0.0,0.0
1027,1.29082442698,0.971401719841,54.1733791361,2.03466481431,0.413258993761,26.8623484367,3.58732447684,0.24836138361,0.946609207884,3.00305155982,0.0,0.0,0.0
1028,1.29208131542,0.972013023434,54.1500438773,2.03506091613,0.413519057852,26.8833810303,3.58820697975,0.248627990551,0.946309683123,3.00250196768,0.0,0.0,0.0
1029,1.29333820386,0.972625317225,54.126690158,2.03545681754,0.413779543198,26.9044047391,3.58908908553,0.248895266711,0.946009105292,3.00195098455,0.0,0.0,0.0
1030,1.2945950923,0.973238602534,54.1033179913,2.0358525181,0.414040450361,26.9254195506,3.58997079527,0.249163214139,0.9457074729,3.00139860707,0.0,0.0,0.0
1031,1.29585198074,0.973852880682,54.0799273902,2.03624801742,0.414301779904,26.9464254525,3.59085211005,0.249431834889,0.945404784462,3.00084483183,0.0,0.0,0.0
1032,1.29710886918,0.974468152993,54.0565183678,2.03664331506,0.414563532388,26.9674224325,3.59173303099,0.249701131026,0.945101038495,3.00028965543,0.0,0.0,0.0
1033,1.29836575761,0.975084420792,54.033090937,2.03703841061,0.414825708379,26.9884104783,3.59261355915,0.249971104622,0.94479623352,2.99973307445,0.0,0.0,0.0
1034,1.29962264605,0.975701685406,54.0096451111,2.03743330365,0.41508830844,27.0093895776,3.59349369562,0.250241757758,0.94449036806,2.99917508545,0.0,0.0,0.0
1035,1.30087953449,0.976319948165,53.9861809031,2.03782799374,0.415351333137,27.0303597181,3.59437344149,0.250513092525,0.944183440646,2.99861568499,0.0,0.0,0.0
1036,1.30213642293,0.976939210399,53.9626983261,2.03822248047,0.414636865916,27.0513208876,3.59525279782,0.250073336752,0.943983370227,2.99841141975,0.0,0.0,0.0
1037,1.30339331137,0.977559473441,53.9391973932,2.03861676342,0.4149001207,27.0722730738,3.59613176569,0.25034494579,0.943674852575,2.99785068989,0.0,0.0,0.0
1038,1.30465019981,0.978180738626,53.9156781176,2.03901084215,0.415163800819,27.0932162645,3.59701034617,0.250617239317,0.943365269869,2.99728854289,0.0,0.0,0.0
1039,1.30590708825,0.978803007291,53.8921405124,2.03940471624,0.415427906839,27.1141504475,3.59788854031,0.250890219442,0.943054620649,2.99672497527,0.0,0.0,0.0
1040,1.30716397669,0.979426280774,53.8685845909,2.03979838526,0.415692439328,27.1350756106,3.59876634918,0.251163888286,0.942742903459,2.9961599835,0.0,0.0,0.0
1041,1.30842086513,0.980050560416,53.8450103662,2.04019184879,0.415957398856,27.1559917416,3.59964377384,0.251438247976,0.942430116846,2.99559356406,0.0,0.0,0.0
1042,1.30967775357,0.980675847558,53.8214178515,2.04058510639,0.416222785991,27.1768988285,3.60052081533,0.251713300649,0.942116259362,2.9950257134,0.0,0.0,0.0
1043,1.31093464201,0.981302143545,53.7978070602,2.04097815763,0.416488601305,27.197796859,3.60139747471,0.25198904845,0.941801329563,2.99445642797,0.0,0.0,0.0
1044,1.31219153045,0.981929449722,53.7741780053,2.04137100208,0.415771933013,27.2186858211,3.60227375302,0.25154557477,0.941597715032,2.99425433304,0.0,0.0,0.0
1045,1.31344841888,0.982557767439,53.7505307003,2.04176363931,0.416037977452,27.2395657026,3.60314965131,0.251821598918,0.941281185645,2.99368370922,0.0,0.0,0.0
1046,1.31470530732,0.983187098044,53.7268651583,2.04215606888,0.416304450771,27.2604364915,3.60402517061,0.252098321125,0.940963580908,2.99311164476,0.0,0.0,0.0
1047,1.31596219576,0.983817442889,53.7031813927,2.04254829036,0.416571353543,27.2812981757,3.60490031196,0.252375743556,0.940644899387,2.99253813606,0.0,0.0,0.0
1048,1.3172190842,0.984448803327,53.6794794168,2.04294030332,0.416838686341,27.3021507431,3.60577507638,0.25265386839,0.940325139654,2.99196317949,0.0,0.0,0.0
1049,1.31847597264,0.985081180715,53.655759244,2.04333210731,0.41710644974,27.3229941818,3.60664946491,0.25293269781,0.940004300287,2.99138677142,0.0,0.0,0.0
1050,1.31973286108,0.985714576408,53.6320208875,2.04372370191,0.417374644312,27.3438284796,3.60752347857,0.253212234011,0.939682379864,2.99080890817,0.0,0.0,0.0
1051,1.32098974952,0.986348991767,53.6082643608,2.04411508666,0.417643270636,27.3646536247,3.60839711837,0.253492479198,0.939359376972,2.99022958609,0.0,0.0,0.0
1052,1.32224663796,0.986984428152,53.5844896772,2.04450626113,0.416924356891,27.385469605,3.60927038535,0.253045192104,0.939152245914,2.99002980973,0.0,0.0,0.0
1053,1.3235035264,0.987620886926,53.5606968501,2.04489722488,0.417193211348,27.4062764086,3.6101432805,0.253325715739,0.938827634383,2.98944913982,0.0,0.0,0.0
1054,1.32476041484,0.988258369453,53.5368858931,2.04528797747,0.417462498262,27.4270740235,3.61101580485,0.25360695136,0.938501937411,2.98886700501,0.0,0.0,0.0
1055,1.32601730328,0.988896877101,53.5130568194,2.04567851846,0.417732218209,27.4478624378,3.61188795939,0.253888901195,0.938175153595,2.98828340158,0.0,0.0,0.0
1056,1.32727419171,0.989536411238,53.4892096427,2.04606884739,0.418002371768,27.4686416396,3.61275974513,0.254171567477,0.937847281539,2.98769832579,0.0,0.0,0.0
1057,1.32853108015,0.990176973234,53.4653443762,2.04645896384,0.418272959518,27.4894116169,3.61363116306,0.254454952451,0.937518319848,2.98711177388,0.0,0.0,0.0
1058,1.32978796859,0.99081856446,53.4414610336,2.04684886734,0.418543982038,27.5101723579,3.6145022142,0.254739058371,0.937188267133,2.98652374207,0.0,0.0,0.0
1059,1.33104485703,0.991461186292,53.4175596284,2.04723855745,0.418815439909,27.5309238508,3.61537289952,0.255023887501,0.93685712201,2.98593422658,0.0,0.0,0.0
1060,1.33230174547,0.992104840105,53.393640174,2.04762803373,0.418094235781,27.5516660836,3.61624322001,0.254572688888,0.936646503053,2.98573692023,0.0,0.0,0.0
1061,1.33355863391,0.992749527277,53.369702684,2.04801729573,0.418365920765,27.5723990446,3.61711317667,0.254857798592,0.936313740544,2.98514604702,0.0,0.0,0.0
1062,1.33481552235,0.993395249187,53.345747172,2.04840634299,0.41863804181,27.593122722,3.61798277048,0.255143634582,0.935979882724,2.98455368385,0.0,0.0,0.0
1063,1.33607241079,0.994042007217,53.3217736516,2.04879517507,0.418910599499,27.6138371038,3.61885200241,0.255430199145,0.935644928222,2.9839598269,0.0,0.0,0.0
1064,1.33732929923,0.99468980275,53.2977821363,2.04918379151,0.419183594413,27.6345421784,3.61972087344,0.255717494576,0.935308875673,2.98336447229,0.0,0.0,0.0
1065,1.33858618767,0.995338637171,53.2737726398,2.04957219186,0.419457027137,27.655237934,3.62014765276,0.256005523179,0.935086150264,2.98288675999,0.0,0.0,0.0
1066,1.33984307611,0.995988511868,53.2497451757,2.04996037566,0.419730898255,27.6759243588,3.62005586822,0.256294287271,0.934997450053,2.98254809199,0.0,0.0,0.0
1067,1.34109996455,0.996639428228,53.2256997576,2.05034834246,0.420005208353,27.6966014411,3.61996400767,0.256583789175,0.934908794818,2.98220890905,0.0,0.0,0.0
1068,1.34235685298,0.997291387644,53.2016363993,2.05073609181,0.419281668346,27.7172691692,3.61987206924,0.256128578241,0.934944848908,2.98227327729,0.0,0.0,0.0
1069,1.34361374142,0.997944391506,53.1775551144,2.05112362324,0.419556204505,27.7379275313,3.61978005105,0.25641836287,0.934856368786,2.98193395618,0.0,0.0,0.0
1070,1.34487062986,0.998598441211,53.1534559166,2.05151093629,0.419831180356,27.7585765158,3.61968795122,0.256708888466,0.934767936199,2.9815941216,0.0,0.0,0.0
1071,1.3461275183,0.999253538153,53.1293388196,2.05189803052,0.420106596488,27.7792161111,3.61959576789,0.257000157377,0.934679552197,2.98125377362,0.0,0.0,0.0
1072,1.34738440674,0.999909683732,53.1052038372,2.05228490545,0.420382453488,27.7998463054,3.61950349918,0.257292171962,0.934591217836,2.98091291227,0.0,0.0,0.0
1073,1.34864129518,1.00056687935,53.0810509831,2.05267156062,0.420658751945,27.820467087,3.61941114323,0.257584934588,0.934502934176,2.98057153761,0.0,0.0,0.0
1074,1.34989818362,1.0012251264,53.0568802711,2.05305799558,0.420935492447,27.8410784445,3.61931869816,0.257878447634,0.93441470228,2.98022964971,0.0,0.0,0.0
1075,1.35115507206,1.00188442629,53.032691715,2.05344420985,0.421212675586,27.8616803662,3.61922616211,0.258172713488,0.934326523218,2.97988724862,0.0,0.0,0.0
1076,1.3524119605,1.00254478043,53.0084853287,2.05383020298,0.420486753629,27.8822728404,3.61913353321,0.257713386633,0.934363859121,2.9799554622,0.0,0.0,0.0
1077,1.35366884894,1.00320619023,52.9842611258,2.05421597449,0.420764161741,27.9028558556,3.61904080959,0.258007937381,0.934275866916,2.97961293742,0.0,0.0,0.0
1078,1.35492573738,1.00386865708,52.9600191204,2.05460152392,0.421042013206,27.9234294003,3.61894798939,0.258303244171,0.934187930169,2.97926990108,0.0,0.0,0.0
1079,1.35618262581,1.00453218242,52.9357593262,2.05498685081,0.421320308615,27.9439934629,3.61885507074,0.258599309414,0.934100049964,2.97892635328,0.0,0.0,0.0
1080,1.35743951425,1.00519676763,52.9114817571,2.05537195467,0.421599048561,27.9645480318,3.61876205178,0.258896135534,0.934012227387,2.97858229412,0.0,0.0,0.0
1081,1.35869640269,1.00586241415,52.8871864271,2.05575683504,0.421878233638,27.9850930955,3.61866893065,0.259193724963,0.93392446353,2.9782377237,0.0,0.0,0.0
1082,1.35995329113,1.00652912339,52.86287335,2.05614149145,0.42215786444,28.0056286426,3.61857570549,0.259492080145,0.933836759489,2.97789264213,0.0,0.0,0.0
1083,1.36121017957,1.00719689677,52.8385425398,2.05652592343,0.421429736465,28.0261546616,3.61848237443,0.259029012839,0.933875273001,2.97796441073,0.0,0.0,0.0
1084,1.36246706801,1.0078657357,52.8141940104,2.0569101305,0.421709590993,28.0466711409,3.61838893562,0.259327654257,0.933787766232,2.97761921902,0.0,0.0,0.0
1085,1.36372395645,1.0085356416,52.7898277759,2.05729411218,0.421989891963,28.0671780692,3.6182953872,0.259627064729,0.933700321963,2.97727351791,0.0,0.0,0.0
1086,1.36498084489,1.00920661591,52.7654438502,2.057677868,0.422270639973,28.087675435,3.6182017273,0.259927246722,0.933612941304,2.97692730754,0.0,0.0,0.0
1087,1.36623773333,1.00987866005,52.7410422473,2.05806139749,0.422551835618,28.1081632268,3.61810795408,0.260228202715,0.933525625371,2.97658058804,0.0,0.0,0.0
1088,1.36749462177,1.01055177544,52.7166229812,2.05844470016,0.422833479496,28.1286414332,3.61801406567,0.260529935196,0.933438375281,2.97623335957,0.0,0.0,0.0
1089,1.36875151021,1.01122596352,52.692186066,2.05882777554,0.423115572204,28.149110043,3.61792006021,0.260832446666,0.93335119216,2.97588562228,0.0,0.0,0.0
1090,1.37000839864,1.01190122571,52.6677315158,2.05921062314,0.423398114342,28.1695690446,3.61782593586,0.261135739636,0.933264077135,2.97553737634,0.0,0.0,0.0
1091,1.37126528708,1.01257756345,52.6432593447,2.05959324249,0.422667515361,28.1900184266,3.61773169076,0.260668354027,0.933303933011,2.97561320073,0.0,0.0,0.0
1092,1.37252217552,1.01325497817,52.6187695667,2.05997563309,0.422950280064,28.2104581779,3.61763732305,0.260971935423,0.933217027472,2.97526486049,0.0,0.0,0.0
1093,1.37377906396,1.01393347131,52.5942621959,2.06035779447,0.423233494918,28.230888287,3.61754283089,0.261276301703,0.933130192782,2.97491601348,0.0,0.0,0.0
1094,1.3750359524,1.0146130443,52.5697372466,2.06073972613,0.423517160523,28.2513087425,3.61744821241,0.261581455401,0.933043430083,2.97456665991,0.0,0.0,0.0
1095,1.37629284084,1.0152936986,52.5451947328,2.0611214276,0.42380127748,28.2717195333,3.61735346577,0.261887399066,0.932956740522,2.97421679996,0.0,0.0,0.0
1096,1.37754972928,1.01597543563,52.5206346687,2.06150289839,0.424085846391,28.292120648,3.61725858911,0.262194135255,0.932870125252,2.97386643383,0.0,0.0,0.0
1097,1.37880661772,1.01665825684,52.4960570686,2.061884138,0.424370867859,28.3125120753,3.61716358059,0.262501666537,0.932783585427,2.97351556175,0.0,0.0,0.0
1098,1.38006350616,1.01734216368,52.4714619466,2.06226514595,0.423637981969,28.3328938039,3.61706843835,0.262030358327,0.932824672383,2.97359513118,0.0,0.0,0.0
1099,1.3813203946,1.0180271576,52.446849317,2.06264592174,0.42392322468,28.3532658227,3.61697316054,0.262338179366,0.93273835286,2.97324417957,0.0,0.0,0.0
1100,1.38257728304,1.01871324004,52.422219194,2.06302646489,0.424208920671,28.3736281203,3.61687774532,0.262646798951,0.932652111595,2.97289272403,0.0,0.0,0.0
1101,1.38383417148,1.01940041245,52.3975715919,2.06340677489,0.424495070545,28.3939806856,3.61678219084,0.262956219678,0.932565949758,2.9725407648,0.0,0.0,0.0
1102,1.38509105991,1.02008867629,52.372906525,2.06378685126,0.424781674908,28.4143235073,3.61668649524,0.263266444153,0.932479868523,2.97218830211,0.0,0.0,0.0
1103,1.38634794835,1.02077803302,52.3482240075,2.0641666935,0.425068734363,28.4346565743,3.61659065669,0.263577474995,0.93239386907,2.97183533623,0.0,0.0,0.0
1104,1.38760483679,1.02146848408,52.3235240539,2.06454630111,0.42535624952,28.4549798754,3.61649467332,0.263889314831,0.932307952584,2.9714818674,0.0,0.0,0.0
1105,1.38886172523,1.02216003093,52.2988066784,2.0649256736,0.425644220983,28.4752933995,3.61639854331,0.264201966302,0.932222120253,2.9711278959,0.0,0.0,0.0
1106,1.39011861367,1.02285267504,52.2740718955,2.06530481045,0.424908772816,28.4955971353,3.61630226479,0.263726126557,0.932264610572,2.97121174081,0.0,0.0,0.0
1107,1.39137550211,1.02354641787,52.2493197194,2.06568371119,0.42519696428,28.5158910717,3.61620583592,0.264039069983,0.932179011224,2.97085770707,0.0,0.0,0.0
1108,1.39263239055,1.02424126087,52.2245501646,2.06606237529,0.425485612776,28.5361751977,3.61610925486,0.264352828587,0.932093498912,2.97050317285,0.0,0.0,0.0
1109,1.39388927899,1.02493720552,52.1997632456,2.06644080226,0.425774718912,28.5564495021,3.61601251977,0.264667405033,0.932008074837,2.97014813843,0.0,0.0,0.0
1110,1.39514616743,1.02563425329,52.1749589767,2.06681899159,0.426064283298,28.5767139738,3.61591562879,0.264982802002,0.931922740208,2.96979260413,0.0,0.0,0.0
1111,1.39640305587,1.02633240563,52.1501373724,2.06719694279,0.426354306543,28.5969686018,3.61581858008,0.265299022184,0.931837496237,2.96943657025,0.0,0.0,0.0
1112,1.39765994431,1.02703166402,52.1252984472,2.06757465533,0.426644789258,28.617213375,3.61572137181,0.265616068281,0.93175234414,2.9690800371,0.0,0.0,0.0
1113,1.39891683274,1.02773202993,52.1004422155,2.06795212872,0.425906971271,28.6374482823,3.61562400211,0.265136114034,0.931796119324,2.96916782526,0.0,0.0,0.0
1114,1.40017372118,1.02843350484,52.075568692,2.06832936244,0.426197672585,28.6576733128,3.61552646916,0.265453453393,0.931711211425,2.96881124597,0.0,0.0,0.0
1115,1.40143060962,1.02913609022,52.050677891,2.06870635599,0.426488834094,28.6778884553,3.6154287711,0.265771622281,0.931626398339,2.96845416975,0.0,0.0,0.0
1116,1.40268749806,1.02983978755,52.0257698273,2.06908310885,0.426780456411,28.698093699,3.61533090609,0.266090623429,0.931541681297,2.96809659696,0.0,0.0,0.0
1117,1.4039443865,1.03054459831,52.0008445153,2.06945962051,0.427072540148,28.7182890327,3.6152328723,0.266410459578,0.931457061536,2.96773852794,0.0,0.0,0.0
1118,1.40520127494,1.03125052397,51.9759019696,2.06983589045,0.427365085919,28.7384744455,3.61513466787,0.266731133483,0.931372540296,2.96737996307,0.0,0.0,0.0
1119,1.40645816338,1.03195756603,51.9509422049,2.07021191817,0.427658094339,28.7586499265,3.61503629096,0.267052647909,0.931288118822,2.9670209027,0.0,0.0,0.0
1120,1.40771505182,1.03266572596,51.9259652358,2.07058770314,0.426917866603,28.7788154647,3.61493773974,0.266568486028,0.931333204104,2.9671127299,0.0,0.0,0.0
1121,1.40897194026,1.03337500525,51.9009710768,2.07096324484,0.427211092176,28.7989710491,3.61483901235,0.266890294999,0.931249038221,2.96675364012,0.0,0.0,0.0
1122,1.4102288287,1.03408540539,51.8759597428,2.07133854276,0.427504781123,28.8191166689,3.61474010696,0.267212948181,0.931164975102,2.96639405733,0.0,0.0,0.0
1123,1.41148571714,1.03479692787,51.8509312483,2.07171359637,0.42779893406,28.8392523132,3.61464102172,0.267536448368,0.931081016005,2.96603398194,0.0,0.0,0.0
1124,1.41274260558,1.03550957418,51.8258856082,2.07208840516,0.428093551603,28.8593779709,3.6145417548,0.267860798367,0.930997162195,2.96567341437,0.0,0.0,0.0
1125,1.41399949401,1.03622334581,51.800822837,2.0724629686,0.428388634369,28.8794936313,3.61444230434,0.268186000997,0.93091341494,2.96531235502,0.0,0.0,0.0
1126,1.41525638245,1.03693824426,51.7757429496,2.07283728617,0.428684182976,28.8995992835,3.61434266851,0.268512059089,0.930829775514,2.96495080433,0.0,0.0,0.0
1127,1.41651327089,1.03765427102,51.7506459607,2.07321135734,0.427941505085,28.9196949166,3.61424284546,0.268023594114,0.930876196151,2.96504676825,0.0,0.0,0.0
1128,1.41777015933,1.03837142759,51.7255318851,2.07358518158,0.428237269356,28.9397805198,3.61414283336,0.268349948008,0.93079282389,2.96468520551,0.0,0.0,0.0
1129,1.41902704777,1.03908971547,51.7004007375,2.07395875837,0.428533500194,28.9598560823,3.61404263035,0.268677161131,0.930709562514,2.96432315408,0.0,0.0,0.0
1130,1.42028393621,1.03980913616,51.675252533,2.07433208718,0.428830198218,28.9799215932,3.6139422346,0.269005236343,0.93062641331,2.96396061441,0.0,0.0,0.0
1131,1.42154082465,1.04052969117,51.6500872862,2.07470516747,0.429127364047,28.9999770418,3.61384164427,0.269334176517,0.930543377571,2.96359758696,0.0,0.0,0.0
1132,1.42279771309,1.041251382,51.624905012,2.07507799872,0.429424998302,29.0200224172,3.61374085751,0.269663984539,0.930460456593,2.96323407222,0.0,0.0,0.0
1133,1.42405460153,1.04197421015,51.5997057253,2.07545058039,0.429723101605,29.0400577086,3.61363987248,0.269994663306,0.930377651678,2.96287007067,0.0,0.0,0.0
1134,1.42531148997,1.04269817714,51.574489441,2.07582291195,0.428977932665,29.0600829054,3.61353868734,0.269501797377,0.930425432936,2.96297027085,0.0,0.0,0.0
1135,1.42656837841,1.04342328447,51.5492561741,2.07619499286,0.429276250096,29.0800979968,3.61343730024,0.269832773175,0.930342906937,2.96260627531,0.0,0.0,0.0
1136,1.42782526684,1.04414953366,51.5240059395,2.07656682258,0.4295750373,29.100102972,3.61333570935,0.270164623565,0.930260500116,2.96224179576,0.0,0.0,0.0
1137,1.42908215528,1.04487692622,51.498738752,2.07693840058,0.4298742949,29.1200978203,3.61323391281,0.270497351474,0.930178213788,2.96187683272,0.0,0.0,0.0
1138,1.43033904372,1.04560546366,51.4734546268,2.07730972631,0.430174023517,29.140082531,3.61313190879,0.270830959843,0.930096049274,2.96151138673,0.0,0.0,0.0
1139,1.43159593216,1.04633514751,51.4481535789,2.07768079924,0.430474223777,29.1600570934,3.61302969545,0.271165451627,0.930014007899,2.96114545831,0.0,0.0,0.0
1140,1.4328528206,1.04706597927,51.4228356231,2.07805161882,0.430774896304,29.1800214969,3.61292727093,0.271500829794,0.929932090993,2.96077904801,0.0,0.0,0.0
1141,1.43410970904,1.04779796047,51.3975007746,2.07842218451,0.430027194923,29.1999757307,3.61282463339,0.271003462573,0.929981258129,2.96088358592,0.0,0.0,0.0
1142,1.43536659748,1.04853109263,51.3721490485,2.07879249576,0.430328079994,29.2199197842,3.612721781,0.271339138966,0.929899632065,2.96051720039,0.0,0.0,0.0
1143,1.43662348592,1.04926537728,51.3467804598,2.07916255202,0.430629438057,29.2398536467,3.6126187119,0.271675705667,0.929818133641,2.96015033595,0.0,0.0,0.0
1144,1.43788037436,1.05000081593,51.3213950236,2.07953235276,0.430931269736,29.2597773077,3.61251542425,0.272013165673,0.929736764203,2.95978299319,0.0,0.0,0.0
1145,1.4391372628,1.05073741012,51.295992755,2.07990189741,0.43123357566,29.2796907565,3.61241191621,0.272351521996,0.929655525099,2.95941517269,0.0,0.0,0.0
1146,1.44039415124,1.05147516137,51.2705736692,2.08027118543,0.431536356454,29.2995939825,3.61230818594,0.272690777661,0.929574417683,2.95904687506,0.0,0.0,0.0
1147,1.44165103967,1.05221407122,51.2451377813,2.08064021628,0.431839612747,29.3194869751,3.61220423157,0.273030935706,0.929493443312,2.95867810089,0.0,0.0,0.0
1148,1.44290792811,1.05295414119,51.2196851066,2.08100898938,0.431089337024,29.3393697237,3.61210005128,0.272528964297,0.929544021566,2.95878707993,0.0,0.0,0.0
1149,1.44416481655,1.05369537282,51.1942156602,2.08137750419,0.431392804227,29.3592422178,3.61199564321,0.272869421728,0.929463350134,2.95841835001,0.0,0.0,0.0
1150,1.44542170499,1.05443776763,51.1687294573,2.08174576016,0.431696747652,29.3791044469,3.61189100551,0.273210785546,0.929382814977,2.9580491467,0.0,0.0,0.0
1151,1.44667859343,1.05518132718,51.1432265132,2.08211375672,0.432001167927,29.3989564003,3.61178613634,0.273553058821,0.929302417469,2.95767947065,0.0,0.0,0.0
1152,1.44793548187,1.055926053,51.1177068432,2.08248149332,0.432306065683,29.4187980675,3.61168103386,0.273896244635,0.929222158985,2.95730932252,0.0,0.0,0.0
1153,1.44919237031,1.05667194662,51.0921704625,2.08284896939,0.43261144155,29.4386294381,3.6115756962,0.274240346087,0.929142040908,2.95693870297,0.0,0.0,0.0
1154,1.45044925875,1.05741900959,51.0666173864,2.08321618438,0.431858818678,29.4584505015,3.61147012153,0.27373428416,0.929193883958,2.95705169594,0.0,0.0,0.0
1155,1.45170614719,1.05816724344,51.0410476303,2.08358313773,0.432164403677,29.4782612472,3.611364308,0.274078685156,0.929114079195,2.95668113821,0.0,0.0,0.0
1156,1.45296303563,1.05891664974,51.0154612094,2.08394982886,0.432470467508,29.4980616648,3.61125825375,0.274424005861,0.929034418116,2.95631011236,0.0,0.0,0.0
1157,1.45421992407,1.05966723001,50.9898581392,2.08431625721,0.432777010802,29.5178517438,3.61115195694,0.274770249406,0.928954902116,2.95593861909,0.0,0.0,0.0
1158,1.45547681251,1.06041898581,50.9642384351,2.08468242222,0.433084034192,29.5376314738,3.61104541571,0.275117418934,0.928875532597,2.9555666591,0.0,0.0,0.0
1159,1.45673370094,1.06117191869,50.9386021124,2.08504832331,0.43339153831,29.5574008443,3.61093862822,0.275465517602,0.928796310963,2.95519423313,0.0,0.0,0.0
1160,1.45799058938,1.06192603019,50.9129491866,2.08541395992,0.43369952379,29.5771598448,3.6108315926,0.275814548582,0.928717238624,2.95482134191,0.0,0.0,0.0
1161,1.45924747782,1.06268132188,50.8872796732,2.08577933147,0.432944246205,29.596908465,3.61072430702,0.275303684352,0.928770539651,2.95493897413,0.0,0.0,0.0
1162,1.46050436626,1.0634377953,50.8615935875,2.0861444374,0.433252439079,29.6166466945,3.61061676961,0.275653015939,0.928691793029,2.95456616558,0.0,0.0,0.0
1163,1.4617612547,1.06419545201,50.8358909451,2.08650927713,0.433561114035,29.6363745228,3.61050897852,0.276003283995,0.928613199036,2.95419289525,0.0,0.0,0.0
1164,1.46301814314,1.06495429356,50.8101717615,2.08687385007,0.433870271705,29.6560919397,3.61040093191,0.276354491725,0.928534759096,2.95381916392,0.0,0.0,0.0
1165,1.46427503158,1.06571432152,50.7844360522,2.08723815567,0.434179912726,29.6757989346,3.6102926279,0.276706642348,0.928456474637,2.95344497236,0.0,0.0,0.0
1166,1.46553192002,1.06647553745,50.7586838328,2.08760219333,0.434490037733,29.6954954974,3.61018406465,0.277059739099,0.928378347092,2.95307032137,0.0,0.0,0.0
1167,1.46678880846,1.0672379429,50.7329151188,2.08796596247,0.434800647361,29.7151816176,3.61007524031,0.277413785227,0.928300377899,2.95269521176,0.0,0.0,0.0
1168,1.4680456969,1.06800153944,50.7071299259,2.08832946252,0.434042671645,29.7348572849,3.609966153,0.276898008053,0.928355161985,2.95281759231,0.0,0.0,0.0
1169,1.46930258534,1.06876632864,50.6813282696,2.08869269289,0.434353486874,29.754522489,3.60985680089,0.277252355799,0.928277531075,2.952442587,0.0,0.0,0.0
1170,1.47055947377,1.06953231205,50.6555101656,2.089055653,0.434664787442,29.7741772196,3.6097471821,0.277607657165,0.928200061907,2.95206712672,0.0,0.0,0.0
1171,1.47181636221,1.07029949126,50.6296756295,2.08941834227,0.434976573987,29.7938214664,3.60963729478,0.277963915433,0.928122755932,2.95169121233,0.0,0.0,0.0
1172,1.47307325065,1.07106786782,50.6038246771,2.08978076009,0.435288847145,29.8134552191,3.60952713707,0.2783211339,0.928045614606,2.95131484468,0.0,0.0,0.0
1173,1.47433013909,1.07183744332,50.5779573239,2.0901429059,0.435601607556,29.8330784675,3.6094167071,0.278679315879,0.927968639391,2.95093802463,0.0,0.0,0.0
1174,1.47558702753,1.07260821931,50.5520735858,2.09050477908,0.434841173963,29.8526912013,3.60930600302,0.278159177472,0.928024750072,2.95106468935,0.0,0.0,0.0
1175,1.47684391597,1.07338019738,50.5261734785,2.09086637906,0.435154138046,29.8722934102,3.60919502296,0.278517661043,0.927948123895,2.95068799307,0.0,0.0,0.0
1176,1.47810080441,1.0741533791,50.5002570177,2.09122770525,0.435467590095,29.891885084,3.60908376506,0.278877112438,0.927871667263,2.95031084823,0.0,0.0,0.0
1177,1.47935769285,1.07492776605,50.4743242192,2.09158875703,0.435781530749,29.9114662126,3.60897222746,0.279237535004,0.927795381652,2.94993325573,0.0,0.0,0.0
1178,1.48061458129,1.0757033598,50.4483750989,2.09194953383,0.436095960649,29.9310367857,3.60886040828,0.279598932102,0.927719268541,2.9495552165,0.0,0.0,0.0
1179,1.48187146973,1.07648016194,50.4224096725,2.09231003504,0.436410880435,29.950596793,3.60874830567,0.279961307111,0.927643329414,2.94917673145,0.0,0.0,0.0
1180,1.48312835817,1.07725817405,50.3964279558,2.09267026006,0.436726290749,29.9701462245,3.60863591775,0.280324663422,0.927567565759,2.94879780154,0.0,0.0,0.0
1181,1.48438524661,1.0780373977,50.3704299649,2.09303020829,0.435963075723,29.98968507,3.60852324267,0.279799398994,0.927625205928,2.94892942338,0.0,0.0,0.0
1182,1.48564213504,1.07881783449,50.3444157155,2.09338987913,0.436278687798,30.0092133192,3.60841027854,0.280163057788,0.927549804163,2.94855064036,0.0,0.0,0.0
1183,1.48689902348,1.079599486,50.3183852236,2.09374927198,0.436594791111,30.0287309621,3.6082970235,0.280527702286,0.927474581359,2.94817141651,0.0,0.0,0.0
1184,1.48815591192,1.08038235382,50.2923385051,2.09410838622,0.436911386304,30.0482379885,3.60818347567,0.280893335919,0.927399539021,2.94779175281,0.0,0.0,0.0
1185,1.48941280036,1.08116643953,50.2662755759,2.09446722126,0.437228474019,30.0677343882,3.6080696332,0.281259962128,0.927324678653,2.94741165026,0.0,0.0,0.0
1186,1.4906696888,1.08195174473,50.2401964521,2.09482577649,0.437546054899,30.0872201513,3.60795549419,0.281627584376,0.927250001767,2.94703110986,0.0,0.0,0.0
1187,1.49192657724,1.082738271,50.2141011496,2.09518405129,0.436780307502,30.1066952675,3.60784105679,0.281097772003,0.927309008334,2.94716719929,0.0,0.0,0.0
1188,1.49318346568,1.08352601994,50.1879896844,2.09554204505,0.437098088107,30.1261597268,3.6077263191,0.281465696559,0.927234704321,2.94678682656,0.0,0.0,0.0
1189,1.49444035412,1.08431499315,50.1618620727,2.09589975716,0.437416362584,30.1456135191,3.60761127927,0.281834621625,0.927160587326,2.94640602019,0.0,0.0,0.0
1190,1.49569724256,1.08510519222,50.1357183304,2.09625718701,0.437735131578,30.1650566344,3.6074959354,0.282204550698,0.927086658871,2.94602478125,0.0,0.0,0.0
1191,1.496954131,1.08589661875,50.1095584736,2.09661433397,0.438054395731,30.1844890626,3.60738028562,0.282575487291,0.927012920488,2.94564311078,0.0,0.0,0.0
1192,1.49821101944,1.08668927433,50.0833825185,2.09697119744,0.43837415569,30.2039107936,3.60726432806,0.28294743493,0.926939373709,2.94526100987,0.0,0.0,0.0
1193,1.49946790787,1.08748316056,50.0571904812,2.09732777679,0.437605840374,30.2233218174,3.60714806082,0.282412985541,0.926999764947,2.94540165394,0.0,0.0,0.0
1194,1.50072479631,1.08827827906,50.0309823778,2.09768407141,0.437925797966,30.242722124,3.60703148204,0.282785235232,0.926926602124,2.94501974209,0.0,0.0,0.0
1195,1.50198168475,1.08907463141,50.0047582245,2.09804008066,0.438246252066,30.2621117034,3.60691458981,0.283158500517,0.926853634483,2.94463740419,0.0,0.0,0.0
1196,1.50323857319,1.08987221923,49.9785180376,2.09839580392,0.43856720332,30.2814905456,3.60679738227,0.28353278496,0.926780863571,2.94425464136,0.0,0.0,0.0
1197,1.50449546163,1.09067104411,49.9522618331,2.09875124058,0.438888652374,30.3008586407,3.60667985752,0.283908092144,0.926708290941,2.94387145473,0.0,0.0,0.0
1198,1.50575235007,1.09147110768,49.9259896274,2.09910638999,0.439210599873,30.3202159785,3.60656201368,0.284284425666,0.926635918149,2.94348784546,0.0,0.0,0.0
1199,1.50700923851,1.09227241152,49.8997014368,2.09946125154,0.438439680696,30.3395625493,3.60644384886,0.283745248231,0.926697712227,2.9436331325,0.0,0.0,0.0
1200,1.50826612695,1.09307495727,49.8733972774,2.09981582459,0.438761823682,30.358898343,3.60632536117,0.284121883462,0.926625734567,2.9432497343,0.0,0.0,0.0
1201,1.50952301539,1.09387874651,49.8470771657,2.10017010852,0.439084465812,30.3782233496,3.60620654872,0.28449954965,0.926553960366,2.94286591804,0.0,0.0,0.0
1202,1.51077990383,1.09468378088,49.8207411179,2.10052410267,0.439407607734,30.3975375594,3.60608740961,0.284878250432,0.926482391192,2.9424816849,0.0,0.0,0.0
1203,1.51203679227,1.09549006197,49.7943891504,2.10087780643,0.439731250096,30.4168409623,3.60596794196,0.285257989461,0.92641102862,2.9420970361,0.0,0.0,0.0
1204,1.5132936807,1.09629759141,49.7680212796,2.10123121916,0.440055393545,30.4361335484,3.60584814387,0.285638770407,0.926339874227,2.94171197285,0.0,0.0,0.0
1205,1.51455056914,1.09710637082,49.7416375218,2.10158434021,0.440380038731,30.4554153079,3.60572801344,0.286020596957,0.926268929596,2.94132649638,0.0,0.0,0.0
1206,1.51580745758,1.0979164018,49.7152378936,2.10193716894,0.439606170892,30.4746862309,3.60560754877,0.28547585411,0.926332341203,2.94147716297,0.0,0.0,0.0
1207,1.51706434602,1.09872768598,49.6888224113,2.10228970472,0.439931009404,30.4939463074,3.60548674797,0.285857982939,0.926261805055,2.94109192379,0.0,0.0,0.0
1208,1.51832123446,1.09954022498,49.6623910914,2.1026419469,0.440256350345,30.5131955278,3.60536560913,0.286241162087,0.92619148234,2.94070627619,0.0,0.0,0.0
1209,1.5195781229,1.10035402042,49.6359439503,2.10299389483,0.440582194365,30.532433882,3.60524413035,0.286625395279,0.926121374654,2.94032022147,0.0,0.0,0.0
1210,1.52083501134,1.10116907393,49.6094810047,2.10334554787,0.440908542115,30.5516613602,3.60512230974,0.28701068626,0.926051483597,2.93993376091,0.0,0.0,0.0
1211,1.52209189978,1.10198538712,49.583002271,2.10369690537,0.441235394243,30.5708779528,3.60500014538,0.287397038789,0.925981810772,2.93954689582,0.0,0.0,0.0
1212,1.52334878822,1.10280296162,49.5565077658,2.10404796668,0.44045884454,30.5900836497,3.60487763537,0.286847363288,0.926046664074,2.93970240059,0.0,0.0,0.0
1213,1.52460567666,1.10362179906,49.5299975057,2.10439873115,0.440785887723,30.6092784412,3.6047547778,0.287234017565,0.925977411109,2.93931579624,0.0,0.0,0.0
1214,1.5258625651,1.10444190107,49.5034715072,2.10474919812,0.441113435972,30.6284623176,3.60463157076,0.287621738181,0.925908380089,2.93892879237,0.0,0.0,0.0
1215,1.52711945354,1.10526326928,49.4769297871,2.10509936694,0.44144148994,30.647635269,3.60450801234,0.288010528936,0.925839572631,2.93854139033,0.0,0.0,0.0
1216,1.52837634197,1.10608590531,49.4503723618,2.10544923695,0.441770050276,30.6667972857,3.60438410062,0.28840039365,0.925770990355,2.93815359149,0.0,0.0,0.0
1217,1.52963323041,1.1069098108,49.4237992482,2.1057988075,0.442099117633,30.685948358,3.6042598337,0.288791336157,0.925702634888,2.93776539724,0.0,0.0,0.0
1218,1.53089011885,1.10773498737,49.3972104629,2.10614807791,0.441319848838,30.705088476,3.60413520966,0.288236630386,0.925768947644,2.93792583268,0.0,0.0,0.0
1219,1.53214700729,1.10856143667,49.3706060227,2.10649704754,0.441649104916,30.72421763,3.60401022658,0.288627874007,0.925701023497,2.9375379233,0.0,0.0,0.0
1220,1.53340389573,1.10938916034,49.3439859442,2.10684571571,0.441978868697,30.7433358103,3.60388488254,0.289020200288,0.925633329911,2.93714962373,0.0,0.0,0.0
1221,1.53466078417,1.11021815999,49.3173502442,2.10719408177,0.442309140832,30.7624430073,3.60375917562,0.289413613107,0.925565868523,2.93676093538,0.0,0.0,0.0
1222,1.53591767261,1.11104843728,49.2906989396,2.10754214504,0.442639921974,30.7815392111,3.6036331039,0.289808116359,0.925498640975,2.93637185971,0.0,0.0,0.0
1223,1.53717456105,1.11187999384,49.2640320471,2.10788990485,0.442971212776,30.8006244121,3.60350666545,0.290203713956,0.925431648915,2.93598239819,0.0,0.0,0.0
1224,1.53843144949,1.11271283131,49.2373495835,2.10823736054,0.44218918724,30.8196986007,3.60337985835,0.289643878113,0.925499438728,2.93614785812,0.0,0.0,0.0
1225,1.53968833793,1.11354695134,49.2106515658,2.10858451143,0.442520664367,30.8387617671,3.60325268067,0.29003977608,0.925432889527,2.9357587063,0.0,0.0,0.0
1226,1.54094522637,1.11438235556,49.1839380108,2.10893135685,0.44285265183,30.8578139016,3.60312513048,0.290436773337,0.925366579603,2.93536917404,0.0,0.0,0.0
1227,1.5422021148,1.11521904562,49.1572089354,2.10927789612,0.443185150281,30.8768549947,3.60299720585,0.29083487384,0.925300510615,2.93497926286,0.0,0.0,0.0
1228,1.54345900324,1.11605702316,49.1304643565,2.10962412857,0.443518160375,30.8958850368,3.60286890485,0.291234081561,0.925234684226,2.93458897429,0.0,0.0,0.0
1229,1.54471589168,1.11689628982,49.1037042912,2.10997005351,0.443851682764,30.914904018,3.60274022554,0.291634400492,0.925169102102,2.93419830987,0.0,0.0,0.0
1230,1.54597278012,1.11773684727,49.0769287563,2.11031567026,0.443066862408,30.933911929,3.60261116599,0.29106933253,0.925238386412,2.93436888948,0.0,0.0,0.0
1231,1.54722966856,1.11857869713,49.0501377689,2.11066097815,0.443400568661,30.95290876,3.60248172425,0.291469950972,0.925173258762,2.9339785603,0.0,0.0,0.0
1232,1.548486557,1.11942184107,49.0233313459,2.11100597648,0.44373478788,30.9718945014,3.6023518984,0.291871685649,0.925108379206,2.93358786091,0.0,0.0,0.0
1233,1.54974344544,1.12026628073,48.9965095046,2.11135066457,0.444069520717,30.9908691437,3.60222168648,0.292274540594,0.925043749422,2.9331967929,0.0,0.0,0.0
1234,1.55100033388,1.12111201776,48.9696722618,2.11169504173,0.444404767829,31.0098326774,3.60209108655,0.292678519861,0.924979371092,2.93280535789,0.0,0.0,0.0
1235,1.55225722232,1.12195905382,48.9428196348,2.11203910727,0.44361744774,31.0287850927,3.60196009667,0.292108946296,0.925049956313,2.93298043099,0.0,0.0,0.0
1236,1.55351411076,1.12280739055,48.9159516405,2.1123828605,0.443952876179,31.0477263802,3.60182871488,0.292513223085,0.924986041973,2.93258935331,0.0,0.0,0.0
1237,1.5547709992,1.12365702962,48.8890682963,2.11272630073,0.444288819553,31.0666565304,3.60169693925,0.292918629277,0.924922382943,2.93219791443,0.0,0.0,0.0
1238,1.55602788764,1.12450797267,48.8621696192,2.11306942725,0.444625278519,31.0855755337,3.60156476781,0.293325168967,0.92485898092,2.93180611603,0.0,0.0,0.0
1239,1.55728477607,1.12536022137,48.8352556264,2.11341223938,0.44496225373,31.1044833805,3.60143219861,0.293732846272,0.924795837601,2.9314139598,0.0,0.0,0.0
1240,1.55854166451,1.12621377737,48.8083263352,2.11375473641,0.445299745842,31.1233800615,3.6012992297,0.294141665325,0.924732954689,2.93102144744,0.0,0.0,0.0
1241,1.55979855295,1.12706864233,48.7813817628,2.11409691764,0.444509558679,31.142265567,3.60116585913,0.293566667177,0.924805065976,2.93120181869,0.0,0.0,0.0
1242,1.56105544139,1.12792481791,48.7544219264,2.11443878237,0.444847229528,31.1611398876,3.60103208492,0.293975782647,0.924742658786,2.93080969051,0.0,0.0,0.0
1243,1.56231232983,1.12878230577,48.7274468434,2.11478032989,0.445185417933,31.1800030139,3.60089790512,0.294386045028,0.924680515894,2.93041721223,0.0,0.0,0.0
1244,1.56356921827,1.12964110757,48.7004565311,2.11512155951,0.445524124549,31.1988549362,3.60076331776,0.294797458498,0.924618639015,2.93002438561,0.0,0.0,0.0
1245,1.56482610671,1.13050122498,48.6734510067,2.1154624705,0.445863350032,31.2176956453,3.60062832089,0.295210027256,0.924557029865,2.92963121243,0.0,0.0,0.0
1246,1.56608299515,1.13136265965,48.6464302878,2.11580306215,0.446203095038,31.2365251316,3.60049291252,0.295623755521,0.924495690167,2.92923769446,0.0,0.0,0.0
1247,1.56733988359,1.13222541325,48.6193943915,2.11614333377,0.445410001458,31.2553433857,3.60035709069,0.2950432241,0.92456934442,2.92942346283,0.0,0.0,0.0
1248,1.56859677203,1.13308948745,48.5923433355,2.11648328462,0.445749922539,31.2741503982,3.60022085343,0.295457247542,0.924508492238,2.92903035667,0.0,0.0,0.0
1249,1.56985366047,1.13395488391,48.5652771371,2.11682291401,0.446090363791,31.2929461596,3.60008419877,0.295872435734,0.924447913432,2.92863691199,0.0,0.0,0.0
1250,1.5711105489,1.13482160431,48.5381958137,2.1171622212,0.446431325867,31.3117306606,3.59994712472,0.296288792941,0.924387609735,2.92824313064,0.0,0.0,0.0
1251,1.57236743734,1.1356896503,48.5110993829,2.11750120548,0.446772809425,31.3305038918,3.59980962931,0.296706323445,0.924327582883,2.92784901449,0.0,0.0,0.0
1252,1.57362432578,1.13655902356,48.4839878621,2.11783986612,0.447114815122,31.3492658437,3.59967171055,0.29712503155,0.924267834617,2.92745456543,0.0,0.0,0.0
1253,1.57488121422,1.13742972575,48.456861269,2.11817820241,0.446318775326,31.3680165071,3.59953336647,0.296538855676,0.924343048521,2.92764583126,0.0,0.0,0.0
1254,1.57613810266,1.13830175856,48.429719621,2.11851621362,0.446660954364,31.3867558725,3.59939459507,0.296957857579,0.924283799621,2.92725182237,0.0,0.0,0.0
1255,1.5773949911,1.13917512364,48.4025629358,2.11885389902,0.447003656179,31.4054839306,3.59925539438,0.297378042411,0.924224833263,2.92685748707,0.0,0.0,0.0
1256,1.57865187954,1.14004982268,48.375391231,2.11919125788,0.447346881426,31.424200672,3.59911576239,0.297799414521,0.924166151197,2.92646282728,0.0,0.0,0.0
1257,1.57990876798,1.14092585734,48.3482045241,2.11952828946,0.447690630763,31.4429060875,3.59897569713,0.298221978281,0.924107755179,2.92606784496,0.0,0.0,0.0
1258,1.58116565642,1.1418032293,48.321002833,2.11986499305,0.446891958677,31.4616001676,3.59883519658,0.297630948984,0.924184323957,2.92626392479,0.0,0.0,0.0
1259,1.58242254486,1.14268194024,48.2937861751,2.12020136789,0.447235878573,31.4802829031,3.59869425876,0.29805380402,0.924126436982,2.92586940711,0.0,0.0,0.0
1260,1.5836794333,1.14356199182,48.2665545684,2.12053741326,0.447580323188,31.4989542847,3.59855288166,0.298477856091,0.924068840035,2.9254745736,0.0,0.0,0.0
1261,1.58493632174,1.14444338574,48.2393080305,2.12087312842,0.447925293179,31.5176143031,3.59841106328,0.298903109613,0.924011534879,2.92507942627,0.0,0.0,0.0
1262,1.58619321017,1.14532612366,48.2120465792,2.12120851261,0.448270789201,31.536262949,3.59826880163,0.299329569026,0.923954523285,2.92468396717,0.0,0.0,0.0
1263,1.58745009861,1.14621020726,48.1847702322,2.12154356511,0.448616811913,31.5549002131,3.59812609469,0.299757238788,0.923897807023,2.92428819835,0.0,0.0,0.0
1264,1.58870698705,1.14709563823,48.1574790074,2.12187828517,0.447815118095,31.5735260862,3.59798294045,0.299160355413,0.923975965504,2.92448996355,0.0,0.0,0.0
1265,1.58996387549,1.14798241823,48.1301729227,2.12221267203,0.448161308488,31.592140559,3.5978393369,0.299588314775,0.923919770216,2.92409468918,0.0,0.0,0.0
1266,1.59122076393,1.14887054896,48.1028519958,2.12254672495,0.448508026191,31.6107436223,3.59769528202,0.300017489956,0.92386387427,2.92369911202,0.0,0.0,0.0
1267,1.59247765237,1.1497600321,48.0755162448,2.12288044318,0.448855271859,31.6293352668,3.59755077381,0.300447885465,0.923808279448,2.9233032342,0.0,0.0,0.0
1268,1.59373454081,1.15065086932,48.0481656874,2.12321382597,0.449203046149,31.6479154834,3.59740581024,0.30087950583,0.923752987535,2.92290705785,0.0,0.0,0.0
1269,1.59499142925,1.15154306231,48.0208003417,2.12354687256,0.448398653968,31.6664842628,3.59726038929,0.300277592468,0.923832525719,2.92311379616,0.0,0.0,0.0
1270,1.59624831769,1.15243661275,47.9934202256,2.12387958219,0.448746593029,31.6850415958,3.59711450893,0.300709499613,0.923777764508,2.9227181399,0.0,0.0,0.0
1271,1.59750520613,1.15333152233,47.9660253572,2.12421195411,0.449095061324,31.7035874732,3.59696816714,0.301142637144,0.923723310236,2.92232219225,0.0,0.0,0.0
1272,1.59876209457,1.15422779274,47.9386157544,2.12454398755,0.449444059509,31.7221218859,3.59682136189,0.301577009637,0.923669164698,2.9219259554,0.0,0.0,0.0
1273,1.600018983,1.15512542565,47.9111914352,2.12487568175,0.449793588239,31.7406448246,3.59667409115,0.302012621693,0.923615329692,2.92152943158,0.0,0.0,0.0
1274,1.60127587144,1.15602442275,47.8837524179,2.12520703595,0.450143648172,31.7591562803,3.59652635288,0.302449477933,0.923561807018,2.92113262303,0.0,0.0,0.0
1275,1.60253275988,1.15692478573,47.8562987204,2.12553804937,0.449336157103,31.7776562437,3.59637814504,0.301841492087,0.923642964101,2.92134523913,0.0,0.0,0.0
1276,1.60378964832,1.15782651628,47.828830361,2.12586872126,0.449686378779,31.7961447058,3.5962294656,0.302278633103,0.923589984122,2.92094898197,0.0,0.0,0.0
1277,1.60504653676,1.15872961609,47.8013473577,2.12619905083,0.450037132258,31.8146216573,3.5960803125,0.302717023918,0.923537320533,2.92055244747,0.0,0.0,0.0
1278,1.6063034252,1.15963408685,47.7738497287,2.12652903731,0.450388418196,31.8330870892,3.59593068372,0.303156669203,0.923484975142,2.92015563792,0.0,0.0,0.0
1279,1.60756031364,1.16053993023,47.7463374923,2.12685867994,0.450740237249,31.8515409924,3.59578057719,0.303597573653,0.923432949764,2.91975855566,0.0,0.0,0.0
1280,1.60881720208,1.16144714794,47.7188106667,2.12718797792,0.449929980323,31.8699833577,3.59562999087,0.302984373993,0.923515510626,2.91997630763,0.0,0.0,0.0
1281,1.61007409052,1.16235574167,47.6912692701,2.12751693049,0.450281958073,31.8884141762,3.59547892271,0.303425560076,0.923464037705,2.91957980364,0.0,0.0,0.0
1282,1.61133097896,1.1632657131,47.6637133209,2.12784553686,0.450634469529,31.9068334386,3.59532737064,0.303868010998,0.92341288887,2.91918303454,0.0,0.0,0.0
1283,1.6125878674,1.16417706394,47.6361428373,2.12817379624,0.450987515347,31.9252411359,3.59517533261,0.304311731504,0.923362065944,2.91878600271,0.0,0.0,0.0
1284,1.61384475583,1.16508979586,47.6085578376,2.12850170785,0.451341096181,31.943637259,3.59502280655,0.30475672636,0.923311570753,2.91838871057,0.0,0.0,0.0
1285,1.61510164427,1.16600391056,47.5809583404,2.1288292709,0.451695212687,31.962021799,3.59486979041,0.305203000356,0.923261405123,2.91799116054,0.0,0.0,0.0
1286,1.61635853271,1.16691940974,47.5533443639,2.12915648461,0.450881778032,31.9803947468,3.59471628211,0.304583500596,0.923345613141,2.91821498725,0.0,0.0,0.0
1287,1.61761542115,1.16783629509,47.5257159266,2.12948334817,0.451236050048,31.9987560932,3.59456227958,0.305030053864,0.923296011999,2.91781804833,0.0,0.0,0.0
1288,1.61887230959,1.1687545683,47.4980730469,2.1298098608,0.451590858317,32.0171058294,3.59440778075,0.305477892036,0.923246744515,2.9174208594,0.0,0.0,0.0
1289,1.62012919803,1.16967423107,47.4704157433,2.1301360217,0.451946203491,32.0354439463,3.59425278355,0.305927019952,0.923197812526,2.91702342295,0.0,0.0,0.0
1290,1.62138608647,1.17059528509,47.4427440343,2.13046183006,0.452302086227,32.0537704349,3.59409728589,0.306377442477,0.92314921787,2.91662574149,0.0,0.0,0.0
1291,1.62264297491,1.17151773207,47.4150579385,2.13078728509,0.451485816764,32.0720852861,3.59394128569,0.305752537466,0.923234852916,2.91685487046,0.0,0.0,0.0
1292,1.62389986335,1.17244157369,47.3873574744,2.13111238599,0.451841851822,32.0903884911,3.59378478086,0.306203235771,0.923186832524,2.91645782827,0.0,0.0,0.0
1293,1.62515675179,1.17336681165,47.3596426605,2.13143713195,0.45219842501,32.1086800408,3.59362776932,0.306655234509,0.923139153577,2.91606054916,0.0,0.0,0.0
1294,1.62641364023,1.17429344764,47.3319135156,2.13176152216,0.452555536981,32.1269599263,3.59347024898,0.307108538598,0.92309181792,2.91566303574,0.0,0.0,0.0
1295,1.62767052867,1.17522148338,47.3041700582,2.13208555581,0.45291318839,32.1452281387,3.59331221774,0.307563152976,0.923044827404,2.91526529059,0.0,0.0,0.0
1296,1.6289274171,1.17615092054,47.276412307,2.13240923209,0.452094051649,32.1634846689,3.5931536735,0.306932753729,0.923131899791,2.91549979872,0.0,0.0,0.0
1297,1.63018430554,1.17708176084,47.2486402807,2.13273255019,0.452451852124,32.181729508,3.59299461417,0.307387640217,0.923085493314,2.91510272158,0.0,0.0,0.0
1298,1.63144119398,1.17801400597,47.2208539981,2.13305550929,0.452810192593,32.1999626472,3.59283503764,0.307843842882,0.923039436102,2.91470542104,0.0,0.0,0.0
1299,1.63269808242,1.17894765762,47.1930534779,2.13337810857,0.45316907371,32.2181840775,3.5926749418,0.308301366715,0.922993730011,2.91430789978,0.0,0.0,0.0
1300,1.63395497086,1.17988271751,47.1652387388,2.13370034721,0.453528496127,32.23639379,3.59251432455,0.308760216734,0.922948376901,2.9139101605,0.0,0.0,0.0
1301,1.6352118593,1.18081918731,47.1374097997,2.13402222439,0.453888460497,32.2545917758,3.59235318377,0.309220397982,0.922903378634,2.91351220592,0.0,0.0,0.0
1302,1.63646874774,1.18175706875,47.1095666794,2.13434373927,0.453066027473,32.272778026,3.59219151734,0.308583350922,0.922992137446,2.91375308344,0.0,0.0,0.0
1303,1.63772563618,1.18269636351,47.0817093969,2.13466489105,0.453426137475,32.2909525317,3.59202932314,0.30904380133,0.92294773526,2.91335583202,0.0,0.0,0.0
1304,1.63898252462,1.18363707329,47.0538379708,2.13498567888,0.453786789975,32.3091152841,3.59186659906,0.309505588941,0.922903692057,2.9129583739,0.0,0.0,0.0
1305,1.64023941306,1.1845791998,47.0259524203,2.13530610193,0.454147985624,32.3272662743,3.59170334297,0.309968718853,0.922860009705,2.91256071187,0.0,0.0,0.0
1306,1.6414963015,1.18552274473,46.9980527643,2.13562615937,0.454509725074,32.3454054935,3.59153955274,0.310433196186,0.922816690075,2.91216284875,0.0,0.0,0.0
1307,1.64275318993,1.1864677098,46.9701390216,2.13594585036,0.453684353618,32.3635329328,3.59137522623,0.309790451794,0.922906908143,2.91240927708,0.0,0.0,0.0
1308,1.64401007837,1.18741409669,46.9422112114,2.13626517407,0.454046235292,32.3816485834,3.59121036131,0.310255194222,0.922864194354,2.91201214719,0.0,0.0,0.0
1309,1.64526696681,1.18836190711,46.9142693527,2.13658412965,0.454408661298,32.3997524365,3.59104495584,0.310721290109,0.922821847436,2.91161482506,0.0,0.0,0.0
1310,1.64652385525,1.18931114276,46.8863134645,2.13690271625,0.454771632287,32.4178444832,3.59087900768,0.311188744629,0.922779869268,2.91121731355,0.0,0.0,0.0
1311,1.64778074369,1.19026180534,46.8583435659,2.13722093304,0.455135148909,32.4359247148,3.59071251469,0.311657562985,0.922738261727,2.91081961559,0.0,0.0,0.0
1312,1.64903763213,1.19121389655,46.8303596761,2.13753877917,0.454306805519,32.4539931225,3.59054547471,0.311009026903,0.92282994872,2.91107167393,0.0,0.0,0.0
1313,1.65029452057,1.1921674181,46.8023618142,2.13785625377,0.454670460884,32.4720496974,3.59037788559,0.311478106091,0.922788956764,2.91067473988,0.0,0.0,0.0
1314,1.65155140901,1.19312237168,46.7743499994,2.13817335601,0.455034662402,32.4900944309,3.59020974518,0.311948555212,0.922748339593,2.91027762846,0.0,0.0,0.0
1315,1.65280829745,1.194078759,46.7463242508,2.13849008503,0.45539941072,32.5081273141,3.59004105132,0.312420379524,0.922708099092,2.90988034264,0.0,0.0,0.0
1316,1.65406518589,1.19503658177,46.7182845878,2.13880643996,0.455764706488,32.5261483383,3.58987180184,0.312893584308,0.922668237149,2.90948288544,0.0,0.0,0.0
1317,1.65532207433,1.19599584167,46.6902310296,2.13912241995,0.454933357328,32.5441574948,3.58970199458,0.312239160451,0.922761402519,2.90974065371,0.0,0.0,0.0
1318,1.65657896277,1.19695654042,46.6621635955,2.13943802414,0.455298788283,32.5621547747,3.58953162737,0.312712621597,0.922722165882,2.90934399173,0.0,0.0,0.0
1319,1.6578358512,1.19791867971,46.6340823047,2.13975325166,0.455664767194,32.5801401695,3.58936069804,0.313187469378,0.922683311966,2.90894716769,0.0,0.0,0.0
1320,1.65909273964,1.19888226126,46.6059871768,2.14006810165,0.456031294708,32.5981136703,3.58918920441,0.313663709131,0.922644842663,2.90855018467,0.0,0.0,0.0
1321,1.66034962808,1.19984728675,46.577878231,2.14038257323,0.456398371471,32.6160752685,3.58901714429,0.314141346221,0.922606759867,2.90815304577,0.0,0.0,0.0
1322,1.66160651652,1.20081375789,46.5497554868,2.14069666553,0.455563982366,32.6340249554,3.58884451552,0.313480936737,0.922701412842,2.9084166046,0.0,0.0,0.0
1323,1.66286340496,1.20178167639,46.5216189636,2.14101037769,0.455931190685,32.6519627222,3.58867131589,0.313958825506,0.922663965049,2.90802029286,0.0,0.0,0.0
1324,1.6641202934,1.20275104395,46.4934686809,2.14132370881,0.456298948746,32.6698885604,3.58849754322,0.314438117835,0.922626907931,2.90762383482,0.0,0.0,0.0
1325,1.66537718184,1.20372186226,46.4653046582,2.14163665803,0.456667257195,32.6878024611,3.58832319531,0.314918819146,0.922590243386,2.90722723367,0.0,0.0,0.0
1326,1.66663407028,1.20469413303,46.437126915,2.14194922447,0.457036116676,32.7057044159,3.58814826996,0.315400934888,0.922553973313,2.90683049261,0.0,0.0,0.0
1327,1.66789095872,1.20566785796,46.4089354709,2.14226140723,0.45619865311,32.7235944159,3.58797276498,0.314734440127,0.922650122892,2.90709992332,0.0,0.0,0.0
1328,1.66914784716,1.20664303875,46.3807303455,2.14257320544,0.456567640437,32.7414724526,3.58779667816,0.315216802643,0.922614497489,2.90670404198,0.0,0.0,0.0
1329,1.6704047356,1.20761967711,46.3525115584,2.1428846182,0.456937179275,32.7593385174,3.58762000729,0.315700585875,0.922579270729,2.90630803056,0.0,0.0,0.0
1330,1.67166162403,1.20859777473,46.3242791293,2.14319564462,0.457307270267,32.7771926016,3.58744275015,0.31618579533,0.922544444516,2.90591189235,0.0,0.0,0.0
1331,1.67291851247,1.20957733332,46.2960330778,2.14350628381,0.457677914056,32.7950346965,3.58726490453,0.316672436541,0.922510020756,2.90551563066,0.0,0.0,0.0
1332,1.67417540091,1.21055835457,46.2677734236,2.14381653487,0.456837341169,32.8128647937,3.5870864682,0.315999755017,0.922607675695,2.90579101526,0.0,0.0,0.0
1333,1.67543228935,1.21154084019,46.2395001866,2.14412639691,0.457208109015,32.8306828844,3.58690743895,0.316486637869,0.922573906235,2.90539564651,0.0,0.0,0.0
1334,1.67668917779,1.21252479187,46.2112133864,2.14443586901,0.457579430121,32.8484889602,3.58672781455,0.316974958824,0.922540543397,2.90500016436,0.0,0.0,0.0
1335,1.67794606623,1.21351021132,46.1829130429,2.14474495029,0.45795130513,32.8662830124,3.58654759276,0.317464723475,0.922507589091,2.9046045722,0.0,0.0,0.0
1336,1.67920295467,1.21449710024,46.1545991759,2.14505363983,0.458323734682,32.8840650324,3.58636677134,0.317955937443,0.922475045227,2.90420887346,0.0,0.0,0.0
1337,1.68045984311,1.21548546033,46.1262718054,2.14536193673,0.457480017262,32.9018350118,3.58618534807,0.317276965795,0.92257421404,2.90449029464,0.0,0.0,0.0
1338,1.68171673155,1.21647529328,46.0979309511,2.14566984006,0.457852567001,32.9195929418,3.58600332068,0.317768416033,0.922542334064,2.90409552271,0.0,0.0,0.0
1339,1.68297361999,1.21746660079,46.069576633,2.14597734893,0.45822567173,32.9373388141,3.58582068695,0.318261321996,0.9225108687,2.90370065453,0.0,0.0,0.0
1340,1.68423050843,1.21845938456,46.0412088711,2.14628446241,0.45859933209,32.9550726201,3.5856374446,0.318755689365,0.922479819857,2.9033056936,0.0,0.0,0.0
1341,1.68548739686,1.2194536463,46.0128276853,2.14659117958,0.458973548719,32.9727943513,3.5854535914,0.319251523849,0.922449189451,2.90291064345,0.0,0.0,0.0
1342,1.6867442853,1.22044938769,45.9844330957,2.14689749952,0.458126651204,32.990503999,3.58526912508,0.318566156806,0.922549880397,2.90319818461,0.0,0.0,0.0
1343,1.68800117374,1.22144661044,45.9560251224,2.14720342131,0.458500984066,33.0082015549,3.58508404337,0.319062221943,0.922519923423,2.9028040958,0.0,0.0,0.0
1344,1.68925806218,1.22244531623,45.9276037854,2.14750894403,0.45887587363,33.0258870104,3.58489834401,0.319559760664,0.922490389051,2.90240992838,0.0,0.0,0.0
1345,1.69051495062,1.22344550678,45.8991691048,2.14781406673,0.459251320532,33.0435603571,3.58471202473,0.320058778738,0.922461279195,2.90201568596,0.0,0.0,0.0
1346,1.69177183906,1.22444718377,45.8707211009,2.1481187885,0.459627325408,33.0612215864,3.58452508325,0.320559281966,0.922432595772,2.90162137216,0.0,0.0,0.0
1347,1.6930287275,1.2254503489,45.8422597936,2.14842310839,0.458777211876,33.07887069,3.58433751729,0.319867412306,0.922534816849,2.90191511735,0.0,0.0,0.0
1348,1.69428561594,1.22645500386,45.8137852034,2.14872702547,0.459153328949,33.0965076592,3.58414932457,0.320368140316,0.922506816348,2.9015218001,0.0,0.0,0.0
1349,1.69554250438,1.22746115035,45.7852973504,2.14903053879,0.459530004412,33.1141324858,3.5839605028,0.320870360009,0.922479246441,2.90112842236,0.0,0.0,0.0
1350,1.69679939282,1.22846879007,45.7567962549,2.14933364743,0.4599072389,33.1317451612,3.58377104968,0.321374077244,0.922452109043,2.90073498784,0.0,0.0,0.0
1351,1.69805628126,1.2294779247,45.7282819371,2.14963635043,0.460285033045,33.149345677,3.58358096293,0.321879297912,0.922425406072,2.90034150031,0.0,0.0,0.0
1352,1.6993131697,1.23048855593,45.6997544175,2.14993864684,0.459431667212,33.1669340248,3.58339024024,0.321180816424,0.922529165008,2.90064153425,0.0,0.0,0.0
1353,1.70057005813,1.23150068547,45.6712137165,2.15024053571,0.459809569432,33.1845101962,3.5831988793,0.321686255742,0.922503154393,2.90024907914,0.0,0.0,0.0
1354,1.70182694657,1.232514315,45.6426598543,2.1505420161,0.460188031708,33.2020741827,3.58300687781,0.322193205084,0.922477582358,2.89985658214,0.0,0.0,0.0
1355,1.70308383501,1.23352944621,45.6140928515,2.15084308704,0.460567054672,33.219625976,3.58281423345,0.3227016704,0.922452450819,2.89946404711,0.0,0.0,0.0
1356,1.70434072345,1.23454608079,45.5855127284,2.15114374757,0.460946638955,33.2371655677,3.5826209439,0.323211657675,0.922427761697,2.8990714779,0.0,0.0,0.0
1357,1.70559761189,1.23556422043,45.5569195057,2.15144399675,0.460089984173,33.2546929493,3.58242700685,0.322506453118,0.922533065943,2.89937788598,0.0,0.0,0.0
1358,1.70685450033,1.23658386682,45.5283132039,2.15174383359,0.46046967232,33.2722081126,3.58223241997,0.323016652637,0.922509078545,2.89898638576,0.0,0.0,0.0
1359,1.70811138877,1.23760502166,45.4996938434,2.15204325714,0.460849922167,33.2897110492,3.58203718092,0.323528380766,0.922485537705,2.89859486279,0.0,0.0,0.0
1360,1.70936827721,1.23862768661,45.471061445,2.15234226643,0.461230734343,33.3072017506,3.58184128738,0.324041643549,0.92246244534,2.898203321,0.0,0.0,0.0
1361,1.71062516565,1.23965186338,45.4424160292,2.15264086048,0.460371216726,33.3246802087,3.58164473699,0.323330938387,0.922569043647,2.89851507585,0.0,0.0,0.0
1362,1.71188205409,1.24067755364,45.4137576167,2.15293903832,0.460752128726,33.3421464149,3.58144752743,0.323844406125,0.922546660093,2.89812463267,0.0,0.0,0.0
1363,1.71313894253,1.24170475909,45.3850862282,2.15323679897,0.461133603421,33.3596003611,3.58124965633,0.324359415196,0.922524729145,2.89773418232,0.0,0.0,0.0
1364,1.71439583096,1.2427334814,45.3564018844,2.15353414146,0.461515641437,33.3770420388,3.58105112135,0.32487597171,0.922503252721,2.89734372884,0.0,0.0,0.0
1365,1.7156527194,1.24376372226,45.3277046061,2.15383106479,0.461898243398,33.3944714398,3.58085192013,0.325394081807,0.922482232736,2.89695327631,0.0,0.0,0.0
1366,1.71690960784,1.24479548335,45.2989944141,2.15412756799,0.461035368411,33.4118885558,3.58065205031,0.324676450805,0.92259038912,2.8972715601,0.0,0.0,0.0
1367,1.71816649628,1.24582876636,45.2702713292,2.15442365006,0.46141806582,33.4292933785,3.58045150952,0.325194758915,0.922570087182,2.89688224397,0.0,0.0,0.0
1368,1.71942338472,1.24686357295,45.2415353722,2.15471931001,0.461801327522,33.4466858996,3.58025029539,0.325714627345,0.922550245801,2.8964929407,0.0,0.0,0.0
1369,1.72068027316,1.24789990482,45.2127865642,2.15501454686,0.462185154139,33.4640661108,3.58004840555,0.326236062301,0.92253086689,2.89610365447,0.0,0.0,0.0
1370,1.7219371616,1.24893776364,45.1840249259,2.15530935959,0.462569546293,33.4814340038,3.57984583761,0.326759070018,0.922511952365,2.89571438945,0.0,0.0,0.0
1371,1.72319405004,1.24997715108,45.1552504785,2.15560374722,0.461703276233,33.4987895705,3.57964258919,0.326034396151,0.922621673461,2.89603928933,0.0,0.0,0.0
1372,1.72445093848,1.25101806883,45.1264632427,2.15589770874,0.462087759365,33.5161328025,3.5794386579,0.32655759464,0.922603486138,2.89565119922,0.0,0.0,0.0
1373,1.72570782692,1.25206051855,45.0976632398,2.15619124314,0.462472808364,33.5334636916,3.57923404134,0.327082372689,0.9225857673,2.89526314254,0.0,0.0,0.0
1374,1.72696471536,1.25310450193,45.0688504907,2.15648434942,0.462858423846,33.5507822297,3.57902873713,0.327608736599,0.922568518859,2.89487512358,0.0,0.0,0.0
1375,1.7282216038,1.25415002064,45.0400250166,2.15677702656,0.463244606431,33.5680884084,3.57882274284,0.328136692703,0.922551742726,2.89448714664,0.0,0.0,0.0
1376,1.72947849223,1.25519707634,45.0111868386,2.15706927355,0.462374903213,33.5853822195,3.57861605609,0.327404856758,0.922663034859,2.89481875038,0.0,0.0,0.0
1377,1.73073538067,1.25624567072,44.9823359778,2.15736108937,0.462761172212,33.6026636549,3.57840867445,0.327932996084,0.922646994996,2.89443198757,0.0,0.0,0.0
1378,1.73199226911,1.25729580543,44.9534724555,2.15765247301,0.463148008622,33.6199327064,3.5782005955,0.328462734461,0.922631431521,2.8940452793,0.0,0.0,0.0
1379,1.73324915755,1.25834748215,44.924596293,2.15794342344,0.463535413059,33.6371893657,3.57799181682,0.32899407829,0.922616346342,2.89365862996,0.0,0.0,0.0
1380,1.73450604599,1.25940070254,44.8957075113,2.15823393963,0.46266272478,33.6544336247,3.57778233599,0.328256395808,0.922728952636,2.89399584352,0.0,0.0,0.0
1381,1.73576293443,1.26045546827,44.866806132,2.15852402056,0.46305021129,33.6716654752,3.57757215057,0.328787914538,0.922714610547,2.89361043997,0.0,0.0,0.0
1382,1.73701982287,1.26151178101,44.8378921763,2.15881366519,0.46343826612,33.6888849091,3.57736125813,0.329321045602,0.922700750815,2.89322510808,0.0,0.0,0.0
1383,1.73827671131,1.26256964242,44.8089656655,2.15910287249,0.463826889881,33.7060919182,3.57714965622,0.329855795464,0.922687375342,2.89283985237,0.0,0.0,0.0
1384,1.73953359975,1.26362905416,44.7800266212,2.15939164142,0.464216083182,33.7232864944,3.5769373424,0.330392170625,0.922674486032,2.89245467737,0.0,0.0,0.0
1385,1.74079048819,1.26469001789,44.7510750647,2.15967997095,0.463339890667,33.7404686295,3.57672431421,0.329647109017,0.92278867403,2.89279875355,0.0,0.0,0.0
1386,1.74204737663,1.26575253527,44.7221110176,2.15996786002,0.4637291613,33.7576383154,3.57651056919,0.330183650923,0.922776536703,2.89241486484,0.0,0.0,0.0
1387,1.74330426506,1.26681660796,44.6931345013,2.16025530759,0.464119001745,33.774795544,3.5762961049,0.330721825067,0.922764889575,2.89203106986,0.0,0.0,0.0
1388,1.7445611535,1.26788223762,44.6641455374,2.16054231262,0.46450941261,33.7919403072,3.57608091885,0.331261638015,0.922753734543,2.89164737326,0.0,0.0,0.0
1389,1.74581804194,1.2689494259,44.6351441475,2.16082887405,0.463630174862,33.8090725968,3.57586500857,0.330510559369,0.92286924501,2.89199718558,0.0,0.0,0.0
1390,1.74707493038,1.27001817445,44.6061303532,2.16111499081,0.464020658567,33.8261924048,3.57564837159,0.331050530204,0.922858848628,2.8916148079,0.0,0.0,0.0
1391,1.74833181882,1.27108848493,44.5771041762,2.16140066187,0.464411712947,33.8432997232,3.57543100543,0.331592146805,0.922848948357,2.89123254187,0.0,0.0,0.0
1392,1.74958870726,1.27216035898,44.5480656382,2.16168588615,0.464803338603,33.8603945437,3.5752129076,0.332135415808,0.922839546088,2.89085039219,0.0,0.0,0.0
1393,1.7508455957,1.27323379827,44.5190147608,2.16197066258,0.465195536139,33.8774768584,3.57499407561,0.332680343882,0.922830643711,2.89046836365,0.0,0.0,0.0
1394,1.75210248414,1.27430880443,44.4899515659,2.16225499011,0.464312721775,33.8945466593,3.57477450695,0.331921662068,0.92294774548,2.89082519908,0.0,0.0,0.0
1395,1.75335937258,1.2753853791,44.4608760753,2.16253886766,0.464704987224,33.9116039381,3.57455419913,0.332466739228,0.922939610447,2.89044453128,0.0,0.0,0.0
1396,1.75461626102,1.27646352395,44.4317883108,2.16282229415,0.465097824784,33.928648687,3.57433314963,0.333013482476,0.922931979291,2.89006399818,0.0,0.0,0.0
1397,1.75587314946,1.2775432406,44.4026882943,2.16310526852,0.465491235056,33.9456808979,3.57411135595,0.33356189855,0.922924853894,2.88968360464,0.0,0.0,0.0
1398,1.75713003789,1.2786245307,44.3735760477,2.16338778967,0.465885218636,33.9627005627,3.57388881556,0.334111994225,0.922918236139,2.88930335556,0.0,0.0,0.0
1399,1.75838692633,1.27970739589,44.3444515929,2.16366985653,0.464998787745,33.9797076735,3.57366552595,0.33334557969,0.923036934016,2.88966730448,0.0,0.0,0.0
1400,1.75964381477,1.28079183781,44.3153149519,2.16395146801,0.465392834207,33.9967022222,3.57344148457,0.333895815289,0.92303109218,2.88928845871,0.0,0.0,0.0
1401,1.76090070321,1.28187785808,44.2861661468,2.16423262301,0.465787454187,34.0136842009,3.57321668891,0.334447737559,0.923025761938,2.88890977127,0.0,0.0,0.0
1402,1.76215759165,1.28296545836,44.2570051996,2.16451332046,0.46618264828,34.0306536015,3.57299113641,0.335001353346,0.923020945162,2.88853124718,0.0,0.0,0.0
1403,1.76341448009,1.28405464026,44.2278321324,2.16479355925,0.465293077105,34.0476104161,3.57276482453,0.334228644326,0.923140976621,2.88890113139,0.0,0.0,0.0
1404,1.76467136853,1.28514540542,44.1986469674,2.16507333828,0.465688329345,34.0645546366,3.57253775072,0.334782390288,0.923136942162,2.88852404481,0.0,0.0,0.0
1405,1.76592825697,1.28623775546,44.1694497266,2.16535265645,0.466084155889,34.0814862553,3.57230991242,0.335337836858,0.923133425093,2.8881471357,0.0,0.0,0.0
1406,1.76718514541,1.28733169202,44.1402404324,2.16563151265,0.466480557325,34.0984052639,3.57208130708,0.335894990948,0.923130427279,2.88777040916,0.0,0.0,0.0
1407,1.76844203385,1.28842721672,44.1110191069,2.16590990579,0.466877534244,34.1153116548,3.57185193212,0.336453859508,0.923127950583,2.88739387031,0.0,0.0,0.0
1408,1.76969892229,1.28952433118,44.0817857725,2.16618783473,0.465984272092,34.1322054198,3.57162178498,0.335673182252,0.923249585987,2.88777103106,0.0,0.0,0.0
1409,1.77095581073,1.29062303703,44.0525404514,2.16646529838,0.466381301931,34.1490865511,3.57139086306,0.336232171123,0.923247899949,2.88739597363,0.0,0.0,0.0
1410,1.77221269916,1.29172333587,44.0232831661,2.16674229561,0.46677890742,34.1659550407,3.5711591638,0.336792881608,0.923246738914,2.88702111835,0.0,0.0,0.0
1411,1.7734695876,1.29282522933,43.9940139389,2.16701882529,0.467177089141,34.1828108807,3.5709266846,0.337355320729,0.923246104735,2.88664647044,0.0,0.0,0.0
1412,1.77472647604,1.29392871903,43.9647327922,2.16729488632,0.466280623743,34.1996540633,3.57069342286,0.336568164661,0.923369079727,2.88702969559,0.0,0.0,0.0
1413,1.77598336448,1.29503380657,43.9354397486,2.16757047755,0.466678853488,34.2164845805,3.57045937599,0.337130713728,0.923369242405,2.88665656434,0.0,0.0,0.0
1414,1.77724025292,1.29614049357,43.9061348305,2.16784559785,0.467077659613,34.2333024244,3.57022454137,0.337694998591,0.923369935792,2.88628365517,0.0,0.0,0.0
1415,1.77849714136,1.29724878163,43.8768180605,2.1681202461,0.467477042697,34.2501075872,3.5699889164,0.338261026343,0.92337116173,2.88591097342,0.0,0.0,0.0
1416,1.7797540298,1.29835867236,43.8474894611,2.16839442115,0.467877003321,34.2669000609,3.56975249846,0.338828804112,0.923372922061,2.88553852447,0.0,0.0,0.0
1417,1.78101091824,1.29947016736,43.8181490551,2.16866812186,0.46697677113,34.2836798378,3.56951528492,0.338033436709,0.923497507639,2.88592919068,0.0,0.0,0.0
1418,1.78226780668,1.30058326824,43.788796865,2.16894134709,0.467376774349,34.30044691,3.56927727315,0.338601313814,0.923500072908,2.88555830365,0.0,0.0,0.0
1419,1.78352469512,1.3016979766,43.7594329136,2.16921409569,0.46777735523,34.3172012696,3.56903846053,0.339170948149,0.923503176378,2.88518766444,0.0,0.0,0.0
1420,1.78478158356,1.30281429403,43.7300572236,2.1694863665,0.468178514346,34.3339429087,3.5687988444,0.339742346916,0.923506819876,2.88481727853,0.0,0.0,0.0
1421,1.78603847199,1.30393222212,43.7006698178,2.16975815838,0.467275014817,34.3506718196,3.56855842212,0.338940310729,0.923632750077,2.88521413915,0.0,0.0,0.0
1422,1.78729536043,1.30505176248,43.671270719,2.17002947017,0.467676211461,34.3673879945,3.56831719104,0.339511797816,0.923637204496,2.88484535143,0.0,0.0,0.0
1423,1.78855224887,1.30617291668,43.64185995,2.17030030069,0.468077986441,34.3840914255,3.56807514849,0.340085056561,0.923642202715,2.8844768323,0.0,0.0,0.0
1424,1.78980913731,1.30729568632,43.6124375339,2.1705706488,0.468480340326,34.4007821047,3.56783229182,0.340660094238,0.92364774655,2.88410858735,0.0,0.0,0.0
1425,1.79106602575,1.30842007299,43.5830034934,2.17084051332,0.467573543889,34.4174600245,3.56758861836,0.339851305044,0.923775023359,2.88451169983,0.0,0.0,0.0
1426,1.79232291419,1.30954607826,43.5535578516,2.17110989308,0.467975930156,34.4341251771,3.56734412542,0.340426419719,0.923781383995,2.88414508979,0.0,0.0,0.0
1427,1.79357980263,1.31067370371,43.5241006316,2.1713787869,0.468378895408,34.4507775545,3.56709881033,0.341003320564,0.923788293979,2.88377876948,0.0,0.0,0.0
1428,1.79483669107,1.31180295092,43.4946318563,2.17164719361,0.468782440209,34.4674171492,3.56685267039,0.341582014928,0.923795755113,2.88341274458,0.0,0.0,0.0
1429,1.79609357951,1.31293382148,43.4651515488,2.17191511202,0.469186565122,34.4840439533,3.56660570291,0.342162510197,0.923803769197,2.88304702083,0.0,0.0,0.0
1430,1.79735046795,1.31406631694,43.4356597324,2.17218254094,0.468275889015,34.500657959,3.56635790519,0.341345147193,0.92393266402,2.88345781367,0.0,0.0,0.0
1431,1.79860735639,1.31520043888,43.4061564302,2.1724494792,0.468680040578,34.5172591586,3.56610927452,0.341925707684,0.923941502569,2.88309377209,0.0,0.0,0.0
1432,1.79986424483,1.31633618887,43.3766416653,2.1727159256,0.469084772306,34.5338475444,3.5658598082,0.342508076365,0.923950897747,2.88273004753,0.0,0.0,0.0
1433,1.80112113326,1.31747356847,43.3471154611,2.17298187893,0.469490084755,34.5504231087,3.56560950349,0.343092260699,0.923960851339,2.88236664585,0.0,0.0,0.0
1434,1.8023780217,1.31861257924,43.3175778409,2.17324733801,0.468576045978,34.5669858437,3.56535835767,0.342267946419,0.92409109633,2.88278382167,0.0,0.0,0.0
1435,1.80363491014,1.31975322274,43.2880288279,2.17351230162,0.468981379755,34.5835357417,3.56510636802,0.342852183949,0.92410188002,2.88242213993,0.0,0.0,0.0
1436,1.80489179858,1.32089550053,43.2584684457,2.17377676857,0.469387294284,34.6000727949,3.56485353179,0.343438244424,0.924113225761,2.88206079722,0.0,0.0,0.0
1437,1.80614868702,1.32203941416,43.2288967175,2.17404073763,0.469793790118,34.6165969958,3.56459984624,0.344026135381,0.92412513532,2.88169979948,0.0,0.0,0.0
1438,1.80740557546,1.32318496517,43.1993136669,2.17430420761,0.468876358339,34.6331083366,3.56434530862,0.343194782052,0.92425673179,2.88212341607,0.0,0.0,0.0
1439,1.8086624639,1.32433215513,43.1697193174,2.17456717727,0.469282870094,34.6496068097,3.56408991618,0.343782713851,0.924269476966,2.88176417652,0.0,0.0,0.0
1440,1.80991935234,1.32548098556,43.1401136925,2.1748296454,0.469689963162,34.6660924073,3.56383366614,0.344372483432,0.92428278955,2.88140529835,0.0,0.0,0.0
1441,1.81117624078,1.32663145802,43.1104968159,2.17509161078,0.470097638087,34.6825651218,3.56357655573,0.344964098408,0.924296671295,2.88104678763,0.0,0.0,0.0
1442,1.81243312922,1.32778357404,43.080868711,2.17535307218,0.470505895416,34.6990249455,3.56331858219,0.345557566429,0.924311123948,2.88068865048,0.0,0.0,0.0
1443,1.81369001766,1.32893733516,43.0512294017,2.17561402836,0.469584468095,34.7154718708,3.56305974273,0.344717260309,0.924444343103,2.88112018905,0.0,0.0,0.0
1444,1.81494690609,1.3300927429,43.0215789116,2.17587447809,0.469992735296,34.7319058901,3.56280003456,0.345310756134,0.924459638565,2.88076385935,0.0,0.0,0.0
1445,1.81620379453,1.3312497988,42.9919172645,2.17613442013,0.470401584879,34.7483269957,3.56253945489,0.345906112348,0.924475508465,2.88040791997,0.0,0.0,0.0
1446,1.81746068297,1.33240850439,42.9622444842,2.17639385324,0.470811017383,34.76473518,3.5622780009,0.346503336677,0.924491954532,2.88005237713,0.0,0.0,0.0
1447,1.81871757141,1.33356886118,42.9325605945,2.17665277617,0.469886129588,34.7811304354,3.5620156698,0.345655784628,0.924626527161,2.88049048847,0.0,0.0,0.0
1448,1.81997445985,1.3347308707,42.9028656193,2.17691118767,0.470295566374,34.7975127542,3.56175245877,0.346253023651,0.924643821279,2.8801367924,0.0,0.0,0.0
1449,1.82123134829,1.33589453445,42.8731595825,2.17716908649,0.470705586036,34.8138821289,3.56148836498,0.346852138136,0.924661695042,2.8797835099,0.0,0.0,0.0
1450,1.82248823673,1.33705985397,42.8434425081,2.17742647137,0.471116189108,34.8302385519,3.56122338561,0.347453135887,0.924680150161,2.8794306473,0.0,0.0,0.0
1451,1.82374512517,1.33822683074,42.8137144202,2.17768334105,0.47018780973,34.8465820156,3.56095751782,0.346598246462,0.924816076863,2.87987538945,0.0,0.0,0.0
1452,1.82500201361,1.33939546629,42.7839753427,2.17793969426,0.470598411408,34.8629125125,3.56069075877,0.347199245441,0.924835385146,2.87952441341,0.0,0.0,0.0
1453,1.82625890205,1.34056576211,42.7542252997,2.17819552974,0.471009596425,34.8792300348,3.56042310561,0.347802135035,0.92485527821,2.87917387457,0.0,0.0,0.0
1454,1.82751579049,1.3417377197,42.7244643155,2.17845084621,0.471421365309,34.8955345752,3.56015455548,0.348406923125,0.924875757747,2.8788237794,0.0,0.0,0.0
1455,1.82877267893,1.34291134056,42.6946924141,2.17870564239,0.470489462994,34.911826126,3.55988510553,0.347544603772,0.925013038893,2.87927521042,0.0,0.0,0.0
1456,1.83002956736,1.34408662618,42.6649096199,2.17895991701,0.470901224723,34.9281046797,3.55961475287,0.34814937926,0.925034376573,2.87892704205,0.0,0.0,0.0
1457,1.8312864558,1.34526357804,42.6351159571,2.17921366878,0.471313570222,34.9443702288,3.55934349465,0.348756060594,0.925056304094,2.87857933491,0.0,0.0,0.0
1458,1.83254334424,1.34644219765,42.6053114499,2.17946689642,0.471726500012,34.9606227658,3.55907132796,0.349364655729,0.925078823127,2.87823209559,0.0,0.0,0.0
1459,1.83380023268,1.34762248646,42.5754961228,2.17971959862,0.472140014613,34.976862283,3.55879824993,0.349975172668,0.925101935339,2.87788533071,0.0,0.0,0.0
1460,1.83505712112,1.34880444598,42.5456700002,2.17997177411,0.471203959948,34.9930887731,3.55852425766,0.349103381119,0.925240840876,2.87834500177,0.0,0.0,0.0
1461,1.83631400956,1.34998807766,42.5158331065,2.18022342157,0.471617460905,35.0093022285,3.55824934824,0.349713870604,0.925264817718,2.87800021563,0.0,0.0,0.0
1462,1.837570898,1.35117338297,42.4859854662,2.1804745397,0.472031546546,35.0255026417,3.55797351876,0.350326289274,0.925289391031,2.87765592185,0.0,0.0,0.0
1463,1.83882778644,1.35236036339,42.4561271039,2.18072512721,0.472446217384,35.0416900052,3.5576967663,0.350940645207,0.925314562461,2.87731212719,0.0,0.0,0.0
1464,1.84008467488,1.35354902038,42.426258044,2.18097518276,0.471506570012,35.0578643116,3.55741908795,0.350061205239,0.925454822249,2.87777861983,0.0,0.0,0.0
1465,1.84134156332,1.3547393554,42.3963783113,2.18122470506,0.471921221248,35.0740255533,3.55714048075,0.350675519059,0.92548086297,2.87743684524,0.0,0.0,0.0
1466,1.84259845176,1.35593136989,42.3664879305,2.18147369278,0.472336457529,35.090173723,3.55686094179,0.351291777521,0.92550750504,2.87709558797,0.0,0.0,0.0
1467,1.84385534019,1.35712506532,42.3365869261,2.1817221446,0.47275227936,35.1063088132,3.5565804681,0.35190998878,0.925534750081,2.87675485489,0.0,0.0,0.0
1468,1.84511222863,1.35832044313,42.3066753231,2.18197005919,0.471809007128,35.1224308163,3.55629905674,0.351022804015,0.925676363721,2.87722822725,0.0,0.0,0.0
1469,1.84636911707,1.35951750476,42.2767531462,2.18221743522,0.47222480331,35.1385397251,3.55601670475,0.351640958113,0.925704482566,2.87688955605,0.0,0.0,0.0
1470,1.84762600551,1.36071625165,42.2468204202,2.18246427136,0.472641184863,35.154635532,3.55573340915,0.35226107238,0.925733207551,2.87655142753,0.0,0.0,0.0
1471,1.84888289395,1.36191668524,42.2168771701,2.18271056627,0.473058152285,35.1707182296,3.55544916698,0.352883155052,0.925762540273,2.87621384868,0.0,0.0,0.0
1472,1.85013978239,1.36311880695,42.1869234208,2.18295631859,0.472111222791,35.1867878106,3.55516397525,0.351988127967,0.925905507121,2.87669415888,0.0,0.0,0.0
1473,1.85139667083,1.36432261822,42.1569591973,2.183201527,0.472528158425,35.2028442674,3.55487783096,0.352610138032,0.925935718008,2.87635868419,0.0,0.0,0.0
1474,1.85265355927,1.36552812046,42.1269845246,2.18344619013,0.472945679723,35.2188875928,3.55459073113,0.353234123865,0.925966539735,2.87602377795,0.0,0.0,0.0
1475,1.85391044771,1.3667353151,42.0969994278,2.18369030664,0.473363787176,35.2349177793,3.55430267274,0.35386009378,0.925997973875,2.87568944727,0.0,0.0,0.0
1476,1.85516733615,1.36794420355,42.0670039321,2.18393387515,0.472413167762,35.2509348195,3.55401365279,0.352957125698,0.926142293036,2.87617675338,0.0,0.0,0.0
1477,1.85642422459,1.36915478721,42.0369980626,2.18417689432,0.472831237195,35.2669387061,3.55372366826,0.353583007155,0.926174609545,2.87584456962,0.0,0.0,0.0
1478,1.85768111302,1.3703670675,42.0069818445,2.18441936277,0.47324989255,35.2829294317,3.55343271611,0.354210880046,0.926207541501,2.87551298047,0.0,0.0,0.0
1479,1.85893800146,1.37158104581,41.9769553032,2.18466127912,0.473669134308,35.298906989,3.55314079332,0.354840752764,0.92624109045,2.87518199319,0.0,0.0,0.0
1480,1.8601948899,1.37279672354,41.9469184638,2.18490264201,0.472714792066,35.3148713705,3.55284789683,0.353929743848,0.926386760777,2.87567635325,0.0,0.0,0.0
1481,1.86145177834,1.37401410208,41.9168713519,2.18514345006,0.473133989481,35.3308225689,3.55255402361,0.354559511845,0.926421196137,2.87534755612,0.0,0.0,0.0
1482,1.86270866678,1.37523318282,41.8868139928,2.18538370188,0.473553773038,35.346760577,3.55225917059,0.355191287007,0.926456251454,2.8750193802,0.0,0.0,0.0
1483,1.86396555522,1.37645396714,41.8567464119,2.18562339608,0.473974143214,35.3626853874,3.5519633347,0.355825077807,0.926491928246,2.87469183286,0.0,0.0,0.0
1484,1.86522244366,1.37767645641,41.8266686348,2.18586253127,0.473016044977,35.3785969927,3.55166651289,0.354905927051,0.92663894833,2.87519330481,0.0,0.0,0.0
1485,1.8664793321,1.37890065202,41.796580687,2.18610110605,0.473436364391,35.3944953857,3.55136870205,0.355539596443,0.926675515408,2.87486799133,0.0,0.0,0.0
1486,1.86773622054,1.38012655533,41.7664825941,2.18633911903,0.473857270132,35.4103805591,3.55106989911,0.356175288796,0.926712706852,2.87454332606,0.0,0.0,0.0
1487,1.86899310898,1.3813541677,41.7363743819,2.18657656879,0.474278762668,35.4262525055,3.55077010098,0.356813012662,0.926750524152,2.87421931651,0.0,0.0,0.0
1488,1.87024999742,1.3825834905,41.7062560759,2.18681345394,0.473316875016,35.4421112177,3.55046930453,0.355885617885,0.926898892322,2.87472795823,0.0,0.0,0.0
1489,1.87150688586,1.38381452507,41.6761277019,2.18704977305,0.473738310275,35.4579566883,3.55016750667,0.356523203225,0.926937603611,2.87440622672,0.0,0.0,0.0
1490,1.87276377429,1.38504727277,41.6459892858,2.18728552471,0.47416033201,35.4737889102,3.54986470428,0.357162827383,0.92697694357,2.87408517086,0.0,0.0,0.0
1491,1.87402066273,1.38628173494,41.6158408533,2.18752070749,0.47458294068,35.4896078761,3.54956089422,0.357804498991,0.927016913659,2.87376479828,0.0,0.0,0.0
1492,1.87527755117,1.38751791292,41.5856824304,2.18775531997,0.475006136745,35.5054135786,3.54925607336,0.358448226729,0.92705751533,2.87344511664,0.0,0.0,0.0
1493,1.87653443961,1.38875580804,41.555514043,2.18798936072,0.474039774713,35.5212060106,3.54895023856,0.357510272351,0.927207495581,2.87396261765,0.0,0.0,0.0
1494,1.87779132805,1.38999542164,41.525335717,2.1882228283,0.474462906081,35.5369851649,3.54864338667,0.358153842608,0.927248996052,2.87364527127,0.0,0.0,0.0
1495,1.87904821649,1.39123675503,41.4951474787,2.18845572127,0.474886624486,35.5527510341,3.54833551452,0.358799476311,0.927291130818,2.87332863615,0.0,0.0,0.0
1496,1.88030510493,1.39247980954,41.464949354,2.1886880382,0.475310930379,35.5685036111,3.54802661894,0.35944718222,0.9273339013,2.87301272009,0.0,0.0,0.0
1497,1.88156199337,1.39372458647,41.434741369,2.18891977763,0.474340704509,35.5842428886,3.54771669677,0.358500741818,0.927485224694,2.8735375233,0.0,0.0,0.0
1498,1.88281888181,1.39497108715,41.40452355,2.1891509381,0.474764938972,35.5999688594,3.54740574482,0.359148272135,0.927528897272,2.8732239878,0.0,0.0,0.0
1499,1.88407577025,1.39621931286,41.3742959233,2.18938151817,0.475189760537,35.6156815164,3.5470937599,0.35979788195,0.927573208196,2.87291119198,0.0,0.0,0.0
1500,1.88533265869,1.39746926492,41.344058515,2.18961151636,0.475615169644,35.6313808523,3.5467807388,0.360449580104,0.927618158853,2.87259914377,0.0,0.0,0.0
1501,1.88658954712,1.3987209446,41.3138113516,2.18984093122,0.474641045675,35.64706686,3.54646667831,0.359494547412,0.927770822827,2.87313130674,0.0,0.0,0.0
1502,1.88784643556,1.3999743532,41.2835544594,2.19006976128,0.475066376522,35.6627395323,3.54615157523,0.360146051401,0.927816678688,2.87282168487,0.0,0.0,0.0
1503,1.889103324,1.401229492,41.2532878649,2.19029800505,0.475492294493,35.678398862,3.54583542632,0.360799650995,0.927863176829,2.87251283152,0.0,0.0,0.0
1504,1.89036021244,1.40248636228,41.2230115947,2.19052566106,0.475918800022,35.6940448419,3.54551822835,0.361455355114,0.927910318604,2.87220475476,0.0,0.0,0.0
1505,1.89161710088,1.4037449653,41.1927256751,2.19075272783,0.47494074343,35.7096774649,3.54519997809,0.360491622657,0.928064320306,2.8727443349,0.0,0.0,0.0
1506,1.89287398932,1.40500530233,41.1624301329,2.19097920386,0.475367163766,35.7252967239,3.54488067227,0.361147113569,0.928112370199,2.87243873074,0.0,0.0,0.0
1507,1.89413087776,1.40626737462,41.1321249946,2.19120508766,0.47579417121,35.7409026117,3.54456030763,0.361804716242,0.928161066183,2.87213392439,0.0,0.0,0.0
1508,1.8953877662,1.40753118344,41.101810287,2.19143037774,0.476221766187,35.7564951211,3.54423888093,0.362464439679,0.92821040958,2.87182992404,0.0,0.0,0.0
1509,1.89664465464,1.40879673003,41.0714860369,2.1916550726,0.475239742186,35.7720742452,3.54391638886,0.361491898768,0.92836574587,2.87237697859,0.0,0.0,0.0
1510,1.89790154308,1.41006401563,41.041152271,2.19187917072,0.475667244936,35.7876399767,3.54359282816,0.362151389474,0.928416000099,2.87207549758,0.0,0.0,0.0
1511,1.89915843152,1.41133304148,41.0108090163,2.19210267059,0.476095334736,35.8031923085,3.54326819553,0.362813008147,0.928466904106,2.8717748441,0.0,0.0,0.0
1512,1.90041531996,1.4126038088,40.9804562995,2.19232557071,0.476524012001,35.8187312335,3.54294248767,0.36347676387,0.928518459175,2.87147502648,0.0,0.0,0.0
1513,1.90167220839,1.41387631882,40.9500941477,2.19254786954,0.47553798554,35.8342567448,3.54261570126,0.362495304596,0.928675126617,2.87202961249,0.0,0.0,0.0
1514,1.90292909683,1.41515057276,40.9197225879,2.19276956556,0.475966563442,35.849768835,3.54228783299,0.363158807576,0.92872759503,2.87173236142,0.0,0.0,0.0
1515,1.90418598527,1.41642657183,40.8893416471,2.19299065725,0.476395728294,35.8652674973,3.54195887953,0.363824454773,0.928780716779,2.87143596804,0.0,0.0,0.0
1516,1.90544287371,1.41770431724,40.8589513526,2.19321114306,0.476825480503,35.8807527245,3.54162883754,0.364492255351,0.92883449311,2.87114044082,0.0,0.0,0.0
1517,1.90669976215,1.41898381018,40.8285517314,2.19343102146,0.475835416263,35.8962245096,3.54129770369,0.363501766578,0.928992487964,2.87170261514,0.0,0.0,0.0
1518,1.90795665059,1.42026505185,40.7981428108,2.19365029091,0.476265061867,35.9116828454,3.5409654746,0.364169293904,0.92904717994,2.87140970217,0.0,0.0,0.0
1519,1.90921353903,1.42154804343,40.7677246181,2.19386894985,0.47669529428,35.9271277251,3.54063214693,0.364838981737,0.929102528675,2.87111767749,0.0,0.0,0.0
1520,1.91047042747,1.42283278611,40.7372971805,2.19408699673,0.475701856861,35.9425591414,3.54029771729,0.363841812935,0.929261588027,2.87168574496,0.0,0.0,0.0
1521,1.91172731591,1.42411928106,40.7068605256,2.19430442999,0.476131976293,35.9579770875,3.53996218231,0.364511208689,0.929317853596,2.87139636897,0.0,0.0,0.0
1522,1.91298420435,1.42540752944,40.6764146807,2.19452124807,0.47656268196,35.9733815563,3.5396255386,0.365182772004,0.929374778029,2.87110790362,0.0,0.0,0.0
1523,1.91424109279,1.42669753243,40.6459596734,2.1947374494,0.476993974249,35.9887725407,3.53928778276,0.365856512158,0.929432362505,2.87082035763,0.0,0.0,0.0
1524,1.91549798122,1.42798929117,40.6154955312,2.19495303241,0.475996434844,36.0041500337,3.53894891138,0.364850125717,0.929592742181,2.8713961091,0.0,0.0,0.0
1525,1.91675486966,1.42928280681,40.5850222817,2.19516799552,0.476427606725,36.0195140285,3.53860892104,0.365523552381,0.929651245419,2.87111126027,0.0,0.0,0.0
1526,1.9180117581,1.4305780805,40.5545399526,2.19538233714,0.47685936462,36.0348645179,3.53826780833,0.366199162891,0.929710410704,2.87082735345,0.0,0.0,0.0
1527,1.91926864654,1.43187511336,40.5240485715,2.1955960557,0.477291708908,36.050201495,3.53792556979,0.366876966605,0.929770239174,2.87054439749,0.0,0.0,0.0
1528,1.92052553498,1.43317390653,40.4935481664,2.19580914958,0.476290031457,36.0655249528,3.53758220199,0.365861248248,0.929931934576,2.87112788904,0.0,0.0,0.0
1529,1.92178242342,1.43447446113,40.4630387649,2.19602161721,0.4767222478,36.0808348843,3.53723770147,0.366538716536,0.929992683511,2.87084767921,0.0,0.0,0.0
1530,1.92303931186,1.43577677827,40.4325203951,2.19623345697,0.477155049893,36.0961312827,3.53689206477,0.367218384987,0.93005409753,2.87056844319,0.0,0.0,0.0
1531,1.9242962003,1.43708085907,40.4019930848,2.19644466727,0.477588438105,36.1114141409,3.53654528843,0.367900263039,0.930116177731,2.87029019,0.0,0.0,0.0
1532,1.92555308874,1.43838670461,40.371456862,2.19665524647,0.476582586276,36.1266834519,3.53619736894,0.366875097255,0.930279183936,2.87088147744,0.0,0.0,0.0
1533,1.92680997718,1.439694316,40.3409117548,2.19686519298,0.477015838898,36.141939209,3.53584830283,0.367556617411,0.930342186072,2.87060601981,0.0,0.0,0.0
1534,1.92806686562,1.44100369432,40.3103577913,2.19707450516,0.47744967696,36.157181405,3.5354980866,0.368240354074,0.930405856181,2.87033156827,0.0,0.0,0.0
1535,1.92932375405,1.44231484065,40.2797949997,2.19728318139,0.47788410082,36.1724100332,3.53514671673,0.368926316763,0.930470195315,2.87005813197,0.0,0.0,0.0
1536,1.93058064249,1.44362775607,40.2492234081,2.19749122004,0.47687403801,36.1876250865,3.53479418971,0.367891586803,0.93063450707,2.87065727079,0.0,0.0,0.0
1537,1.93183753093,1.44494244163,40.218643045,2.19769861946,0.477308318527,36.2028265582,3.534440502,0.368577168581,0.930699769374,2.87038667996,0.0,0.0,0.0
1538,1.93309441937,1.4462588984,40.1880539386,2.19790537802,0.477743184127,36.2180144412,3.53408565006,0.369264983233,0.930765702384,2.87011712796,0.0,0.0,0.0
1539,1.93435130781,1.44757712743,40.1574561173,2.19811149407,0.478178635157,36.2331887287,3.53372963036,0.369955040361,0.930832307108,2.86984862407,0.0,0.0,0.0
1540,1.93560819625,1.44889712976,40.1268496096,2.19831696596,0.477164324491,36.2483494138,3.53337243932,0.368910628238,0.930997918821,2.87045566944,0.0,0.0,0.0
1541,1.93686508469,1.45021890642,40.096234444,2.19852179202,0.477599624314,36.2634964897,3.53301407339,0.369600280884,0.931065447708,2.87019006141,0.0,0.0,0.0
1542,1.93812197313,1.45154245845,40.065610649,2.19872597059,0.478035508815,36.2786299495,3.53265452898,0.370292182793,0.931133649874,2.8699255254,0.0,0.0,0.0
1543,1.93937886157,1.45286778686,40.0349782534,2.19892950001,0.478471978332,36.2937497862,3.53229380251,0.370986343647,0.931202526282,2.86966207083,0.0,0.0,0.0
1544,1.94063575001,1.45419489267,40.0043372857,2.1991323786,0.477453382662,36.3088559931,3.53193189037,0.369932130131,0.931369432018,2.87027707759,0.0,0.0,0.0
1545,1.94189263845,1.45552377688,39.9736877748,2.19933460469,0.477889692994,36.3239485634,3.53156878898,0.370625862367,0.931439233331,2.87001656975,0.0,0.0,0.0
1546,1.94314952689,1.4568544405,39.9430297494,2.19953617658,0.478326587554,36.3390274901,3.5312044947,0.371321860271,0.931509710336,2.86975716758,0.0,0.0,0.0
1547,1.94440641532,1.4581868845,39.9123632385,2.19973709259,0.478764066667,36.3540927664,3.53083900391,0.372020133605,0.931580863945,2.86949888065,0.0,0.0,0.0
1548,1.94566330376,1.45952110988,39.8816882709,2.19993735103,0.477741148569,36.3691443856,3.53047231297,0.370955998225,0.931749057415,2.87012190327,0.0,0.0,0.0
1549,1.9469201922,1.4608571176,39.8510048756,2.20013695019,0.478178460406,36.3841823408,3.53010441824,0.371653818228,0.931821136417,2.8698666144,0.0,0.0,0.0
1550,1.94817708064,1.46219490864,39.8203130817,2.20033588837,0.47861635597,36.3992066252,3.52973531605,0.372353920317,0.931893893353,2.86961246534,0.0,0.0,0.0
1551,1.94943396908,1.46353448394,39.7896129183,2.20053416386,0.479054835574,36.414217232,3.52936500276,0.373056314332,0.931967329086,2.86935946578,0.0,0.0,0.0
1552,1.95069085752,1.46487584447,39.7589044145,2.20073177494,0.478027557351,36.4292141545,3.52899347466,0.371982135374,0.932136803644,2.86999055832,0.0,0.0,0.0
1553,1.95194774596,1.46621899116,39.7281875996,2.2009287199,0.478465861475,36.4441973857,3.52862072809,0.37268405076,0.932211164998,2.86974060864,0.0,0.0,0.0
1554,1.9532046344,1.46756392494,39.6974625029,2.201124997,0.478904748776,36.4591669191,3.52824675934,0.373388264656,0.932286206353,2.86949183334,0.0,0.0,0.0
1555,1.95446152284,1.46891064675,39.6667291537,2.20132060451,0.477873838535,36.4741227477,3.5278715647,0.37230672868,0.932456710525,2.8701291468,0.0,0.0,0.0
1556,1.95571841128,1.47025915749,39.6359875814,2.2015155407,0.478312543232,36.4890648648,3.52749514045,0.37301044149,0.932532677158,2.86988345842,0.0,0.0,0.0
1557,1.95697529972,1.47160945809,39.6052378156,2.20170980382,0.478751830211,36.5039932637,3.52711748288,0.373716459291,0.932609324907,2.86963896952,0.0,0.0,0.0
1558,1.95823218815,1.47296154942,39.5744798856,2.20190339213,0.479191699766,36.5189079377,3.52673858823,0.374424792031,0.93268665455,2.86939569007,0.0,0.0,0.0
1559,1.95948907659,1.4743154324,39.5437138212,2.20209630386,0.47815636097,36.5338088799,3.52635845276,0.373333008173,0.932858427488,2.870041163,0.0,0.0,0.0
1560,1.96074596503,1.47567110791,39.512939652,2.20228853727,0.478596039511,36.5486960837,3.52597707271,0.374040813482,0.932936682169,2.86980102304,0.0,0.0,0.0
1561,1.96200285347,1.4770285768,39.4821574077,2.20248009058,0.479036299694,36.5635695424,3.52559444432,0.37475094013,0.933015619729,2.86956211795,0.0,0.0,0.0
1562,1.96325974191,1.47838783996,39.4513671181,2.20267096203,0.4794771418,36.5784292491,3.52521056379,0.375463398144,0.933095240891,2.86932445785,0.0,0.0,0.0
1563,1.96451663035,1.47974889825,39.4205688131,2.20286114984,0.478437335986,36.5932751973,3.52482542734,0.374361241577,0.933268274921,2.86997814301,0.0,0.0,0.0
1564,1.96577351879,1.4811117525,39.3897625225,2.20305065223,0.478877978552,36.6081073802,3.52443903116,0.3750731452,0.933348820602,2.86974367545,0.0,0.0,0.0
1565,1.96703040723,1.48247640355,39.3589482763,2.2032394674,0.479319202067,36.6229257911,3.52405137145,0.375787386504,0.933430050737,2.86951047861,0.0,0.0,0.0
1566,1.96828729567,1.48384285225,39.3281261046,2.20342759358,0.4797610068,36.6377304234,3.52366244439,0.376503975594,0.933511965994,2.86927856277,0.0,0.0,0.0
1567,1.96954418411,1.48521109941,39.2972960375,2.20361502895,0.478716695228,36.6525212703,3.52327224613,0.37539132026,0.933686253053,2.86994051247,0.0,0.0,0.0
1568,1.97080107255,1.48658114584,39.2664581051,2.20380177172,0.479158291774,36.6672983253,3.52288077283,0.376107327375,0.933769092024,2.86971184267,0.0,0.0,0.0
1569,1.97205796099,1.48795299234,39.2356123376,2.20398782008,0.479600468526,36.6820615815,3.52248802064,0.376825688502,0.933852616834,2.86948447995,0.0,0.0,0.0
1570,1.97331484942,1.48932663972,39.2047587654,2.2041731722,0.480043225737,36.6968110324,3.52209398569,0.377546413823,0.933936828094,2.86925843471,0.0,0.0,0.0
1571,1.97457173786,1.49070208875,39.1738974188,2.20435782628,0.478994369387,36.7115466714,3.5216986641,0.376423132436,0.93411235972,2.86992870074,0.0,0.0,0.0
1572,1.9758286263,1.49207934021,39.1430283283,2.20454178047,0.479436909646,36.7262684917,3.52130205199,0.377143247561,0.934197493596,2.86970595552,0.0,0.0,0.0
1573,1.97708551474,1.49345839486,39.1121515242,2.20472503295,0.47988002931,36.7409764868,3.52090414545,0.377865733014,0.934283314498,2.86948455419,0.0,0.0,0.0
1574,1.97834240318,1.49483925347,39.0812670373,2.20490758189,0.478827393041,36.75567065,3.52050494058,0.376734712466,0.934459848106,2.87016120388,0.0,0.0,0.0
1575,1.97959929162,1.49622191679,39.050374898,2.20508942543,0.479270288196,36.7703509748,3.52010443345,0.377456563099,0.934546590306,2.86994314095,0.0,0.0,0.0
1576,1.98085618006,1.49760638554,39.0194751371,2.20527056172,0.47971376167,36.7850174544,3.51970262013,0.378180790075,0.934634020005,2.86972644854,0.0,0.0,0.0
1577,1.9821130685,1.49899266045,38.9885677853,2.20545098892,0.480157813696,36.7996700823,3.51929949669,0.378907403672,0.934722137715,2.86951113732,0.0,0.0,0.0
1578,1.98336995694,1.50038074226,38.9576528735,2.20563070515,0.479100561885,36.814308852,3.51889505915,0.377765544541,0.934899900288,2.87019618806,0.0,0.0,0.0
1579,1.98462684538,1.50177063165,38.9267304325,2.20580970855,0.479544380421,36.8289337568,3.51848930356,0.378491493972,0.934988937677,2.86998426996,0.0,0.0,0.0
1580,1.98588373382,1.50316232934,38.8958004933,2.20598799725,0.47998877638,36.8435447901,3.51808222594,0.379219835936,0.935078663404,2.86977376,0.0,0.0,0.0
1581,1.98714062225,1.50455583601,38.8648630869,2.20616556937,0.480433749981,36.8581419454,3.5176738223,0.379950580789,0.935169077921,2.86956466904,0.0,0.0,0.0
1582,1.98839751069,1.50595115234,38.8339182444,2.20634242301,0.479371842838,36.8727252161,3.51726408864,0.378797752765,0.935348059857,2.87025817098,0.0,0.0,0.0
1583,1.98965439913,1.507348279,38.8029659969,2.2065185563,0.479816573847,36.8872945956,3.51685302095,0.379527803439,0.935439392121,2.8700525283,0.0,0.0,0.0
1584,1.99091128757,1.50874721665,38.7720063756,2.20669396732,0.480261881326,36.9018500775,3.5164406152,0.380260262807,0.935531413352,2.86984833189,0.0,0.0,0.0
1585,1.99216817601,1.51014796594,38.741039412,2.20686865418,0.480707765483,36.9163916551,3.51602686737,0.380995141299,0.935624123939,2.86964559275,0.0,0.0,0.0
1586,1.99342506445,1.51155052749,38.7100651372,2.20704261497,0.479641162935,36.9309193219,3.51561177339,0.379831212866,0.935804315202,2.87034759544,0.0,0.0,0.0
1587,1.99468195289,1.51295490196,38.6790835828,2.20721584778,0.480086795272,36.9454330714,3.51519532923,0.380565366492,0.935897941284,2.87014836021,0.0,0.0,0.0
1588,1.99593884133,1.51436108994,38.6480947802,2.20738835067,0.480533003071,36.9599328971,3.5147775308,0.381301944934,0.935992256745,2.86995060986,0.0,0.0,0.0
1589,1.99719572977,1.51576909205,38.617098761,2.20756012173,0.479462500151,36.9744187925,3.51435837402,0.380129969996,0.936173423235,2.87065911497,0.0,0.0,0.0
1590,1.99845261821,1.51717890889,38.5860955568,2.20773115901,0.479908448219,36.988890751,3.51393785481,0.380865797144,0.936268652024,2.87046490791,0.0,0.0,0.0
1591,1.99970950665,1.51859054103,38.5550851994,2.20790146058,0.4803549705,37.0033487662,3.51351596905,0.381604054666,0.936364570105,2.87027221358,0.0,0.0,0.0
1592,2.00096639508,1.52000398906,38.5240677205,2.2080710245,0.480802067175,37.0177928316,3.51309271263,0.382344753083,0.936461177757,2.87008104325,0.0,0.0,0.0
1593,2.00222328352,1.52141925355,38.4930431519,2.2082398488,0.479726796233,37.0322229406,3.51266808143,0.381161459155,0.936643535112,2.87079812919,0.0,0.0,0.0
1594,2.00348017196,1.52283633503,38.4620115256,2.20840793154,0.480173623729,37.0466390869,3.5122420713,0.381901374403,0.93674105327,2.87061055849,0.0,0.0,0.0
1595,2.0047370604,1.52425523407,38.4309728735,2.20857527073,0.480621024326,37.0610412639,3.51181467808,0.38264373598,0.93683926075,2.87042453996,0.0,0.0,0.0
1596,2.00599394884,1.52567595119,38.3999272278,2.20874186443,0.481068998192,37.0754294652,3.51138589762,0.383388554483,0.936938157766,2.87024008502,0.0,0.0,0.0
1597,2.00725083728,1.5270984869,38.3688746205,2.20890771063,0.479988918382,37.0898036844,3.51095572574,0.382193807141,0.937121694704,2.87096579941,0.0,0.0,0.0
1598,2.00850772572,1.52852284173,38.3378150838,2.20907280738,0.480436613494,37.104163915,3.51052415824,0.382937809893,0.937221499062,2.8707850009,0.0,0.0,0.0
1599,2.00976461416,1.52994901617,38.3067486501,2.20923715266,0.480884880534,37.1185101505,3.51009119094,0.383684274877,0.937321992543,2.87060579449,0.0,0.0,0.0
1600,2.0110215026,1.5313770107,38.2756753516,2.20940074449,0.479800809744,37.1328423845,3.5096568196,0.382481254974,0.937506482071,2.87133809142,0.0,0.0,0.0
1601,2.01227839104,1.53280682582,38.2445952208,2.20956358086,0.480248789854,37.1471606107,3.50922104002,0.383226876415,0.937607880057,2.8711625815,0.0,0.0,0.0
1602,2.01353527948,1.53423846197,38.2135082901,2.20972565976,0.480697340519,37.1614648225,3.50878384795,0.383974965251,0.937709966634,2.87098869244,0.0,0.0,0.0
1603,2.01479216792,1.53567191961,38.1824145921,2.20988697918,0.481146461883,37.1757550136,3.50834523913,0.384725532162,0.937812741897,2.87081643591,0.0,0.0,0.0
1604,2.01604905635,1.53710719919,38.1513141595,2.2100475371,0.480057508244,37.1900311776,3.50790520932,0.383510836239,0.937998390276,2.87155743743,0.0,0.0,0.0
1605,2.01730594479,1.53854430113,38.120207025,2.21020733148,0.480506332875,37.2042933081,3.50746375423,0.384260525791,0.938102066275,2.87138893489,0.0,0.0,0.0
1606,2.01856283323,1.53998322586,38.0890932213,2.21036636029,0.480955726784,37.2185413987,3.50702086958,0.385012698442,0.938206430257,2.87122209396,0.0,0.0,0.0
1607,2.01981972167,1.54142397378,38.0579727813,2.21052462149,0.481405690098,37.2327754431,3.50657655106,0.385767364941,0.938311482247,2.8710569265,0.0,0.0,0.0
1608,2.02107661011,1.54286654528,38.0268457379,2.21068211303,0.480311811991,37.2469954348,3.50613079436,0.384540855779,0.93849827686,2.87180667806,0.0,0.0,0.0
1609,2.02233349855,1.54431094076,37.9957121242,2.21083883286,0.480761468641,37.2612013675,3.50568359517,0.385294610371,0.93860422545,2.87164532252,0.0,0.0,0.0
1610,2.02359038699,1.54575716058,37.9645719732,2.21099477891,0.481211693229,37.2753932348,3.50523494913,0.386050863691,0.93871086117,2.87148566986,0.0,0.0,0.0
1611,2.02484727543,1.54720520509,37.933425318,2.21114994912,0.481662485867,37.2895710304,3.5047848519,0.386809626561,0.93881818397,2.8713277321,0.0,0.0,0.0
1612,2.02610416387,1.54865507466,37.902272192,2.21130434141,0.48056364139,37.303734748,3.50433329912,0.385571165815,0.939006111694,2.87208627833,0.0,0.0,0.0
1613,2.02736105231,1.55010676961,37.8711126283,2.21145795371,0.4810141173,37.3178843812,3.50388028641,0.386328981484,0.939114326587,2.87193221084,0.0,0.0,0.0
1614,2.02861794075,1.55156029027,37.8399466605,2.21161078391,0.481465159746,37.3320199237,3.50342580937,0.387089311433,0.939223227505,2.87177988802,0.0,0.0,0.0
1615,2.02987482918,1.55301563694,37.8087743219,2.21176282993,0.480362198624,37.3461413692,3.50296986362,0.385842261746,0.939412072326,2.87254511832,0.0,0.0,0.0
1616,2.03113171762,1.55447280993,37.7775956461,2.21191408967,0.480812915794,37.3602487113,3.50251244472,0.386601614765,0.939521861512,2.87239670673,0.0,0.0,0.0
1617,2.03238860606,1.55593180952,37.7464106666,2.21206456101,0.48126419795,37.3743419438,3.50205354826,0.387363486632,0.939632335533,2.87225006979,0.0,0.0,0.0
1618,2.0336454945,1.55739263598,37.7152194173,2.21221424185,0.481716045174,37.3884210603,3.50159316979,0.388127888243,0.939743494213,2.87210521978,0.0,0.0,0.0
1619,2.03490238294,1.55885528958,37.6840219318,2.21236313006,0.480608041849,37.4024860547,3.50113130486,0.386868659086,0.939933448054,2.8728793149,0.0,0.0,0.0
1620,2.03615927138,1.56031977056,37.652818244,2.21251122351,0.481059553503,37.4165369205,3.500667949,0.387632047179,0.940045489834,2.87273843517,0.0,0.0,0.0
1621,2.03741615982,1.56178607916,37.6216083879,2.21265852007,0.481511628625,37.4305736516,3.50020309773,0.388397969423,0.940158214897,2.8725993727,0.0,0.0,0.0
1622,2.03867304826,1.56325421559,37.5903923973,2.21280501759,0.481964267286,37.4445962416,3.49973674656,0.389166436781,0.940271622991,2.87246213995,0.0,0.0,0.0
1623,2.0399299367,1.56472418007,37.5591703065,2.21295071393,0.480851179085,37.4586046843,3.49926889097,0.387894887203,0.940462671258,2.87324514201,0.0,0.0,0.0
1624,2.04118682514,1.5661959728,37.5279421495,2.21309560693,0.481303471745,37.4725989735,3.49879952645,0.388662303682,0.940576956884,2.87311193897,0.0,0.0,0.0
1625,2.04244371358,1.56766959395,37.4967079606,2.21323969443,0.481756326294,37.4865791028,3.49832864846,0.389432269515,0.940691923975,2.87298059633,0.0,0.0,0.0
1626,2.04370060202,1.5691450437,37.4654677742,2.21338297425,0.480639027031,37.5005450661,3.49785625246,0.388151899954,0.94088385972,2.87377034823,0.0,0.0,0.0
1627,2.04495749045,1.57062232221,37.4342216245,2.21352544421,0.481091526752,37.5144968572,3.49738233387,0.388920783724,0.940999699739,2.87364307687,0.0,0.0,0.0
1628,2.04621437889,1.57210142961,37.4029695462,2.21366710215,0.481544586677,37.5284344698,3.49690688814,0.389692220915,0.941116219519,2.87351769681,0.0,0.0,0.0
1629,2.04747126733,1.57358236603,37.3717115737,2.21380794586,0.481998206843,37.5423578976,3.49642991066,0.390466222557,0.941233418668,2.87339422077,0.0,0.0,0.0
1630,2.04872815577,1.5750651316,37.3404477417,2.21394797314,0.48087574552,37.5562671346,3.49595139684,0.389173301377,0.941426422061,2.87419294473,0.0,0.0,0.0
1631,2.04998504421,1.57654972641,37.3091780849,2.21408718179,0.481329000193,37.5701621744,3.49547134206,0.389946182257,0.941544487867,2.87407360007,0.0,0.0,0.0
1632,2.05124193265,1.57803615056,37.2779026382,2.2142255696,0.48178281337,37.584043011,3.49498974169,0.390721631476,0.94166323114,2.87395619068,0.0,0.0,0.0
1633,2.05249882109,1.57952440411,37.2466214363,2.21436313435,0.482237185076,37.597909638,3.49450659108,0.391499660127,0.941782651405,2.87384072945,0.0,0.0,0.0
1634,2.05375570953,1.58101448714,37.2153345144,2.2144998738,0.481109518251,37.6117620494,3.49402188558,0.390194043947,0.941976706275,2.87464846481,0.0,0.0,0.0
1635,2.05501259797,1.58250639968,37.1840419073,2.21463578574,0.481563513659,37.625600239,3.49353562052,0.390970912336,0.942096986501,2.87453719547,0.0,0.0,0.0
1636,2.05626948641,1.58400014177,37.1527436503,2.21477086791,0.482018065808,37.6394242006,3.49304779121,0.391750363861,0.942217941615,2.87442790587,0.0,0.0,0.0
1637,2.05752637485,1.58549571343,37.1214397786,2.21490511807,0.480886091913,37.653233928,3.49255839295,0.390435695525,0.942412850988,2.87524244972,0.0,0.0,0.0
1638,2.05878326328,1.58699311467,37.0901303275,2.21503853396,0.481340258654,37.6670294151,3.49206742102,0.391213954119,0.942534660628,2.87513739415,0.0,0.0,0.0
1639,2.06004015172,1.58849234547,37.0588153323,2.21517111331,0.481794980309,37.6808106557,3.49157487071,0.391994799361,0.942657142902,2.87503435014,0.0,0.0,0.0
1640,2.06129704016,1.58999340582,37.0274948285,2.21530285387,0.482250256871,37.6945776438,3.49108073726,0.392778242405,0.942780297191,2.87493333088,0.0,0.0,0.0
1641,2.0625539286,1.59149629567,36.9961688517,2.21543375334,0.481112998949,37.7083303732,3.49058501592,0.391450644949,0.942976228364,2.87575694572,0.0,0.0,0.0
1642,2.06381081704,1.59300101497,36.9648374375,2.21556380945,0.481567879058,37.7220688378,3.49008770191,0.392232854186,0.943100229731,2.8756602216,0.0,0.0,0.0
1643,2.06506770548,1.59450756366,36.9335006217,2.21569301991,0.482023312195,37.7357930314,3.48958879046,0.393017664542,0.943224900649,2.87556555439,0.0,0.0,0.0
1644,2.06632459392,1.59601594165,36.9021584399,2.2158213824,0.480881684787,37.749502948,3.48908827676,0.391680872109,0.943421663501,2.87639600915,0.0,0.0,0.0
1645,2.06758148236,1.59752614885,36.8708109282,2.21594889463,0.481336712181,37.7631985815,3.488586156,0.392464415044,0.943547175507,2.87630567952,0.0,0.0,0.0
1646,2.0688383708,1.59903818515,36.8394581225,2.21607555428,0.481792290684,37.7768799257,3.48808242335,0.39325056222,0.943673354447,2.87621743921,0.0,0.0,0.0
1647,2.07009525924,1.60055205041,36.8081000589,2.21620135902,0.482248420259,37.7905469747,3.48757707397,0.39403932484,0.943800199552,2.87613130166,0.0,0.0,0.0
1648,2.07135214768,1.60206774451,36.7767367735,2.21632630654,0.481101429452,37.8041997222,3.48707010299,0.392689367813,0.943997952554,2.8769708831,0.0,0.0,0.0
1649,2.07260903612,1.60358526727,36.7453683026,2.21645039448,0.481557141994,37.8178381623,3.48656150554,0.393476820736,0.944125630514,2.87688914484,0.0,0.0,0.0
1650,2.07386592455,1.60510461854,36.7139946824,2.2165736205,0.482013403636,37.8314622889,3.48605127675,0.394266892017,0.944253971803,2.8768095421,0.0,0.0,0.0
1651,2.07512281299,1.60662579812,36.6826159495,2.21669598226,0.482470214321,37.845072096,3.48553941169,0.395059592915,0.944382975557,2.87673208849,0.0,0.0,0.0
1652,2.07637970143,1.60814880581,36.6512321403,2.21681747739,0.481317815431,37.8586675774,3.48502590547,0.393696324563,0.944581699673,2.87758083069,0.0,0.0,0.0
1653,2.07763658987,1.6096736414,36.6198432914,2.21693810352,0.481774197653,37.8722487272,3.48451075314,0.394487672646,0.944711527582,2.87750783847,0.0,0.0,0.0
1654,2.07889347831,1.61120030465,36.5884494394,2.21705785828,0.482231126894,37.8858155393,3.48399394975,0.395281653044,0.944842014896,2.87743702846,0.0,0.0,0.0
1655,2.08015036675,1.61272879531,36.5570506212,2.21717673928,0.481074259946,37.8993680077,3.48347549035,0.39390895736,0.945041531618,2.87829265601,0.0,0.0,0.0
1656,2.08140725519,1.61425911312,36.5256468736,2.21729474414,0.481530751144,37.9129061264,3.48295536995,0.394701549799,0.945172836171,2.87822635033,0.0,0.0,0.0
1657,2.08266414363,1.61579125779,36.4942382336,2.21741187044,0.481987787294,37.9264298893,3.48243358357,0.395496777039,0.945304796906,2.87816226018,0.0,0.0,0.0
1658,2.08392103207,1.61732522904,36.4628247382,2.21752811579,0.482445368307,37.9399392906,3.48191012619,0.39629465038,0.945437412803,2.87810039949,0.0,0.0,0.0
1659,2.08517792051,1.61886102655,36.4314064245,2.21764347777,0.481283012589,37.9534343241,3.4813849928,0.394908405746,0.945637865694,2.87896523707,0.0,0.0,0.0
1660,2.08643480895,1.62039864999,36.3999833298,2.21775795396,0.481740143882,37.9669149839,3.48085817835,0.395704846576,0.945771289291,2.87890794335,0.0,0.0,0.0
1661,2.08769169738,1.62193809902,36.3685554913,2.21787154193,0.482197817917,37.980381264,3.48032967779,0.396503935767,0.945905364593,2.87885291275,0.0,0.0,0.0
1662,2.08894858582,1.62347937327,36.3371229465,2.21798423924,0.482656034586,37.9938331585,3.47979948605,0.397305684668,0.946040090481,2.87880015935,0.0,0.0,0.0
1663,2.09020547426,1.62502247237,36.3056857328,2.21809604344,0.481488144664,38.0072706613,3.47926759805,0.395905742545,0.946241458564,2.87967423745,0.0,0.0,0.0
1664,2.0914623627,1.62656739593,36.2742438879,2.21820695207,0.481945899793,38.0206937666,3.47873400868,0.396706013516,0.946376982113,2.87962611403,0.0,0.0,0.0
1665,2.09271925114,1.62811414354,36.2427974495,2.21831696269,0.48240419538,38.0341024683,3.47819871282,0.397508946222,0.946513152554,2.87958030181,0.0,0.0,0.0
1666,2.09397613958,1.62966271476,36.2113464552,2.2184260728,0.481231737297,38.0474967606,3.47766170536,0.396099345061,0.946715270031,2.88046130172,0.0,0.0,0.0
1667,2.09523302802,1.63121310917,36.1798909431,2.21853427994,0.481689561469,38.0608766374,3.47712298113,0.396900763142,0.946852230229,2.88042016287,0.0,0.0,0.0
1668,2.09648991646,1.63276532629,36.1484309509,2.21864158163,0.482147923882,38.0742420929,3.47658253498,0.397704844756,0.946989833452,2.88038136946,0.0,0.0,0.0
1669,2.0977468049,1.63431936564,36.1169665169,2.21874797535,0.482606824394,38.0875931211,3.47604036173,0.398511601283,0.947128078411,2.88034493588,0.0,0.0,0.0
1670,2.09900369334,1.63587522675,36.0854976792,2.21885345862,0.481428750125,38.1009297162,3.47549645617,0.3970880634,0.947331072561,2.88123521853,0.0,0.0,0.0
1671,2.10026058178,1.63743290909,36.0540244759,2.21895802892,0.481887167151,38.1142518722,3.47495081311,0.397893258417,0.947470096346,2.88120352184,0.0,0.0,0.0
1672,2.10151747021,1.63899241214,36.0225469455,2.21906168373,0.482346119999,38.1275595831,3.47440342731,0.398701129897,0.947609757752,2.88117421954,0.0,0.0,0.0
1673,2.10277435865,1.64055373535,35.9910651263,2.21916442052,0.481163412587,38.1408528433,3.47385429352,0.397267792303,0.947813471467,2.88207143999,0.0,0.0,0.0
1674,2.10403124709,1.64211687816,35.959579057,2.21926623676,0.48162187189,38.1541316466,3.4733034065,0.398074064608,0.947953903133,2.8820469182,0.0,0.0,0.0
1675,2.10528813553,1.64368183999,35.9280887762,2.2193671299,0.482080864698,38.1673959873,3.47275076096,0.398883014692,0.948094968128,2.88202482561,0.0,0.0,0.0
1676,2.10654502397,1.64524862024,35.8965943225,2.2194670974,0.482540390837,38.1806458596,3.47219635161,0.399694653958,0.948236664988,2.88200517692,0.0,0.0,0.0
1677,2.10780191241,1.64681721829,35.8650957348,2.21956613668,0.48135198445,38.1938812574,3.47164017315,0.398247140011,0.948441214411,2.88291171744,0.0,0.0,0.0
1678,2.10905880085,1.64838763352,35.833593052,2.21966424518,0.481811004717,38.207102175,3.47108222024,0.399057131733,0.948583669667,2.88289691326,0.0,0.0,0.0
1679,2.11031568929,1.64995986527,35.8020863132,2.21976142033,0.48227055594,38.2203086066,3.47052248756,0.399869813691,0.948726752238,2.88288458812,0.0,0.0,0.0
1680,2.11157257773,1.65153391288,35.7705755575,2.21985765953,0.482730637923,38.2335005462,3.46996096973,0.400685197329,0.948870460552,2.88287475688,0.0,0.0,0.0
1681,2.11282946617,1.65310977565,35.7390608241,2.21995296019,0.481536485931,38.2466779881,3.46939766139,0.399223356377,0.949075821162,2.88379064129,0.0,0.0,0.0
1682,2.11408635461,1.65468745289,35.7075421523,2.22004731971,0.48199604957,38.2598409264,3.46883255714,0.400037043202,0.949220275451,2.8837857189,0.0,0.0,0.0
1683,2.11534324305,1.65626694386,35.6760195815,2.22014073548,0.482456141536,38.2729893553,3.46826565158,0.400853432491,0.94936535067,2.88378332589,0.0,0.0,0.0
1684,2.11660013148,1.65784824783,35.6444931513,2.22023320487,0.481257253863,38.286123269,3.46769693928,0.399381563295,0.949571380046,2.8847061681,0.0,0.0,0.0
1685,2.11785701992,1.65943136404,35.6129629012,2.22032472526,0.481716817127,38.2992426617,3.4671264148,0.400196216538,0.949717191571,2.8847087279,0.0,0.0,0.0
1686,2.11911390836,1.66101629171,35.5814288711,2.22041529401,0.48217690624,38.3123475276,3.46655407269,0.401013572781,0.949863619025,2.88471385282,0.0,0.0,0.0
1687,2.1203707968,1.66260303004,35.5498911006,2.22050490848,0.482637520971,38.3254378609,3.46597990746,0.401833643478,0.950010660648,2.88472155801,0.0,0.0,0.0
1688,2.12162768524,1.66419157822,35.5183496299,2.220593566,0.481432803654,38.3385136558,3.46540391363,0.400347207083,0.950217456145,2.88565377334,0.0,0.0,0.0
1689,2.12288457368,1.66578193542,35.4868044988,2.22068126392,0.481892876956,38.3515749065,3.46482608569,0.401165490955,0.950365220658,2.88566649612,0.0,0.0,0.0
1690,2.12414146212,1.66737410077,35.4552557475,2.22076799956,0.48235347334,38.3646216073,3.4642464181,0.401986489534,0.950513594066,2.88568183524,0.0,0.0,0.0
1691,2.12539835056,1.66896807341,35.4237034162,2.22085377024,0.481143953847,38.3776537524,3.46366490534,0.400489887573,0.950721023294,2.88662101294,0.0,0.0,0.0
1692,2.126655239,1.67056385245,35.3921475453,2.22093857328,0.481603998254,38.3906713361,3.46308154183,0.401309059123,0.950870109183,2.88664141376,0.0,0.0,0.0
1693,2.12791212744,1.67216143697,35.3605881752,2.22102240597,0.482064563162,38.4036743526,3.462496322,0.402130945374,0.951019798493,2.88666446721,0.0,0.0,0.0
1694,2.12916901588,1.67376082605,35.3290253465,2.2211052656,0.482525648302,38.4166627962,3.46190924025,0.402955557781,0.951170089274,2.88669018874,0.0,0.0,0.0
1695,2.13042590431,1.67536201874,35.2974590999,2.22118714946,0.481310214351,38.4296366611,3.46132029098,0.401444148773,0.951378236745,2.88763876318,0.0,0.0,0.0
1696,2.13168279275,1.67696501407,35.2658894759,2.22126805482,0.48177073453,38.4425959416,3.46072946854,0.402266881854,0.951529225551,2.88766961162,0.0,0.0,0.0
1697,2.13293968119,1.67856981105,35.2343165156,2.22134797895,0.4822317723,38.455540632,3.46013676729,0.403092340788,0.951680810073,2.88770316477,0.0,0.0,0.0
1698,2.13419656963,1.68017640867,35.20274026,2.22142691911,0.482693327372,38.4684707266,3.45954218157,0.403920537058,0.951832988243,2.88773943826,0.0,0.0,0.0
1699,2.13545345807,1.6817848059,35.1711607499,2.22150487254,0.481471931184,38.4813862197,3.45894570569,0.40239416923,0.952041825364,2.88869742557,0.0,0.0,0.0
1700,2.13671034651,1.68339500171,35.1395780268,2.22158183648,0.481932908161,38.4942871055,3.45834733396,0.40322043295,0.952194686482,2.88873889146,0.0,0.0,0.0
1701,2.13796723495,1.68500699502,35.1079921318,2.22165780816,0.482394399738,38.5071733785,3.45774706065,0.404049433401,0.952348135203,2.88878311466,0.0,0.0,0.0
1702,2.13922412339,1.68662078473,35.0764031063,2.2217327848,0.481168096517,38.5200450329,3.45714488002,0.402512677186,0.952557546518,2.88974806559,0.0,0.0,0.0
1703,2.14048101183,1.68823636976,35.0448109919,2.22180676361,0.481628999152,38.532902063,3.45654078632,0.403339703315,0.952711666544,2.88979752554,0.0,0.0,0.0
1704,2.14173790027,1.68985374896,35.0132158301,2.2218797418,0.482090413639,38.5457444632,3.45593477379,0.404169465295,0.952866367915,2.88984978001,0.0,0.0,0.0
1705,2.14299478871,1.69147292119,34.9816176628,2.22195171655,0.482552339651,38.5585722278,3.45532683662,0.405001974593,0.953021648363,2.88990484494,0.0,0.0,0.0
1706,2.14425167715,1.69309388529,34.9500165316,2.22202268505,0.481319988187,38.5713853512,3.454716969,0.403450020381,0.953231696725,2.8908792231,0.0,0.0,0.0
1707,2.14550856558,1.69471664005,34.9184124786,2.22209264448,0.481781311864,38.5841838277,3.45410516512,0.4042805006,0.953387632288,2.89093959061,0.0,0.0,0.0
1708,2.14676545402,1.69634118428,34.8868055459,2.22216159199,0.482243144256,38.5969676516,3.45349141913,0.405113726941,0.953544140371,2.89100280612,0.0,0.0,0.0
1709,2.14802234246,1.69796751673,34.8551957755,2.22222952474,0.481005817837,38.6097368175,3.45287572516,0.403551252127,0.953754721887,2.89198413953,0.0,0.0,0.0
1710,2.1492792309,1.69959563617,34.8235832098,2.22229643989,0.481467036856,38.6224913195,3.45225807732,0.404382406658,0.953911872612,2.89205270207,0.0,0.0,0.0
1711,2.15053611934,1.70122554131,34.7919678911,2.22236233456,0.481928761736,38.6352311521,3.45163846973,0.40521630583,0.954069589082,2.89212415037,0.0,0.0,0.0
1712,2.15179300778,1.70285723086,34.760349862,2.22242720588,0.482390992109,38.6479563098,3.45101689645,0.406052961088,0.954227868816,2.89219850067,0.0,0.0,0.0
1713,2.15304989622,1.70449070351,34.728729165,2.22249105097,0.481147530711,38.6606667868,3.45039335156,0.404475050317,0.954439031526,2.89318926927,0.0,0.0,0.0
1714,2.15430678466,1.70612595792,34.6971058429,2.22255386695,0.481609134057,38.6733625777,3.44976782909,0.405309577469,0.954597936551,2.89326903276,0.0,0.0,0.0
1715,2.1555636731,1.70776299273,34.6654799386,2.2226156509,0.48207123998,38.6860436767,3.44914032307,0.406146858895,0.954757397753,2.89335173636,0.0,0.0,0.0
1716,2.15682056154,1.70940180656,34.633851495,2.22267639992,0.48253384809,38.6987100784,3.44851082751,0.406986906052,0.954917412523,2.89343739648,0.0,0.0,0.0
1717,2.15807744998,1.71104239802,34.6022205551,2.22273611108,0.481284202845,38.7113617771,3.44787933638,0.405393407603,0.955129123136,2.89443760759,0.0,0.0,0.0
1718,2.15933433841,1.71268476568,34.5705871622,2.22279478146,0.481746170124,38.7239987674,3.44724584367,0.406231269413,0.955289745151,2.8945287473,0.0,0.0,0.0
1719,2.16059122685,1.71432890809,34.5389513595,2.22285240811,0.482208636608,38.7366210436,3.44661034332,0.407071894804,0.95545091333,2.89462288197,0.0,0.0,0.0
1720,2.16184811529,1.71597482379,34.5073131904,2.2229089881,0.480953909376,38.7492286001,3.44597282925,0.405467661548,0.955663087466,2.89563002831,0.0,0.0,0.0
1721,2.16310500373,1.7176225113,34.4756726986,2.22296451844,0.481415723691,38.7618214315,3.44533329539,0.406306057318,0.955824849029,2.89572968713,0.0,0.0,0.0
1722,2.16436189217,1.71927196909,34.4440299277,2.22301899619,0.481878034183,38.7743995322,3.44469173561,0.407147214218,0.955987149118,2.89583237957,0.0,0.0,0.0
1723,2.16561878061,1.72092319564,34.4123849213,2.22307241835,0.482340840423,38.7869628967,3.4440481438,0.407991143667,0.9561499849,2.89593812237,0.0,0.0,0.0
1724,2.16687566905,1.72257618939,34.3807377235,2.22312478195,0.481079841491,38.7995115194,3.44340251381,0.406371086882,0.956362645624,2.89695470864,0.0,0.0,0.0
1725,2.16813255749,1.72423094876,34.3490883782,2.22317608398,0.481541981497,38.8120453949,3.44275483946,0.407212727927,0.956526055499,2.89706604224,0.0,0.0,0.0
1726,2.16938944593,1.72588747216,34.3174369296,2.22322632142,0.482004614157,38.8245645175,3.44210511458,0.408057138718,0.9566899931,2.89718046519,0.0,0.0,0.0
1727,2.17064633437,1.72754575796,34.2857834218,2.22327549128,0.480738463993,38.8370688819,3.44145333296,0.406426222016,0.956903069357,2.8982039637,0.0,0.0,0.0
1728,2.17190322281,1.72920580451,34.2541278993,2.22332359051,0.48120041889,38.8495584826,3.44079948837,0.4072682992,0.957067566258,2.898324022,0.0,0.0,0.0
1729,2.17316011124,1.73086761015,34.2224704065,2.22337061607,0.481662863302,38.862033314,3.44014357457,0.408113143019,0.957232582673,2.89844720887,0.0,0.0,0.0
1730,2.17441699968,1.73253117318,34.1908109881,2.22341656493,0.482125796758,38.8744933706,3.43948558529,0.408960764839,0.957398115542,2.89857354134,0.0,0.0,0.0
1731,2.17567388812,1.73419649189,34.1591496888,2.22346143401,0.480853286364,38.886938647,3.43882551424,0.407313790973,0.957611613311,2.89960646992,0.0,0.0,0.0
1732,2.17693077656,1.73586356454,34.1274865534,2.22350522026,0.481315527731,38.8993691378,3.43816335514,0.408159018867,0.957777684884,2.89973850462,0.0,0.0,0.0
1733,2.178187665,1.73753238938,34.095821627,2.22354792058,0.481778254936,38.9117848374,3.43749910164,0.409007021284,0.957944264356,2.89987372447,0.0,0.0,0.0
1734,2.17944455344,1.7392029646,34.0641549545,2.2235895319,0.482241467487,38.9241857405,3.4368327474,0.409857809589,0.958111348525,2.90001214669,0.0,0.0,0.0
1735,2.18070144188,1.74087528842,34.0324865813,2.22363005112,0.480962546981,38.9365718415,3.43616428607,0.408194628266,0.958325229076,2.90105450263,0.0,0.0,0.0
1736,2.18195833032,1.74254935898,34.0008165526,2.22366947512,0.481425052964,38.9489431351,3.43549371125,0.409042961372,0.958492830575,2.90119869414,0.0,0.0,0.0
1737,2.18321521876,1.74422517445,33.969144914,2.22370780078,0.481888041021,38.9612996158,3.43482101655,0.409894076512,0.958660927867,2.9013461279,0.0,0.0,0.0
1738,2.1844721072,1.74590273294,33.937471711,2.22374502498,0.480603860255,38.9736412781,3.43414619553,0.408219832965,0.958875142632,2.90239535203,0.0,0.0,0.0
1739,2.18572899564,1.74758203254,33.9057969894,2.22378114457,0.481066129915,38.9859681168,3.43346924174,0.409068446214,0.959043740901,2.9025485996,0.0,0.0,0.0
1740,2.18698588408,1.74926307132,33.8741207951,2.2238161564,0.48152887833,38.9982801263,3.43279014874,0.409919837321,0.959212825797,2.90270512952,0.0,0.0,0.0
1741,2.18824277251,1.75094584735,33.8424431739,2.22385005731,0.481992104963,39.0105773012,3.43210891001,0.410774017582,0.959382393879,2.90286495931,0.0,0.0,0.0
1742,2.18949966095,1.75263035863,33.810764172,2.22388284414,0.480701424533,39.0228596363,3.43142551907,0.409083336703,0.959596920017,2.90392358899,0.0,0.0,0.0
1743,2.19075654939,1.75431660316,33.7790838356,2.22391451369,0.48116391803,39.035127126,3.43073996938,0.409934952273,0.959766966301,2.9040892998,0.0,0.0,0.0
1744,2.19201343783,1.75600457894,33.7474022111,2.22394506277,0.481626886359,39.047379765,3.43005225439,0.410789352432,0.95993748624,2.9042583509,0.0,0.0,0.0
1745,2.19327032627,1.75769428389,33.715719345,2.22397448818,0.480330875228,39.059617548,3.42936236753,0.409087493555,0.960152290552,2.90532380928,0.0,0.0,0.0
1746,2.19452721471,1.75938571595,33.6840352839,2.22400278672,0.480793098403,39.0718404695,3.42867030221,0.409939281452,0.96032327129,2.90549878582,0.0,0.0,0.0
1747,2.19578410315,1.76107887302,33.6523500746,2.22402995514,0.481255792978,39.0840485243,3.42797605183,0.410793849041,0.960494715887,2.90567714329,0.0,0.0,0.0
1748,2.19704099159,1.76277375297,33.6206637638,2.22405599022,0.48171895837,39.0962417069,3.42727960974,0.411651207538,0.960666620647,2.90585889954,0.0,0.0,0.0
1749,2.19829788003,1.76447035365,33.5889763987,2.22408088871,0.480416357408,39.108420012,3.4265809693,0.409932684807,0.960881660562,2.90693373342,0.0,0.0,0.0
1750,2.19955476847,1.76616867289,33.5572880264,2.22410464735,0.480878762647,39.1205834343,3.42588012382,0.410787366728,0.96105400188,2.90712148241,0.0,0.0,0.0
1751,2.20081165691,1.76786870849,33.5255986941,2.22412726288,0.481341635203,39.1327319685,3.42517706662,0.411644834257,0.961226793186,2.90731267114,0.0,0.0,0.0
1752,2.20206854534,1.76957045822,33.4939084493,2.22414873201,0.481804974469,39.1448656092,3.42447179098,0.412505098591,0.961400030632,2.90750731763,0.0,0.0,0.0
1753,2.20332543378,1.77127391984,33.4622173394,2.22416905147,0.480495732873,39.1569843511,3.42376429015,0.410769764723,0.961615261109,2.90859151293,0.0,0.0,0.0
1754,2.20458232222,1.77297909105,33.4305254123,2.22418821794,0.480958296836,39.169088189,3.42305455738,0.411627287222,0.961788909997,2.90879221958,0.0,0.0,0.0
1755,2.20583921066,1.77468596957,33.3988327156,2.22420622812,0.481421323941,39.1811771174,3.42234258588,0.412487600813,0.96196299446,2.90899642528,0.0,0.0,0.0
1756,2.2070960991,1.77639455305,33.3671392974,2.22422307868,0.480106640836,39.1932511312,3.42162836885,0.41074090221,0.962178408238,2.91008737815,0.0,0.0,0.0
1757,2.20835298754,1.77810483916,33.3354452057,2.22423876629,0.480568880324,39.205310225,3.42091189947,0.411598424993,0.962352884977,2.91029768824,0.0,0.0,0.0
1758,2.20960987598,1.7798168255,33.3037504887,2.22425328761,0.481031579335,39.2173543936,3.42019317089,0.412458732813,0.962527786441,2.91051153887,0.0,0.0,0.0
1759,2.21086676442,1.78153050966,33.2720551948,2.22426663929,0.481494737218,39.2293836316,3.41947217624,0.413321836766,0.962703108518,2.91072894838,0.0,0.0,0.0
1760,2.21212365286,1.78324588923,33.2403593725,2.22427881795,0.480173322403,39.2413979339,3.41874890864,0.411558106133,0.962918629738,2.9118292191,0.0,0.0,0.0
1761,2.2133805413,1.78496296173,33.2086630704,2.22428982022,0.48063567726,39.2533972951,3.41802336115,0.412418352531,0.963094317397,2.91205280044,0.0,0.0,0.0
1762,2.21463742974,1.78668172468,33.1769663373,2.22429964271,0.481098487303,39.2653817101,3.41729552686,0.413281388582,0.963270414415,2.91227998247,0.0,0.0,0.0
1763,2.21589431818,1.78840217556,33.1452692221,2.22430828201,0.479771559494,39.2773511735,3.41656539881,0.411506189253,0.963486053558,2.9133869527,0.0,0.0,0.0
1764,2.21715120661,1.79012431184,33.1135717738,2.22431573473,0.480233554011,39.2893056802,3.41583297001,0.412366317966,0.963662495803,2.91362035058,0.0,0.0,0.0
1765,2.21840809505,1.79184813094,33.0818740416,2.22432199744,0.480695999977,39.3012452248,3.41509823346,0.4132292295,0.963839335854,2.91385739116,0.0,0.0,0.0
1766,2.21966498349,1.79357363028,33.0501760749,2.22432706669,0.481158896697,39.3131698023,3.41436118215,0.414094934837,0.964016569326,2.9140980931,0.0,0.0,0.0
1767,2.22092187193,1.79530080724,33.0184779231,2.22433093906,0.479825145569,39.3250794073,3.41362180903,0.412302487213,0.964232227728,2.91521432834,0.0,0.0,0.0
1768,2.22217876037,1.79702965915,32.9867796359,2.22433361107,0.480287211097,39.3369740347,3.41288010701,0.413165217006,0.96440977808,2.91546131353,0.0,0.0,0.0
1769,2.22343564881,1.79876018336,32.955081263,2.22433507927,0.480749723572,39.3488536793,3.41213606903,0.414030733331,0.96458770988,2.91571200241,0.0,0.0,0.0
1770,2.22469253725,1.80049237715,32.9233828542,2.22433534018,0.481212682273,39.3607183358,3.41138968795,0.414899047135,0.964766018577,2.91596641383,0.0,0.0,0.0
1771,2.22594942569,1.8022262378,32.8916844597,2.2243343903,0.479872056208,39.3725679991,3.41064095665,0.41308920874,0.964981643868,2.91709188708,0.0,0.0,0.0
1772,2.22720631413,1.80396176254,32.8599861297,2.22433222612,0.480334167901,39.3844026641,3.40988986797,0.413954477868,0.96516024011,2.91735264918,0.0,0.0,0.0
1773,2.22846320257,1.80569894859,32.8282879144,2.22432884415,0.480796721944,39.3962223254,3.40913641472,0.414822536757,0.965339200847,2.91761717646,0.0,0.0,0.0
1774,2.22972009101,1.80743779313,32.7965898644,2.22432424084,0.479450470554,39.4080269781,3.40838058969,0.413001062545,0.96555483347,2.91874924766,0.0,0.0,0.0
1775,2.23097697944,1.80917829332,32.7648920303,2.22431841267,0.4799121648,39.4198166169,3.40762238567,0.413866025696,0.965734059404,2.91902016926,0.0,0.0,0.0
1776,2.23223386788,1.81092044629,32.7331944628,2.22431135608,0.48037429747,39.4315912366,3.40686179539,0.414733770524,0.965913637112,2.91929489889,0.0,0.0,0.0
1777,2.23349075632,1.81266424915,32.7014972129,2.22430306752,0.480836867797,39.4433508322,3.40609881159,0.415604307846,0.966093561755,2.91957345571,0.0,0.0,0.0
1778,2.23474764476,1.81440969896,32.6698003316,2.22429354341,0.479483649085,39.4550953984,3.40533342696,0.413765234318,0.966309064551,2.92071469681,0.0,0.0,0.0
1779,2.2360045332,1.81615679276,32.6381038702,2.22428278017,0.479945343543,39.4668249302,3.40456563418,0.414632605353,0.966489223273,2.92099971525,0.0,0.0,0.0
1780,2.23726142164,1.81790552757,32.6064078801,2.22427077419,0.480407471663,39.4785394225,3.40379542592,0.415502760339,0.966669715764,2.92128860403,0.0,0.0,0.0
1781,2.23851831008,1.81965590039,32.5747124127,2.22425752188,0.480870032646,39.4902388701,3.40302279479,0.416375710041,0.966850537006,2.92158138249,0.0,0.0,0.0
1782,2.23977519852,1.82140790816,32.5430175198,2.22424301961,0.479509794558,39.5019232679,3.40224773342,0.414518898478,0.967065852562,2.92273175789,0.0,0.0,0.0
1783,2.24103208696,1.82316154781,32.5113232531,2.22422726376,0.479971463455,39.5135926109,3.40147023438,0.415388610442,0.967246875704,2.92303106526,0.0,0.0,0.0
1784,2.2422889754,1.82491681624,32.4796296647,2.22421025067,0.480433561151,39.5252468938,3.40069029023,0.416261108113,0.967428213974,2.92333430579,0.0,0.0,0.0
1785,2.24354586384,1.82667371033,32.4479368066,2.22419197669,0.479067584616,39.5368861117,3.39990789352,0.414392507502,0.967643415479,2.9244911573,0.0,0.0,0.0
1786,2.24480275228,1.82843222691,32.4162447311,2.22417243815,0.479528777153,39.5485102595,3.39912303675,0.415261715188,0.967824931146,2.92480096986,0.0,0.0,0.0
1787,2.24605964071,1.8301923628,32.3845534908,2.22415163138,0.479990394372,39.5601193321,3.39833571242,0.416133699194,0.968006747977,2.92511475922,0.0,0.0,0.0
1788,2.24731652915,1.83195411477,32.3528631381,2.22412955267,0.480452435429,39.5717133244,3.39754591299,0.417008470133,0.96818886065,2.92543254505,0.0,0.0,0.0
1789,2.24857341759,1.83371747957,32.3211737259,2.22410619834,0.479079346447,39.5832922314,3.3967536309,0.415121932041,0.968403768852,2.92659844636,0.0,0.0,0.0
1790,2.24983030603,1.83548245394,32.289485307,2.22408156465,0.479540465875,39.594856048,3.39595885857,0.415993340185,0.968586024821,2.92692287128,0.0,0.0,0.0
1791,2.25108719447,1.83724903455,32.2577979344,2.22405564788,0.480002004955,39.6064047692,3.39516158839,0.416867525398,0.968768562191,2.92725133662,0.0,0.0,0.0
1792,2.25234408291,1.83901721808,32.2261116615,2.22402844429,0.480463962814,39.61793839,3.39436181273,0.417744498227,0.96895137546,2.92758386224,0.0,0.0,0.0
1793,2.25360097135,1.84078700115,32.1944265416,2.22399995012,0.479083708947,39.6294569052,3.39355952393,0.415839888486,0.969165927422,2.92875876843,0.0,0.0,0.0
1794,2.25485785979,1.84255838037,32.1627426282,2.22397016162,0.479544728563,39.64096031,3.39275471432,0.416713424839,0.969348848736,2.92909800012,0.0,0.0,0.0
1795,2.25611474823,1.8443313523,32.131059975,2.22393907499,0.4800061627,39.6524485992,3.39194737619,0.417589738458,0.969532031019,2.92944133634,0.0,0.0,0.0
1796,2.25737163667,1.84610591349,32.0993786359,2.22390668646,0.478620056595,39.663921768,3.3911375018,0.415673202053,0.969746335746,2.93062257508,0.0,0.0,0.0
1797,2.25862852511,1.84788206044,32.0676986649,2.22387299221,0.479080539138,39.6753798112,3.39032508341,0.416546025868,0.969929599244,2.93097265985,0.0,0.0,0.0
1798,2.25988541354,1.84965978964,32.0360201162,2.22383798843,0.479541431893,39.6868227239,3.38951011324,0.417421616213,0.970113108421,2.9313268936,0.0,0.0,0.0
1799,2.26114230198,1.85143909752,32.0043430441,2.22380167129,0.480002733937,39.6982505011,3.38869258347,0.418299983461,0.970296857448,2.93168529647,0.0,0.0,0.0
1800,2.26239919042,1.85321998052,31.9726675031,2.22376403695,0.478609369294,39.7096631378,3.38787248629,0.416365186519,0.97051068964,2.93287543798,0.0,0.0,0.0
1801,2.26365607886,1.855002435,31.9409935479,2.22372508156,0.479069702885,39.721060629,3.38704981384,0.417239988993,0.970694482559,2.93324065606,0.0,0.0,0.0
1802,2.2649129673,1.85678645734,31.9093212334,2.22368480126,0.479530441386,39.7324429699,3.38622455824,0.418117557136,0.970878499529,2.933610088,0.0,0.0,0.0
1803,2.26616985574,1.85857204384,31.8776506144,2.22364319215,0.479991583846,39.7438101554,3.38539671158,0.418997901246,0.971062734526,2.93398375416,0.0,0.0,0.0
1804,2.26742674418,1.86035919081,31.8459817463,2.22360025035,0.478590907903,39.7551621806,3.38456626593,0.417044714994,0.971276025199,2.93518274356,0.0,0.0,0.0
1805,2.26868363262,1.86214789449,31.8143146843,2.22355597195,0.479051064908,39.7664990405,3.38373321335,0.417921418523,0.971460265527,2.93556329143,0.0,0.0,0.0
1806,2.26994052106,1.86393815113,31.7826494839,2.22351035305,0.479511621419,39.7778207302,3.38289754585,0.41880088628,0.971644707563,2.93594811854,0.0,0.0,0.0
1807,2.2711974095,1.86572995691,31.7509862008,2.2234633897,0.478104978912,39.7891272448,3.38205925542,0.416835653162,0.971857604914,2.9371532736,0.0,0.0,0.0
1808,2.27245429794,1.86752330799,31.7193248909,2.22341507796,0.478564536347,39.8004185793,3.38121833404,0.417711426061,0.972042022933,2.93754502412,0.0,0.0,0.0
1809,2.27371118637,1.86931820052,31.68766561,2.22336541388,0.479024488787,39.8116947289,3.38037477364,0.418589951054,0.972226625954,2.93794109908,0.0,0.0,0.0
1810,2.27496807481,1.87111463059,31.6560084145,2.22331439349,0.47948483523,39.8229556886,3.37952856615,0.41947123824,0.972411407612,2.93834151914,0.0,0.0,0.0
1811,2.27622496325,1.87291259426,31.6243533607,2.2232620128,0.478070787295,39.8342014535,3.37867970345,0.417487439018,0.972623635954,2.93955540105,0.0,0.0,0.0
1812,2.27748185169,1.87471208757,31.5927005051,2.22320826782,0.47853011742,39.8454320188,3.37782817741,0.418364954338,0.972808352792,2.93996281058,0.0,0.0,0.0
1813,2.27873874013,1.87651310653,31.5610499043,2.22315315455,0.478989836974,39.8566473795,3.37697397988,0.419245219203,0.972993231016,2.94037461068,0.0,0.0,0.0
1814,2.27999562857,1.8783156471,31.5294016153,2.22309666895,0.479449944928,39.8678475309,3.37611710265,0.420128243627,0.973178264057,2.94079082223,0.0,0.0,0.0
1815,2.28125251701,1.88011970522,31.497755695,2.223038807,0.478028438543,39.8790324679,3.37525753753,0.418125755807,0.973389747787,2.94201336537,0.0,0.0,0.0
1816,2.28250940545,1.8819252768,31.4661122008,2.22297956465,0.478487512797,39.8902021857,3.37439527627,0.419004930563,0.973574673869,2.94243663223,0.0,0.0,0.0
1817,2.28376629389,1.88373235769,31.43447119,2.22291893783,0.478946970803,39.9013566796,3.37353031061,0.419886851705,0.973759736962,2.94286435629,0.0,0.0,0.0
1818,2.28502318233,1.88554094375,31.4028327201,2.22285692247,0.477519383136,39.9124959446,3.37266263225,0.417872216105,0.973970667197,2.94409287323,0.0,0.0,0.0
1819,2.28628007077,1.88735103077,31.3711968489,2.22279351449,0.477977793563,39.9236199758,3.37179223288,0.418750232495,0.97415559126,2.94452769335,0.0,0.0,0.0
1820,2.28753695921,1.88916261453,31.3395636343,2.22272870977,0.478436583043,39.9347287685,3.37091910416,0.4196309817,0.974340634112,2.94496701659,0.0,0.0,0.0
1821,2.28879384764,1.89097569075,31.3079331345,2.22266250422,0.478895750496,39.9458223179,3.37004323771,0.420514473514,0.974525788823,2.94541086412,0.0,0.0,0.0
1822,2.29005073608,1.89279025516,31.2763054077,2.22259489369,0.477460609901,39.956900619,3.36916462513,0.418480986222,0.974735834723,2.94664790096,0.0,0.0,0.0
1823,2.29130762452,1.8946063034,31.2446805124,2.22252587404,0.477918712162,39.9679636672,3.36828325801,0.419360494381,0.974920805842,2.94709890982,0.0,0.0,0.0
1824,2.29256451296,1.89642383113,31.2130585072,2.22245544113,0.478377187625,39.9790114575,3.36739912789,0.420242731045,0.975105870017,2.94755448916,0.0,0.0,0.0
1825,2.2938214014,1.89824283394,31.1814394509,2.22238359079,0.47883603518,39.9900439852,3.36651222629,0.421127705907,0.975291020102,2.94801466035,0.0,0.0,0.0
1826,2.29507828984,1.9000633074,31.1498234025,2.22231031882,0.477393288444,40.0010612455,3.36562254471,0.419075251645,0.975500098827,2.94926013993,0.0,0.0,0.0
1827,2.29633517828,1.90188524704,31.1182104213,2.22223562103,0.477851053059,40.0120632336,3.36473007461,0.419956163211,0.975685019314,2.94972753743,0.0,0.0,0.0
1828,2.29759206672,1.90370864836,31.0866005667,2.22215949323,0.478309184922,40.0230499447,3.36383480744,0.420839798333,0.975870006314,2.95019957324,0.0,0.0,0.0
1829,2.29884895516,1.90553350683,31.054993898,2.22208193117,0.478767682895,40.0340213741,3.36293673461,0.421726166602,0.97605505246,2.95067626892,0.0,0.0,0.0
1830,2.3001058436,1.90735981787,31.0233904752,2.22200293062,0.477317276748,40.044977517,3.36203584751,0.419654632687,0.976263078392,2.95193010978,0.0,0.0,0.0
1831,2.30136273204,1.90918757687,30.9917903582,2.22192248734,0.477774673897,40.0559183686,3.36113213749,0.420536857297,0.976447847447,2.95241409644,0.0,0.0,0.0
1832,2.30261962047,1.91101677921,30.960193607,2.22184059705,0.47823243224,40.0668439241,3.36022559589,0.421421799868,0.976632655645,2.9529027897,0.0,0.0,0.0
1833,2.30387650891,1.9128474202,30.928600282,2.22175725549,0.47677578843,40.0777541789,3.35931621401,0.419338003429,0.976839885085,2.95416230411,0.0,0.0,0.0
1834,2.30513339735,1.91467949513,30.8970104436,2.22167245835,0.477232431732,40.0886491283,3.35840398313,0.42021874635,0.97702438004,2.95465832757,0.0,0.0,0.0
1835,2.30639028579,1.91651299927,30.8654241527,2.22158620132,0.47768943126,40.0995287673,3.35748889449,0.421102191641,0.977208893675,2.95515910449,0.0,0.0,0.0
1836,2.30764717423,1.91834792781,30.8338414699,2.2214984801,0.478146785823,40.1103930915,3.35657093933,0.421988348639,0.977393418232,2.95566465674,0.0,0.0,0.0
1837,2.30890406267,1.92018427596,30.8022624565,2.22140929034,0.476682387845,40.121242096,3.35565010882,0.419885330415,0.977599436676,2.95693236121,0.0,0.0,0.0
1838,2.31016095111,1.92202203886,30.7706871736,2.2213186277,0.477138609265,40.132075776,3.35472639414,0.420767206461,0.977783597802,2.95744530757,0.0,0.0,0.0
1839,2.31141783955,1.92386121162,30.7391156828,2.22122648781,0.47759518068,40.1428941271,3.35379978643,0.421651778072,0.977967748754,2.95796307638,0.0,0.0,0.0
1840,2.31267472799,1.92570178931,30.7075480456,2.22113286629,0.478052100869,40.1536971443,3.35287027679,0.422539054467,0.978151881538,2.95848568971,0.0,0.0,0.0
1841,2.31393161643,1.92754376699,30.6759843239,2.22103775876,0.476579895367,40.1644848231,3.3519378563,0.420416710322,0.978356595209,2.95976149006,0.0,0.0,0.0
1842,2.31518850487,1.92938713965,30.6444245798,2.22094116081,0.477035664182,40.1752571588,3.35100251602,0.421299623809,0.978540312769,2.96029156101,0.0,0.0,0.0
1843,2.31644539331,1.93123190225,30.6128688755,2.22084306801,0.477491776658,40.1860141467,3.35006424697,0.422185225381,0.978723990414,2.96082652384,0.0,0.0,0.0
1844,2.31770228174,1.93307804974,30.5813172734,2.22074347595,0.477948231543,40.1967557821,3.34912304015,0.423073524136,0.978907619914,2.96136640081,0.0,0.0,0.0
1845,2.31895917018,1.93492557701,30.5497698361,2.22064238015,0.476468165142,40.2074820603,3.34817888652,0.420931753027,0.979110931903,2.96265019814,0.0,0.0,0.0
1846,2.32021605862,1.93677447892,30.5182266266,2.22053977618,0.476923450297,40.2181929768,3.34723177704,0.421815606288,0.979294092732,2.96319759582,0.0,0.0,0.0
1847,2.32147294706,1.93862475029,30.4866877077,2.22043565954,0.477379072676,40.2288885269,3.34628170259,0.422702139473,0.979477183,2.96374995525,0.0,0.0,0.0
1848,2.3227298355,1.9404763859,30.4551531428,2.22033002574,0.477835030995,40.2395687059,3.34532865408,0.42359136155,0.979660194235,2.96430729888,0.0,0.0,0.0
1849,2.32398672394,1.94232938051,30.4236229953,2.22022287028,0.476347050314,40.2502335092,3.34437262235,0.421430065664,0.979862004405,2.96559898944,0.0,0.0,0.0
1850,2.32524361238,1.94418372883,30.3920973288,2.22011418865,0.476801820422,40.2608829322,3.34341359822,0.422314759058,0.980044491822,2.96616391641,0.0,0.0,0.0
1851,2.32650050082,1.94603942552,30.3605762072,2.22000397629,0.477256921213,40.2715169703,3.3424515725,0.423202123521,0.980226877106,2.96673387544,0.0,0.0,0.0
1852,2.32775738926,1.94789646524,30.3290596944,2.21989222867,0.475762505069,40.2821356188,3.34148653595,0.421028473701,0.980427536951,2.96803078501,0.0,0.0,0.0
1853,2.3290142777,1.94975484257,30.2975478548,2.21977894122,0.476216403036,40.2927388732,3.34051847931,0.42191125278,0.980609356415,2.96860836419,0.0,0.0,0.0
1854,2.33027116614,1.95161455209,30.2660407528,2.21966410937,0.476670626381,40.3033267289,3.33954739328,0.422796684698,0.980791050131,2.9691910234,0.0,0.0,0.0
1855,2.33152805457,1.95347558831,30.2345384531,2.2195477285,0.477125173767,40.3138991813,3.33857326854,0.423684778129,0.980972609193,2.9697787854,0.0,0.0,0.0
1856,2.33278494301,1.95533794573,30.2030410206,2.21942979403,0.475622748612,40.3244562257,3.33759609575,0.421491492341,0.981171582294,2.97108337491,0.0,0.0,0.0
1857,2.33404183145,1.95720161879,30.1715485202,2.21931030132,0.476076074491,40.3349978577,3.33661586553,0.422374916504,0.981352517302,2.97167881864,0.0,0.0,0.0
1858,2.33529871989,1.9590666019,30.1400610174,2.21918924574,0.476529719032,40.3455240727,3.33563256846,0.42326098338,0.981533293324,2.97227941335,0.0,0.0,0.0
1859,2.33655560833,1.96093288944,30.1085785775,2.21906662264,0.476983680867,40.356034866,3.33464619511,0.424149701504,0.981713901198,2.97288518199,0.0,0.0,0.0
1860,2.33781249677,1.96280047575,30.0771012664,2.21894242734,0.475473193383,40.3665302332,3.33365673602,0.421936692271,0.98191107796,2.97419733332,0.0,0.0,0.0
1861,2.33906938521,1.96466935511,30.0456291499,2.21881665516,0.475925914911,40.3770101697,3.33266418168,0.422820656721,0.982091001708,2.97481084473,0.0,0.0,0.0
1862,2.34032627365,1.9665395218,30.0141622942,2.21868930141,0.476378948283,40.387474671,3.33166852256,0.423707253047,0.982270732244,2.97542957849,0.0,0.0,0.0
1863,2.34158316209,1.96841097003,29.9827007657,2.21856036138,0.476832292097,40.3979237326,3.33066974912,0.424596489637,0.982450260141,2.97605355773,0.0,0.0,0.0
1864,2.34284005053,1.97028369397,29.9512446308,2.21842983033,0.475313689002,40.4083573498,3.32966785176,0.422363673237,0.982645527341,2.97737314739,0.0,0.0,0.0
1865,2.34409693897,1.97215768779,29.9197939565,2.21829770352,0.475765773595,40.4187755183,3.32866282087,0.423248071257,0.982824309147,2.97800492985,0.0,0.0,0.0
1866,2.3453538274,1.97403294556,29.8883488096,2.2181639762,0.476218163109,40.4291782334,3.3276546468,0.424135089593,0.9830028625,2.97864200643,0.0,0.0,0.0
1867,2.34661071584,1.97590946138,29.8569092574,2.21802864359,0.476670856113,40.4395654907,3.32664331988,0.425024736483,0.983181177706,2.97928440046,0.0,0.0,0.0
1868,2.34786760428,1.97778722925,29.8254753674,2.2178917009,0.475144084176,40.4499372858,3.32562883039,0.4227720331,0.983374418381,2.98061129945,0.0,0.0,0.0
1869,2.34912449272,1.97966624317,29.7940472072,2.21775314333,0.475595498931,40.460293614,3.32461116861,0.423656756066,0.983551923585,2.98126155652,0.0,0.0,0.0
1870,2.35038138116,1.98154649708,29.7626248446,2.21761296607,0.476047211582,40.470634471,3.32359032475,0.42454408706,0.983729164055,2.98191717988,0.0,0.0,0.0
1871,2.3516382696,1.98342798489,29.7312083479,2.21747116427,0.476499220666,40.4809598522,3.32256628904,0.425434034166,0.983906129825,2.98257819303,0.0,0.0,0.0
1872,2.35289515804,1.98531070047,29.6997977852,2.2173277331,0.474964226718,40.4912697532,3.32153905163,0.42316136803,0.984097223157,2.98391226673,0.0,0.0,0.0
1873,2.35415204648,1.98719463765,29.6683932252,2.21718266767,0.475414938415,40.5015641696,3.32050860268,0.424046305432,0.984273313012,2.9845812021,0.0,0.0,0.0
1874,2.35540893492,1.98907979022,29.6369947366,2.21703596312,0.475865940882,40.5118430968,3.31947493228,0.424933837838,0.984449100788,2.98525557632,0.0,0.0,0.0
1875,2.35666582336,1.99096615192,29.6056023885,2.21688761455,0.474324273516,40.5221065304,3.31843803053,0.422648806749,0.984638535826,2.98659419161,0.0,0.0,0.0
1876,2.3579227118,1.99285371647,29.57421625,2.21673761705,0.47477396357,40.5323544661,3.31739788747,0.423531272713,0.984813397443,2.98727652106,0.0,0.0,0.0
1877,2.35917960024,1.99474247754,29.5428363906,2.21658596568,0.475223938679,40.5425868993,3.31635449311,0.424416312174,0.984987929006,2.9879643385,0.0,0.0,0.0
1878,2.36043648867,1.99663242875,29.51146288,2.21643265552,0.475674197326,40.5528038256,3.31530783746,0.425303932874,0.985162120056,2.98865766772,0.0,0.0,0.0
1879,2.36169337711,1.9985235637,29.4800957881,2.2162776816,0.474124213902,40.5630052407,3.31425791046,0.422998872413,0.985349184919,2.99000318635,0.0,0.0,0.0
1880,2.36295026555,2.00041587592,29.448735185,2.21612103894,0.474573140827,40.5731911401,3.31320470205,0.423881340562,0.985522380259,2.99070452853,0.0,0.0,0.0
1881,2.36420715399,2.00230935894,29.4173811412,2.21596272257,0.475022345506,40.5833615194,3.31214820211,0.424766367861,0.985695206282,2.99141143182,0.0,0.0,0.0
1882,2.36546404243,2.00420400621,29.3860337272,2.21580272747,0.47547182639,40.5935163742,3.31108840051,0.425653961886,0.985867652241,2.9921239202,0.0,0.0,0.0
1883,2.36672093087,2.00609981117,29.3546930138,2.21564104863,0.473913474008,40.6036557001,3.31002528709,0.423328808891,0.986052214882,2.99347619086,0.0,0.0,0.0
1884,2.36797781931,2.00799676719,29.3233590722,2.21547768101,0.474361603759,40.6137794928,3.30895885164,0.424211163936,0.986223593415,2.99419674916,0.0,0.0,0.0
1885,2.36923470775,2.00989486763,29.2920319736,2.21531261955,0.474810003863,40.6238877478,3.30788908394,0.425096063036,0.986394562232,2.99492294204,0.0,0.0,0.0
1886,2.37049159619,2.01179410578,29.2607117896,2.2151458592,0.475258672736,40.6339804609,3.30681597372,0.425983513593,0.986565110287,2.99565479371,0.0,0.0,0.0
1887,2.37174848463,2.01369447491,29.229398592,2.21497739487,0.473691898609,40.6440576275,3.3057395107,0.423638209505,0.986747034357,2.99701365886,0.0,0.0,0.0
1888,2.37300537307,2.01559596825,29.1980924528,2.21480722145,0.47413919684,40.6541192435,3.30465968455,0.424520334372,0.986916441044,2.99775363656,0.0,0.0,0.0
1889,2.3742622615,2.01749857896,29.1667934443,2.21463533385,0.474586757919,40.6641653045,3.30357648491,0.425404987445,0.987085396448,2.9984993227,0.0,0.0,0.0
1890,2.37551914994,2.01940230019,29.135501639,2.21446172691,0.475034580231,40.674195806,3.30248990139,0.426292175946,0.98725388922,2.99925074163,0.0,0.0,0.0
1891,2.37677603838,2.02130712504,29.1042171095,2.2142863955,0.473459331703,40.6842107438,3.30139992359,0.423926666959,0.987433033944,3.00061603737,0.0,0.0,0.0
1892,2.37803292682,2.02321304656,29.072939929,2.21410933446,0.473905763771,40.6942101135,3.30030654104,0.424808442819,0.987600309116,3.00137563761,0.0,0.0,0.0
1893,2.37928981526,2.02512005776,29.0416701707,2.2139305386,0.474352451079,40.7041939109,3.29920974327,0.425692730276,0.987767090243,3.00214102047,0.0,0.0,0.0
1894,2.3805467037,2.02702815161,29.010407908,2.21375000273,0.474799391982,40.7141621316,3.29810951976,0.42657953637,0.987933365666,3.00291221051,0.0,0.0,0.0
1895,2.38180359214,2.02893732105,28.9791532146,2.21356772164,0.473215616541,40.7241147713,3.29700585996,0.424193773582,0.988109585712,3.00428376635,0.0,0.0,0.0
1896,2.38306048058,2.03084755897,28.9479061645,2.21338369011,0.473661147505,40.7340518258,3.29589875331,0.425075079883,0.988274564947,3.00506319204,0.0,0.0,0.0
1897,2.38431736902,2.03275885819,28.916666832,2.21319790289,0.474106926004,40.7439732907,3.29478818918,0.425958880409,0.98843900615,3.00584847488,0.0,0.0,0.0
1898,2.38557425746,2.03467121154,28.8854352915,2.21301035472,0.474552950358,40.7538791617,3.29367415693,0.426845182012,0.988602897345,3.00663963962,0.0,0.0,0.0
1899,2.3868311459,2.03658461176,28.8542116178,2.21282104032,0.47296059565,40.7637694346,3.2925566459,0.424439121578,0.9887760427,3.00801727833,0.0,0.0,0.0
1900,2.38808803434,2.03849905159,28.8229958858,2.21262995441,0.473405190284,40.7736441051,3.29143564537,0.42531983608,0.988938556696,3.0088167321,0.0,0.0,0.0
1901,2.38934492277,2.04041452368,28.7917881707,2.21243709168,0.473850024644,40.783503169,3.2903111446,0.426203026668,0.989100487418,3.00962211788,1.0,616.15461994,1.54256396648
1902,2.39060181121,2.04233102068,28.760588548,2.2122424468,0.47429509702,40.7933466219,3.28918313283,0.427088700002,0.989261822566,3.01043346058,1.0,616.158123539,1.45446233544
1903,2.39185869965,2.04424853517,28.7293970935,2.21204601444,0.472694110868,40.8031744597,3.28805159926,0.424662303284,0.989431738398,3.01181699803,1.0,616.148490184,1.3840069851
1904,2.39311558809,2.0461670597,28.698213883,2.21184778923,0.473137733658,40.8129866781,3.28691653303,0.425542302097,0.989591612847,3.01263668216,1.0,616.151996696,1.3521335212
1905,2.39437247653,2.04808658678,28.667038993,2.2116477658,0.473581588267,40.8227832729,3.28577792329,0.426424758085,0.989750857491,3.01346237345,1.0,616.155498446,1.32411899334
1906,2.39562936497,2.05000710887,28.6358724999,2.21144593877,0.474025672953,40.8325642398,3.28463575914,0.427309677715,0.989909459702,3.014294097,1.0,616.158995429,1.29876658697
1907,2.39688625341,2.05192861837,28.6047144804,2.21124230272,0.472416003368,40.8423295746,3.28349002964,0.424862911438,0.990075986229,3.01568334197,1.0,616.149290823,1.26154712131
1908,2.39814314185,2.05385110767,28.5735650116,2.21103685224,0.472858618523,40.8520792732,3.28234072383,0.425742069058,0.990233041679,3.01652345827,1.0,616.152790682,1.2406777781
1909,2.39940003029,2.0557745691,28.5424241707,2.21082958189,0.47330145749,40.8618133313,3.2811878307,0.426623664173,0.990389419476,3.01736965721,1.0,616.156285739,1.22088417899
1910,2.40065691873,2.05769899495,28.5112920354,2.21062048622,0.473744518496,40.8715317447,3.28003133923,0.427507703047,0.990545106652,3.01822196404,1.0,616.159775991,1.20199155406
1911,2.40191380717,2.05962437745,28.4801686833,2.21040955974,0.472126113695,40.8812345092,3.27887123834,0.425040539447,0.990708079009,3.01961671801,1.0,616.149999115,1.17338339962
1912,2.4031706956,2.06155070881,28.4490541927,2.21019679697,0.472567685148,40.8909216207,3.27770751695,0.425918728804,0.990862130731,3.02047746781,1.0,616.153492205,1.15641173439
1913,2.40442758404,2.06347798119,28.4179486418,2.20998219242,0.473009472309,40.9005930749,3.27654016393,0.4267993352,0.9910154556,3.02134437599,1.0,616.156980454,1.13996762087
1914,2.40568447248,2.06540618669,28.3868521092,2.20976574055,0.47345147337,40.9102488677,3.2753691681,0.427682364694,0.991168040302,3.02221746802,1.0,616.160463858,1.12399148169
1915,2.40694136092,2.06733531738,28.3557646738,2.20954743583,0.471824281797,40.919888995,3.27419451828,0.425194781673,0.991327288398,3.02361752496,1.0,616.150613676,1.09978981573
1916,2.40819824936,2.0692653653,28.3246864148,2.2093272727,0.472264773213,40.9295134525,3.27301620322,0.426071874172,0.991478146247,3.02449910898,1.0,616.15409988,1.08492168444
1917,2.4094551378,2.07119632241,28.2936174116,2.2091052456,0.472705472134,40.9391222362,3.27183421169,0.42695136248,0.991628226656,3.02538692743,1.0,616.157581205,1.07036969685
1918,2.41071202624,2.07312818066,28.2625577438,2.20888134894,0.473146376719,40.9487153419,3.27064853236,0.427833252446,0.991777515961,3.02628100592,1.0,616.161057645,1.05610582296
1919,2.41196891468,2.07506093193,28.2315074915,2.2086555771,0.471510347055,40.9582927655,3.26945915392,0.42532523372,0.991932864346,3.02768615213,1.0,616.151133099,1.03468154451
1920,2.41322580312,2.07699456808,28.2004667348,2.20842792448,0.471949721836,40.9678545027,3.26826606501,0.426201099291,0.992080332615,3.02858877043,1.0,616.1546123,1.02114962329
1921,2.41448269156,2.07892908091,28.1694355542,2.20819838542,0.472389295821,40.9774005496,3.26706925423,0.427079338665,0.99222697144,3.02949769945,1.0,616.158086583,1.00782726038
1922,2.41573958,2.08086446217,28.1384140307,2.20796695429,0.472829067138,40.986930902,3.26586871015,0.427959957479,0.992372766793,3.03041296498,1.0,616.161555942,0.994698771832
1923,2.41699646843,2.08280070358,28.1074022451,2.2077336254,0.471184148322,40.9964455558,3.26466442131,0.425431492729,0.992524034516,3.03182297886,1.0,616.151555956,0.975221455432
1924,2.41825335687,2.0847377968,28.0764002789,2.20749839307,0.471622369612,41.0059445069,3.26345637621,0.426305999877,0.992667911794,3.03274683073,1.0,616.155028037,0.962615368497
1925,2.41951024531,2.08667573346,28.0454082137,2.20726125159,0.47206078171,41.0154277512,3.26224456333,0.427182858047,0.992810906167,3.03367706986,1.0,616.158495159,0.950156459761
1926,2.42076713375,2.08861450515,28.0144261313,2.20702219525,0.472499382711,41.0248952846,3.2610289711,0.428062072659,0.992953003238,3.03461372222,1.0,616.161957318,0.937834935595
1927,2.42202402219,2.09055410338,27.983454114,2.20678121829,0.4729381707,41.0343471031,3.25980958792,0.428943649126,0.993094188521,3.03555681386,1.0,616.165414508,0.925641825682
1928,2.42328091063,2.09249451966,27.9524922443,2.20653831498,0.47128255465,41.0437832026,3.25858640218,0.426386173543,0.993240082726,3.03697365792,1.0,616.155345639,0.907884091735
1929,2.42453779907,2.09443574542,27.9215406048,2.20629347953,0.471719767659,41.053203579,3.2573594022,0.427261516867,0.993379223889,3.03792540585,1.0,616.158805482,0.896061166116
1930,2.42579468751,2.09637777206,27.8905992786,2.20604670615,0.472157161047,41.0626082282,3.25612857629,0.428139192858,0.993517412421,3.03888364395,1.0,616.162260322,0.884338605799
1931,2.42705157595,2.09832059094,27.8596683491,2.20579798904,0.472594732867,41.0719971462,3.25489391271,0.429019206704,0.993654633455,3.03984839844,1.0,616.165710153,0.872710278926
1932,2.42830846439,2.10026419336,27.8287478998,2.20554732238,0.470930114607,41.081370329,3.25365539971,0.426441220106,0.993796020743,3.04126960902,1.0,616.155563633,0.856036658994
1933,2.42956535283,2.10220857059,27.7978380146,2.20529470033,0.471366091083,41.0907277726,3.25241302549,0.42731491363,0.993931093892,3.04224306345,1.0,616.159016077,0.844696795961
1934,2.43082224127,2.10415371384,27.7669387779,2.20504011702,0.471802239319,41.1000694729,3.25116677822,0.428190915268,0.994065157545,3.04322308523,1.0,616.162463477,0.833431426487
1935,2.4320791297,2.10609961428,27.7360502739,2.20478356659,0.472238557335,41.1093954258,3.24991664602,0.429069229983,0.994198196446,3.04420970073,1.0,616.165905828,0.822236123042
1936,2.43333601814,2.10804626304,27.7051725875,2.20452504314,0.47056488673,41.1187056274,3.24866261701,0.426470741913,0.994334876958,3.04563502949,1.0,616.155680521,0.806441465406
1937,2.43459290658,2.10999365119,27.6743058039,2.20426454076,0.470999588991,41.1280000737,3.24740467924,0.427342649428,0.99446566109,3.04663038709,1.0,616.159125444,0.795475754249
1938,2.43584979502,2.11194176978,27.6434500082,2.20400205354,0.4714344543,41.1372787607,3.24614282076,0.42821683973,0.994595377283,3.04763238939,1.0,616.162565284,0.786230786788
1939,2.43710668346,2.11389060977,27.6126052863,2.20373757553,0.471869480646,41.1465416843,3.24487702956,0.429093317554,0.994724009885,3.04864106296,1.0,616.166000035,0.797088844938
1940,2.4383635719,2.11584016213,27.581771724,2.20347110076,0.470186707893,41.1557888407,3.24360729361,0.426474344166,0.994855777652,3.05007025271,1.0,616.155694782,0.812154972565
1941,2.43962046034,2.11779041774,27.5509494076,2.20320262327,0.470620098028,41.1650202257,3.24233360083,0.427344328269,0.9949820454,3.05108770897,1.0,616.159132064,0.822827640456
1942,2.44087734878,2.11974136745,27.5201384238,2.20293213705,0.471053642408,41.1742358355,3.24105593914,0.428216569064,0.995107185151,3.05211188749,1.0,616.162564222,0.833459326908
1943,2.44213423722,2.12169300206,27.4893388592,2.20265963611,0.471487338989,41.1834356661,3.23977429638,0.429091071051,0.995231180851,3.05314281498,1.0,616.16599125,0.844052647805
1944,2.44339112566,2.12364531233,27.4585508012,2.20238511441,0.469795414639,41.1926197135,3.2384886604,0.426451635251,0.995357823644,3.05457559941,1.0,616.155604872,0.858504558445
1945,2.4446480141,2.12559828898,27.4277743372,2.2021085659,0.470227454517,41.2017879738,3.23719901898,0.427319557414,0.995479341114,3.05561534857,1.0,616.159034389,0.868946809684
1946,2.44590490253,2.12755192265,27.3970095549,2.20182998454,0.470659639744,41.210940443,3.2359053599,0.428189709408,0.995599668877,3.0566618977,1.0,616.162458741,0.879359548483
1947,2.44716179097,2.12950620397,27.3662565424,2.20154936422,0.471091968245,41.2200771173,3.23460767087,0.429062095494,0.995718790465,3.05771527369,1.0,616.165877923,0.889744890303
1948,2.44841867941,2.13146112352,27.3355153882,2.20126669888,0.469390843223,41.2291979925,3.23330593959,0.426402227084,0.995840089653,3.05915137711,1.0,616.15540922,0.903671990411
1949,2.44967556785,2.1334166718,27.3047861809,2.20098198237,0.469821494497,41.238303065,3.23200015372,0.427267947719,0.995956616262,3.06021361202,1.0,616.158830848,0.913933672836
1950,2.45093245629,2.13537283931,27.2740690095,2.20069520859,0.470252282135,41.2473923307,3.23069030088,0.428135870562,0.996071889759,3.06128272476,1.0,616.162247271,0.924175172608
1951,2.45218934473,2.13732961646,27.2433639633,2.20040637138,0.470683204031,41.2564657857,3.22937636868,0.429005999635,0.99618589325,3.06235874239,1.0,616.165658483,0.934398250884
1952,2.45344623317,2.13928699365,27.2126711321,2.20011546458,0.471114258066,41.2655234261,3.22805834466,0.429878338943,0.996298609742,3.06344169202,1.0,616.169064479,0.944604611513
1953,2.45470312161,2.1412449612,27.1819906056,2.199822482,0.469402053769,41.274565248,3.22673621635,0.427189113979,0.996412911963,3.06488279152,1.0,616.158519844,0.957994014926
1954,2.45596001005,2.14320350941,27.1513224743,2.19952741745,0.469831405179,41.2835912477,3.22540997123,0.42805466634,0.99652288201,3.06597465938,1.0,616.161928213,0.968103474109
1955,2.45721689849,2.14516262852,27.1206668286,2.19923026471,0.470260881741,41.292601421,3.22407959677,0.42892239631,0.996631516478,3.06707351027,1.0,616.165331331,0.978202046881
1956,2.45847378693,2.14712230873,27.0900237595,2.19893101755,0.470690481305,41.3015957643,3.22274508038,0.42979230765,0.996738797936,3.06817937146,1.0,616.168729191,0.988291198329
1957,2.45973067537,2.14908254017,27.0593933582,2.19862966972,0.468968967945,41.3105742737,3.22140640946,0.427082675289,0.996847241764,3.06962316473,1.0,616.158099755,1.00129744233
1958,2.4609875638,2.15104331296,27.0287757161,2.19832621495,0.469396844289,41.3195369452,3.22006357135,0.427945714926,0.996951652104,3.07073797756,1.0,616.161499944,1.01130782137
1959,2.46224445224,2.15300461714,26.9981709253,2.19802064696,0.469824836593,41.328483775,3.21871655337,0.428810902803,0.9970546595,3.07185985167,1.0,616.164894841,1.02131379109
1960,2.46350134068,2.15496644272,26.9675790779,2.19771295944,0.470252942676,41.3374147593,3.21736534281,0.42967824243,0.997156246079,3.07298881449,1.0,616.168284439,1.03131664279
1961,2.46475822912,2.15692877966,26.9370002663,2.19740314608,0.468522072485,41.3463298942,3.21600992692,0.426948255392,0.997258590983,3.07443499405,1.0,616.157568931,1.04398671055
1962,2.46601511756,2.15889161787,26.9064345834,2.19709120055,0.468948434739,41.355229176,3.21465029291,0.427808639235,0.997357178103,3.07557293995,1.0,616.160960814,1.05392632193
1963,2.467272006,2.16085494722,26.8758821224,2.19677711648,0.469374903675,41.3641126008,3.21328642797,0.428671141202,0.997454293084,3.07671802548,1.0,616.164347362,1.0638672166
1964,2.46852889444,2.16281875751,26.8453429768,2.19646088752,0.469801477082,41.3729801648,3.21191831924,0.429535764555,0.997549917597,3.0778702782,1.0,616.16772857,1.07381055955
1965,2.46978578288,2.16478303851,26.8148172404,2.19614250726,0.470228152736,41.3818318641,3.21054595385,0.43040251253,0.997644033207,3.07902972578,1.0,616.171104434,1.08375749731
1966,2.47104267132,2.16674777996,26.7843050073,2.19582196932,0.468486011715,41.390667695,3.20916931887,0.427643067278,0.997738408991,3.08047979121,1.0,616.160309143,1.09607797477
1967,2.47229955976,2.16871297151,26.753806372,2.19549926726,0.468910917997,41.3994876537,3.20778840134,0.428502738776,0.997829358735,3.08164827442,1.0,616.163687215,1.10597802379
1968,2.4735564482,2.1706786028,26.7233214294,2.19517439465,0.469335919357,41.4082917363,3.20640318828,0.429364500558,0.997918746477,3.08282400337,1.0,616.167059906,1.11588554053
1969,2.47481333663,2.1726446634,26.6928502746,2.19484734504,0.46976101354,41.4170799392,3.20501366667,0.430228355606,0.998006553311,3.08400700587,1.0,616.17042721,1.1258015877
1970,2.47607022507,2.17461114284,26.662393003,2.19451811195,0.46800941036,41.4258522585,3.20361982346,0.427448632533,0.998094263985,3.08545875924,1.0,616.159543226,1.13786717484
1971,2.47732711351,2.1765780306,26.6319497106,2.19418668889,0.468432714533,41.4346086905,3.20222164554,0.428305328343,0.998178768014,3.08665082435,1.0,616.162912693,1.14774811321
1972,2.47858400195,2.17854531612,26.6015204935,2.19385306935,0.468856104309,41.4433492315,3.20081911981,0.429164082607,0.998261636572,3.08785021379,1.0,616.166276737,1.15764113734
1973,2.47984089039,2.18051298878,26.5711054482,2.19351724682,0.469279577403,41.4520738775,3.19941223309,0.430024898052,0.998342850278,3.08905695549,1.0,616.169635353,1.16754725294
1974,2.48109777883,2.18248103791,26.5407046716,2.19317921475,0.467518465825,41.460782625,3.19800097221,0.42722497432,0.998423631859,3.09051005445,1.0,616.15866133,1.17938710033
1975,2.48235466727,2.18444945281,26.5103182608,2.19283896659,0.467940128276,41.4694754702,3.19658532393,0.428078548648,0.998501401849,3.0917258835,1.0,616.162022061,1.18926878683
1976,2.48361155571,2.18641822273,26.4799463134,2.19249649576,0.468361866776,41.4781524094,3.19516527499,0.428934148884,0.998577460921,3.09294911546,1.0,616.165377328,1.19916689056
1977,2.48486844415,2.18838733684,26.4495889273,2.19215179566,0.468783679008,41.4868134387,3.19374081211,0.429791777494,0.998651789209,3.09417977841,1.0,616.168727124,1.20908238214
1978,2.48612533259,2.1903567843,26.4192462007,2.1918048597,0.469205562648,41.4954585546,3.19231192196,0.430651436918,0.998724366732,3.09541790054,1.0,616.172071445,1.21901623092
1979,2.48738222103,2.1923265542,26.3889182322,2.19145568124,0.467432994291,41.5040877533,3.19087859118,0.427822044745,0.998796109847,3.0968736417,1.0,616.161013554,1.23062323325
1980,2.48863910947,2.19429663559,26.3586051207,2.19110425364,0.467853041675,41.5127010311,3.18944080637,0.428674343966,0.998865061052,3.09812089584,1.0,616.164359912,1.2405446953
1981,2.4898959979,2.19626701748,26.3283069656,2.19075057025,0.468273153128,41.5212983843,3.1879985541,0.42952863805,0.998932203506,3.09937565969,1.0,616.167700757,1.25048766735
1982,2.49115288634,2.1982376888,26.2980238664,2.19039462438,0.468693326294,41.5298798092,3.18655182092,0.430384929173,0.998997516728,3.10063796155,1.0,616.171036084,1.26045310618
1983,2.49240977478,2.20020863848,26.2677559232,2.19003640935,0.466911147764,41.5384453022,3.18510059333,0.427535468381,0.999061709597,3.10209426957,1.0,616.159885376,1.27188850964
1984,2.49366666322,2.20217985535,26.2375032363,2.18967591845,0.467329464058,41.5469948595,3.18364485781,0.428384319218,0.999123246288,3.10336572304,1.0,616.163222693,1.28185069972
1985,2.49492355166,2.20415132823,26.2072659065,2.18931314495,0.467747834679,41.5555284775,3.18218460078,0.429235130712,0.999182894176,3.10464476486,1.0,616.166554454,1.29183842492
1986,2.4961804401,2.20612304588,26.1770440347,2.1889480821,0.468166257243,41.5640461526,3.18071980867,0.430087904773,0.99924063227,3.10593142349,1.0,616.169880655,1.30185264569
1987,2.49743732854,2.20809499701,26.1468377225,2.18858072315,0.468584729354,41.5725478811,3.17925046783,0.430942643282,0.99929643946,3.10722572744,1.0,616.173201291,1.31189432956
1988,2.49869421698,2.21006717027,26.1166470715,2.18821106131,0.466790969162,41.5810336593,3.17777656461,0.428063733175,0.999350793047,3.10868374492,1.0,616.161963844,1.32315687421
1989,2.49995110542,2.21203955428,26.086472184,2.18783908981,0.467207558778,41.5895034836,3.17629808531,0.428910913739,0.999402629129,3.10998723908,1.0,616.165286388,1.33320611173
1990,2.50120799386,2.2140121376,26.0563131626,2.18746480182,0.467624190491,41.5979573503,3.17481501621,0.429760021718,0.999452472713,3.11129842875,1.0,616.168603329,1.34328586038
1991,2.5024648823,2.21598490876,26.0261701099,2.18708819052,0.468040861876,41.606395256,3.17332734355,0.430611058725,0.999500302166,3.11261734258,1.0,616.171914661,1.3533971102
1992,2.50372177073,2.21795785621,25.9960431294,2.18670924907,0.466237392469,41.6148171968,3.17183505353,0.427712251936,0.999546444152,3.11407508827,1.0,616.160581507,1.36453235103
1993,2.50497865917,2.21993096838,25.9659323246,2.18632797061,0.466652160793,41.6232231693,3.17033813232,0.428555653053,0.999590142482,3.11540320624,1.0,616.163894698,1.37465963017
1994,2.50623554761,2.22190423363,25.9358377995,2.18594434826,0.467066961296,41.6316131698,3.16883656607,0.429400945765,0.999631763421,3.1167390983,1.0,616.167202243,1.38482148615
1995,2.50749243605,2.22387764029,25.9057596586,2.18555837513,0.467481791525,41.6399871948,3.16733034088,0.430248131416,0.999671284799,3.11808279323,1.0,616.170504138,1.39501894654
1996,2.50874932449,2.22585117663,25.8756980064,2.1851700443,0.467896649013,41.6483452405,3.16581944283,0.431097211315,0.999708684325,3.11943431989,1.0,616.173800376,1.40525305433
1997,2.51000621293,2.22782483087,25.8456529481,2.18477934887,0.466081476407,41.6566873036,3.16430385797,0.428169022632,0.999744133866,3.12089276799,1.0,616.162377493,1.41626649369
1998,2.51126310137,2.22979859119,25.8156245893,2.18438628187,0.466494405243,41.6650133803,3.16278357229,0.42901035083,0.999777195076,3.12225353068,1.0,616.165675507,1.42652713207
1999,2.51251998981,2.23177244571,25.7856130358,2.18399083636,0.466907353787,41.6733234671,3.16125857179,0.429853535226,0.999808069044,3.1236221748,1.0,616.168967826,1.43682760589
2000,2.51377687825,2.23374638252,25.7556183937,2.18359300537,0.467320319546,41.6816175605,3.15972884239,0.430698576858,0.999836732931,3.12499872933,1.0,616.172254446,1.44716901536
2001,2.51503376669,2.23572038965,25.7256407698,2.18319278189,0.465495341674,41.6898956568,3.15819437003,0.427750704905,0.999863267733,3.12645600285,1.0,616.160732849,1.4580939103
2002,2.51629065513,2.23769445506,25.6956802711,2.18279015892,0.465906358297,41.6981577527,3.15665514057,0.428587919382,0.999887422983,3.12784180109,1.0,616.164021193,1.46847035869
2003,2.51754754356,2.23966856671,25.6657370048,2.18238512945,0.466317384545,41.7064038444,3.15511113987,0.42942695268,0.99990930101,3.12923555914,1.0,616.167303799,1.47889106602
2004,2.518804432,2.24164271246,25.6358110789,2.18197768643,0.466728417895,41.7146339285,3.15356235374,0.430267805566,0.999928878413,3.13063730609,1.0,616.170580663,1.48935720698
2005,2.52006132044,2.24361688016,25.6059026014,2.18156782281,0.467139455814,41.7228480015,3.15200876797,0.431110478768,0.999946131664,3.13204707111,1.0,616.173851779,1.49986998171
2006,2.52131820888,2.24559105758,25.5760116809,2.18115553151,0.465302656869,41.7310460598,3.15045036831,0.428133342842,0.999961066387,3.13350396032,1.0,616.162237341,1.510719735
2007,2.52257509732,2.24756523248,25.5461384263,2.18074080545,0.465711720136,41.7392281,3.14888714049,0.428968075362,0.999973590548,3.1349229935,1.0,616.165510096,1.52127858087
2008,2.52383198576,2.24953939253,25.516282947,2.18032363753,0.466120780327,41.7473941184,3.14731907018,0.429804589205,0.999983721178,3.13635009385,1.0,616.168777064,1.53188763969
2009,2.5250888742,2.25151352538,25.4864453526,2.17990402063,0.466529834882,41.7555441117,3.14574614305,0.430642884824,0.999991434176,3.13778529064,1.0,616.172038241,1.54254821098
2010,2.52634576264,2.25348761862,25.4566257533,2.17948194761,0.466938881228,41.7636780764,3.14416834473,0.431482962632,0.999996705307,3.1392286132,1.0,616.175293621,1.553261627
2011,2.52760265108,2.25546165979,25.4268242596,2.17905741133,0.465090197413,41.7717960089,3.14258566082,0.428476604317,0.999999510568,3.14068449948,1.0,616.16358472,1.56406178263
2012,2.52885953952,2.25743563638,25.3970409824,2.17863040462,0.465497243638,41.7798979057,3.14099807687,0.429308629108,0.999999824495,3.1421371104,1.0,616.166841652,1.56675965446
2013,2.53011642796,2.25940953585,25.3672760329,2.17820092029,0.465904273958,41.7879837635,3.13940557842,0.430142396537,0.999997624884,3.14359789586,1.0,616.170092749,1.55593166159
2014,2.5313733164,2.26138334558,25.3375295229,2.17776895116,0.466311285775,41.7960535787,3.13780815097,0.430977906743,0.999992886912,3.14506688531,1.0,616.173338006,1.54504543045
2015,2.53263020483,2.26335705293,25.3078015645,2.17733449001,0.464452653811,41.804107348,3.13620578,0.427952250442,0.99998559638,3.14652007184,1.0,616.161525641,1.53427678441
2016,2.53388709327,2.2653306452,25.2780922701,2.17689752961,0.464857645217,41.8121450677,3.13459845095,0.428779636574,0.999975713832,3.1479983465,1.0,616.164772395,1.52332278298
2017,2.53514398171,2.26730410963,25.2484017527,2.17645806272,0.465262610391,41.8201667346,3.13298614922,0.429608725628,0.999963219362,3.14948487349,1.0,616.168013269,1.51230625855
2018,2.53640087015,2.26927743344,25.2187301255,2.17601608209,0.465667546707,41.8281723452,3.13136886021,0.430439517467,0.999948087549,3.15097968236,1.0,616.17124826,1.50122559027
2019,2.53765775859,2.27125060377,25.1890775024,2.17557158043,0.46607245153,41.836161896,3.12974656925,0.431272011911,0.999930292838,3.15248280272,1.0,616.174477362,1.49007910657
2020,2.53891464703,2.27322360772,25.1594439973,2.17512455047,0.464201823112,41.8441353836,3.12811926167,0.428217333271,0.9999098762,3.1539337647,1.0,616.162567222,1.47931253257
2021,2.54017153547,2.27519643237,25.1298297249,2.17467498489,0.464604682199,41.8520928047,3.12648692277,0.429041594296,0.999886694534,3.15544618178,1.0,616.165797732,1.4680844748
2022,2.54142842391,2.27716906471,25.1002348,2.17422287639,0.465007502017,41.8600341558,3.12484953779,0.429867517558,0.999860774002,3.15696695825,1.0,616.169022313,1.45678573254
2023,2.54268531235,2.27914149171,25.0706593381,2.17376821762,0.465410279902,41.8679594335,3.12320709198,0.430695102603,0.999832088436,3.15849612384,1.0,616.17224096,1.4454144284
2024,2.54394220079,2.28111370028,25.0411034548,2.17331100124,0.465813013184,41.8758686344,3.12155957053,0.431524348928,0.999800611527,3.16003370833,1.0,616.175453669,1.43396861957
2025,2.54519908923,2.28308567728,25.0115672664,2.17285121989,0.463930328136,41.8837617552,3.11990695862,0.428440735617,0.999766488039,3.16148174928,1.0,616.163444028,1.4231751701
2026,2.54645597766,2.28505740953,24.9820508895,2.1723888662,0.464330990445,41.8916387924,3.1182492414,0.429261640765,0.999729373575,3.16302863697,1.0,616.166658054,1.41163218541
2027,2.5477128661,2.2870288838,24.9525544411,2.17192393276,0.464731600331,41.8994997427,3.11658640397,0.430084166337,0.999689389336,3.16458399098,1.0,616.169866103,1.40000905862
2028,2.54896975454,2.28900008679,24.9230780386,2.17145641218,0.465132155094,41.9073446028,3.11491843142,0.430908311558,0.999646508388,3.16614784118,1.0,616.173068168,1.38830357864
2029,2.55022664298,2.2909710052,24.8936217999,2.17098629704,0.465532652027,41.9151733692,3.11324530882,0.431734075602,0.999600703656,3.1677202175,1.0,616.176264245,1.37651344915
2030,2.55148353142,2.29294162563,24.8641858433,2.17051357989,0.463637851555,41.9229860387,3.11156702118,0.428621632222,0.999552273474,3.16916461122,1.0,616.164153338,1.36566120953
2031,2.55274041986,2.29491193466,24.8347702874,2.1700382533,0.46403625238,41.9307826078,3.10988355352,0.429438949063,0.999500572168,3.17074629194,1.0,616.16735064,1.35375588414
2032,2.5539973083,2.29688191882,24.8053752515,2.16956030979,0.464434587515,41.9385630734,3.1081948908,0.430257843409,0.999445866119,3.17233654567,1.0,616.170541915,1.3417592558
2033,2.55525419674,2.29885156458,24.7760008549,2.1690797419,0.464832854226,41.9463274319,3.10650101797,0.431078314162,0.999388127611,3.17393540242,1.0,616.173727156,1.32966867412
2034,2.55651108518,2.30082085839,24.7466472179,2.16859654213,0.46523104977,41.9540756802,3.10480191996,0.431900360171,0.999327328784,3.17554289227,1.0,616.176906361,1.31748137581
2035,2.55776797362,2.30278978661,24.7173144606,2.16811070299,0.463324076517,41.9618078148,3.10309758164,0.428759208625,0.999263972687,3.17698288159,1.0,616.164692384,1.30653415138
2036,2.55902486206,2.30475833558,24.6880027041,2.16762221694,0.463720150935,41.9695238325,3.10138798788,0.429572703284,0.999197009655,3.17859967144,1.0,616.16787272,1.29421037673
2037,2.5602817505,2.30672649159,24.6587120695,2.16713107646,0.464116146289,41.9772237301,3.09967312353,0.430387731449,0.999126902759,3.18022514069,1.0,616.171046978,1.28178187206
2038,2.56153863893,2.30869424089,24.6294426787,2.16663727401,0.464512059811,41.9849075041,3.09795297338,0.431204291697,0.999053623488,3.18185931947,1.0,616.174215153,1.26924539871
2039,2.56279552737,2.31066156965,24.6001946536,2.16614080203,0.464907888721,41.9925751514,3.09622752223,0.432022382549,0.998977143178,3.18350223802,1.0,616.177377241,1.25659756528
2040,2.56405241581,2.31262846402,24.570968117,2.16564165295,0.462988686831,42.0002266686,3.09449675483,0.428852662391,0.998898222315,3.18493703344,1.0,616.165058353,1.24551309602
2041,2.56530930425,2.31459491011,24.5417631919,2.16513981917,0.463382369731,42.0078620524,3.0927606559,0.429662099776,0.998815301366,3.18658924167,1.0,616.168221478,1.23270306083
2042,2.56656619269,2.31656089395,24.5125800016,2.16463529312,0.46377596009,42.0154812997,3.09101921017,0.430473025613,0.99872909319,3.18825023529,1.0,616.171378474,1.21977179858
2043,2.56782308113,2.31852640155,24.4834186702,2.16412806717,0.464169455105,42.0230844071,3.0892724023,0.431285438152,0.998639568461,3.18992004458,1.0,616.174529337,1.20671526523
2044,2.56907996957,2.32049141887,24.4542793219,2.1636181337,0.462240037738,42.0306713714,3.08752021695,0.428097504731,0.99854774528,3.19134841037,1.0,616.162096544,1.19549970554
2045,2.57033685801,2.3224559318,24.4251620816,2.16310548508,0.462631367141,42.0382421894,3.08576263875,0.428901204368,0.998451553374,3.19302747819,1.0,616.165248383,1.1822566296
2046,2.57159374645,2.3244199262,24.3960670746,2.16259011367,0.463022593254,42.0457968578,3.08399965231,0.429706348399,0.998351956552,3.1947154066,1.0,616.168394049,1.16887646851
2047,2.57285063489,2.3263833879,24.3669944264,2.16207201179,0.463413713252,42.0533353734,3.0822312422,0.430512934803,0.998248924806,3.19641222593,1.0,616.171533536,1.15535432483
2048,2.57410752333,2.32834630265,24.3379442632,2.16155117178,0.463804724298,42.060857733,3.08045739298,0.431320961503,0.998142427978,3.19811796658,1.0,616.17466684,1.14168502066
2049,2.57536441176,2.33030865617,24.3089167116,2.16102758595,0.464195623548,42.0683639333,3.07867808918,0.432130426369,0.998032435761,3.19983265902,1.0,616.177793956,1.12786307407
2050,2.5766213002,2.33227043413,24.2799118987,2.16050124661,0.462251803114,42.0758539712,3.07689331531,0.428904059949,0.99792038926,3.20125456174,1.0,616.165259561,1.11633916973
2051,2.57787818864,2.33423162215,24.250929952,2.15997214604,0.462640507047,42.0833278434,3.07510305586,0.429704673802,0.997803376393,3.20297850407,1.0,616.168387518,1.10228242488
2052,2.57913507708,2.33619220582,24.2219709993,2.15944027654,0.463029091197,42.0907855468,3.07330729528,0.430506682954,0.997682776482,3.20471144229,1.0,616.171509247,1.08805685332
2053,2.58039196552,2.33815217066,24.1930351691,2.15890563037,0.463417552696,42.0982270782,3.07150601801,0.431310085004,0.997558558524,3.20645340691,1.0,616.174624742,1.07365562402
2054,2.58164885396,2.34011150215,24.1641225903,2.15836819977,0.463805888667,42.1056524344,3.06969920846,0.432114877494,0.997430691363,3.20820442851,1.0,616.177733998,1.05907145233
2055,2.5829057424,2.34207018573,24.1352333921,2.15782797701,0.461849681631,42.1130616122,3.06788685104,0.428860470357,0.997301043831,3.2096185604,1.0,616.165088922,1.04721478396
2056,2.58416263084,2.3440282068,24.1063677044,2.15728495432,0.462235797896,42.1204546084,3.06606893011,0.429656316711,0.9971658521,3.21137880167,1.0,616.168198921,1.03234213703
2057,2.58541951928,2.34598555069,24.0775256573,2.15673912391,0.462621780626,42.12783142,3.06424543002,0.430453510332,0.997026916695,3.21314814315,1.0,616.171302639,1.0172647734
2058,2.58667640772,2.3479422027,24.0487073817,2.156190478,0.463007626918,42.1351920437,3.0624163351,0.431252048493,0.996884205752,3.21492661544,1.0,616.174400073,1.00197334283
2059,2.58793329616,2.34989814809,24.0199130086,2.1556390088,0.463393333867,42.1425364765,3.06058162965,0.432051928413,0.996737687253,3.21671424924,1.0,616.177491217,0.986457782932
2060,2.58919018459,2.35185337205,23.9911426697,2.1550847085,0.46142469098,42.1498647151,3.05874129797,0.428769693941,0.996589719614,3.21811967654,1.0,616.164733453,0.974159105709
2061,2.59044707303,2.35380785976,23.9623964971,2.15452756927,0.461808154033,42.1571767565,3.05689532431,0.429560535238,0.996435563131,3.21991649235,1.0,616.167825238,0.958281371232
2062,2.59170396147,2.35576159632,23.9336746234,2.1539675833,0.462191469715,42.1644725975,3.05504369292,0.430352674846,0.996277501749,3.22172251194,1.0,616.170910692,0.942148912084
2063,2.59296084991,2.3577145668,23.9049771816,2.15340474273,0.462574635094,42.171752235,3.05318638802,0.431146109717,0.996115502731,3.22353776599,1.0,616.17398981,0.92574831355
2064,2.59421773835,2.35966675622,23.8763043052,2.15283903973,0.462957647233,42.1790156659,3.05132339383,0.431940836743,0.995949533184,3.22536228527,1.0,616.177062588,0.909064966273
2065,2.59547462679,2.36161814956,23.8476561282,2.15227046643,0.460976521058,42.1862628871,3.04945469452,0.428631007483,0.995782506123,3.22675803398,1.0,616.164190083,0.896170405716
2066,2.59673151523,2.36356873175,23.819032785,2.15169901497,0.461357265329,42.1934938955,3.04758027427,0.42941660619,0.995608575534,3.22859168979,1.0,616.167263398,0.879018418905
2067,2.59798840367,2.36551848767,23.7904344107,2.15112467747,0.461737848318,42.2007086881,3.04570011723,0.43020345337,0.995430574146,3.23043465206,1.0,616.170330331,0.861538193548
2068,2.59924529211,2.36746740217,23.7618611406,2.15054744605,0.462118267064,42.2079072617,3.04381420752,0.430991545652,0.995248468337,3.23228695156,1.0,616.173390877,0.843709240332
2069,2.60050218055,2.36941546004,23.7333131106,2.1499673128,0.4624985186,42.2150896133,3.04192252926,0.431780879607,0.995062224324,3.23414861913,1.0,616.176445031,0.82550887771
2070,2.60175906899,2.37136264603,23.7047904571,2.14938426984,0.460504863573,42.2222557398,3.04002506655,0.428443707508,0.994875378336,3.23553367311,1.0,616.163455686,0.811787883549
2071,2.60301595743,2.37330894484,23.6762933169,2.14879830924,0.460882823503,42.2294056381,3.03812180346,0.429223826392,0.994680840442,3.2374044234,1.0,616.166510273,0.792954330545
2072,2.60427284586,2.37525434115,23.6478218274,2.14820942308,0.46126060817,42.2365393052,3.03621272406,0.430005143067,0.994482061102,3.23928458187,1.0,616.169558426,0.797120043167
2073,2.6055297343,2.37719881955,23.6193761263,2.14761760344,0.461638214587,42.2436567381,3.03429781239,0.430787653845,0.994279005791,3.24117417934,1.0,616.172600141,0.816876759313
2074,2.60678662274,2.37914236462,23.5909563521,2.14702284238,0.462015639756,42.2507579337,3.03237705249,0.431571354975,0.994071639823,3.24307324669,1.0,616.175635412,0.837150892139
2075,2.60804351118,2.3810849609,23.5625626434,2.14642513195,0.460009412252,42.257842889,3.03045042836,0.428207111604,0.993864195327,3.24444654567,1.0,616.162527083,0.852073917381
2076,2.60930039962,2.38302659285,23.5341951396,2.14582446421,0.46038452233,42.264911601,3.02851792402,0.428981514008,0.993648192741,3.24635463314,1.0,616.16556268,0.873261167429
2077,2.61055728806,2.38496724493,23.5058539805,2.14522083119,0.460759443101,42.2719640666,3.02657952344,0.429757062723,0.993427773237,3.2482722294,1.0,616.168591792,0.895097416242
2078,2.6118141765,2.38690690152,23.4775393062,2.14461422493,0.461134171552,42.2790002829,3.02463521059,0.430533753744,0.993202901378,3.25019936529,1.0,616.171614414,0.91764782245
2079,2.61307106494,2.38884554698,23.4492512576,2.14400463746,0.461508704659,42.2860202468,3.02268496944,0.431311583004,0.992973541564,3.25213607175,1.0,616.17463054,0.940989161747
2080,2.61432795338,2.39078316561,23.4209899759,2.14339206079,0.461883039389,42.2930239553,3.02072878393,0.432090546374,0.992739658037,3.25408237977,1.0,616.177640167,0.965212951313
2081,2.61558484182,2.39271974168,23.3927556028,2.14277648694,0.459862057853,42.3000114055,3.01876663799,0.428689009866,0.992506349921,3.25544216386,1.0,616.164417377,0.982614100097
2082,2.61684173026,2.3946552594,23.3645482806,2.14215790792,0.460234049247,42.3069825944,3.01679851553,0.429458554071,0.992263403467,3.25739742666,1.0,616.167427184,1.00849755432
2083,2.61809861869,2.39658970295,23.336368152,2.14153631572,0.460605834194,42.313937519,3.01482440048,0.430229188038,0.992015823375,3.25936232849,1.0,616.170430449,1.03561335748
2084,2.61935550713,2.39852305647,23.3082153602,2.14091170235,0.460977409645,42.3208761763,3.01284427671,0.431000907385,0.991763573119,3.26133690028,1.0,616.173427166,1.06415940171
2085,2.62061239557,2.40045530404,23.280090049,2.14028405979,0.461348772542,42.3277985634,3.01085812812,0.431773707668,0.991506616016,3.26332117307,1.0,616.176417331,1.0943927776
2086,2.62186928401,2.40238642972,23.2519923625,2.13965338003,0.459315128605,42.3347046774,3.00886593859,0.42834567878,0.99125091116,3.26466675937,1.0,616.163071063,1.11588961355
2087,2.62312617245,2.4043164175,23.2239224456,2.13901965504,0.459684125268,42.3415945152,3.00686769196,0.429108983127,0.990984526119,3.26665990368,1.0,616.166061298,1.14965141421
2088,2.62438306089,2.40624525136,23.1958804435,2.13838287681,0.46005290131,42.348468074,3.00486337211,0.429873323988,0.990713321197,3.268662785,1.0,616.169044938,1.18634279271
2089,2.62563994933,2.4081729152,23.1678665019,2.1377430373,0.460421453657,42.3553253508,3.00285296287,0.430638696675,0.990437258935,3.27067543428,1.0,616.172021979,1.22690022747
2090,2.62689683777,2.41009939291,23.1398807671,2.13710012848,0.460789779225,42.3621663427,3.00083644808,0.431405096433,0.990156301713,3.27269788253,1.0,616.174992416,1.27289865195
2091,2.62815372621,2.41202466832,23.1119233857,2.13645414231,0.461157874925,42.3689910467,2.99881381157,0.432172518445,0.98987041175,3.27473016084,1.0,616.177956245,1.32740367789
2092,2.62941061465,2.41394872524,23.0839945052,2.13580507074,0.459109372574,42.3757994601,2.99678503716,0.428707741499,0.989586596291,3.27605928205,1.0,616.164490768,1.37059916086
2093,2.63066750309,2.4158715474,23.0560942732,2.13515290574,0.459475074486,42.3825915798,2.99475010867,0.429465554753,0.989290824804,3.27810034144,1.0,616.167454515,1.46728092656
2094,2.63192439153,2.41779311851,23.0282228381,2.13449763925,0.459840538463,42.389367403,2.9927090099,0.430224345631,0.988990003782,3.28015126521,0.0,0.0,0.0
2095,2.63318127996,2.41971342226,23.0003803485,2.13383926322,0.460205761398,42.3961269267,2.99066172465,0.430984109076,0.988684094664,3.28221208435,0.0,0.0,0.0
2096,2.6344381684,2.42163244227,22.972566954,2.13317776959,0.460570740177,42.4028701482,2.98860823672,0.431744839964,0.988373058722,3.28428282992,0.0,0.0,0.0
2097,2.63569505684,2.42355016211,22.9447828042,2.13251315031,0.458509495548,42.4095970645,2.9865485299,0.428254247706,0.988064949495,3.28559506812,0.0,0.0,0.0
2098,2.63695194528,2.42546656535,22.9170280495,2.13184539732,0.458872058323,42.4163076727,2.98448258798,0.4290053007,0.98774364439,3.28767448806,0.0,0.0,0.0
2099,2.63820883372,2.42738163548,22.8893028408,2.13117450255,0.459234368888,42.42300197,2.98241039474,0.429757276526,0.987417092494,3.28976386706,0.0,0.0,0.0
2100,2.63946572216,2.42929535597,22.8616073294,2.13050045795,0.459596424116,42.4296799536,2.98033193395,0.430510169827,0.987085254297,3.29186323606,0.0,0.0,0.0
2101,2.6407226106,2.43120771024,22.8339416673,2.12982325545,0.45995822087,42.4363416206,2.97824718941,0.431263975181,0.986748090124,3.29397262609,0.0,0.0,0.0
2102,2.64197949904,2.43311868169,22.8063060068,2.12914288698,0.460319756008,42.4429869682,2.97615614487,0.432018687099,0.986405560139,3.29609206825,0.0,0.0,0.0
2103,2.64323638748,2.43502825364,22.7787005009,2.12845934447,0.458243560666,42.4496159935,2.97405878412,0.428492010706,0.986066970385,3.29738459136,0.0,0.0,0.0
2104,2.64449327592,2.43693640942,22.7511253031,2.12777261986,0.458602653043,42.4562286937,2.97195509093,0.429236940451,0.985713690021,3.29951258886,0.0,0.0,0.0
2105,2.64575016436,2.43884313227,22.7235805672,2.12708270508,0.458961475763,42.462825066,2.96984504906,0.429982732049,0.985354920053,3.30165066905,0.0,0.0,0.0
2106,2.64700705279,2.44074840544,22.6960664479,2.12638959207,0.459320025668,42.4694051076,2.9677286423,0.430729379784,0.984990619856,3.30379886291,0.0,0.0,0.0
2107,2.64826394123,2.4426522121,22.6685831001,2.12569327275,0.459678299595,42.4759688157,2.96560585441,0.431476877875,0.984620748641,3.30595720147,0.0,0.0,0.0
2108,2.64952082967,2.44455453541,22.6411306794,2.12499373907,0.457589292841,42.4825161874,2.96347666918,0.427925163437,0.984255873809,3.30722988622,0.0,0.0,0.0
2109,2.65077771811,2.44645535847,22.6137093419,2.12429098295,0.457945102564,42.48904722,2.96134107037,0.428662818597,0.983874841845,3.30939664674,0.0,0.0,0.0
2110,2.65203460655,2.44835466436,22.5863192442,2.12358499633,0.45830062829,42.4955619108,2.95919904177,0.429401279517,0.983488111857,3.31157358052,0.0,0.0,0.0
2111,2.65329149499,2.4502524361,22.5589605434,2.12287577116,0.458655866844,42.5020602569,2.95705056716,0.430140540193,0.983095642265,3.31376071844,0.0,0.0,0.0
2112,2.65454838343,2.45214865669,22.5316333972,2.12216329936,0.459010815043,42.5085422555,2.95489563034,0.430880594557,0.982697391328,3.31595809144,0.0,0.0,0.0
2113,2.65580527187,2.4540433091,22.5043379638,2.12144757289,0.459365469697,42.515007904,2.95273421508,0.431621436472,0.982293317143,3.31816573051,0.0,0.0,0.0
2114,2.65706216031,2.45593637622,22.477074402,2.12072858369,0.457261432844,42.5214571995,2.9505663052,0.428034423519,0.981895474783,3.31941511544,0.0,0.0,0.0
2115,2.65831904875,2.45782784096,22.4498428709,2.12000632371,0.45761359745,42.5278901393,2.9483918845,0.428765327684,0.981479730985,3.32163102484,0.0,0.0,0.0
2116,2.65957593719,2.45971768615,22.4226435304,2.11928078489,0.457965460518,42.5343067207,2.94621093678,0.429496974821,0.981058033084,3.3238572265,0.0,0.0,0.0
2117,2.66083282562,2.4616058946,22.3954765409,2.1185519592,0.458317018848,42.540706941,2.94402344587,0.43022935858,0.980630338385,3.32609375123,0.0,0.0,0.0
2118,2.66208971406,2.46349244908,22.3683420631,2.1178198386,0.458668269232,42.5470907973,2.9418293956,0.430962472545,0.980196604036,3.32834062992,0.0,0.0,0.0
2119,2.6633466025,2.46537733233,22.3412402586,2.11708441504,0.459019208455,42.5534582871,2.9396287698,0.431696310236,0.979756787023,3.3305978935,0.0,0.0,0.0
2120,2.66460349094,2.46726052703,22.3141712892,2.1163456805,0.456900103045,42.5598094075,2.93742155232,0.428074424916,0.979324561376,3.33182190442,0.0,0.0,0.0
2121,2.66586037938,2.46914201587,22.2871353174,2.11560362696,0.457248526902,42.5661441559,2.93520772701,0.428798235311,0.978872550812,3.33408726744,0.0,0.0,0.0
2122,2.66711726782,2.47102178145,22.2601325063,2.11485824638,0.45759663164,42.5724625296,2.93298727775,0.429522724929,0.978414322883,3.33636303891,0.0,0.0,0.0
2123,2.66837415626,2.47289980637,22.2331630194,2.11410953077,0.457944414032,42.5787645259,2.93076018842,0.430247887082,0.977949833789,3.33864924957,0.0,0.0,0.0
2124,2.6696310447,2.47477607319,22.2062270207,2.1133574721,0.45829187085,42.5850501421,2.9285264429,0.430973715018,0.977479039573,3.34094593021,0.0,0.0,0.0
2125,2.67088793314,2.47665056442,22.1793246751,2.11260206239,0.458638998856,42.5913193755,2.92628602511,0.431700201914,0.977001896123,3.34325311168,0.0,0.0,0.0
2126,2.67214482158,2.47852326255,22.1524561475,2.11184329363,0.456504790547,42.5975722235,2.92403891896,0.428043907741,0.976533838581,3.34444955812,0.0,0.0,0.0
2127,2.67340171002,2.48039415004,22.1256216038,2.11108115784,0.456849378432,42.6038086834,2.9217851084,0.428760283345,0.97604396273,3.34676464741,0.0,0.0,0.0
2128,2.67465859846,2.48226320929,22.0988212102,2.11031564704,0.457193629585,42.6100287526,2.91952457737,0.429477273551,0.975547599116,3.34909025824,0.0,0.0,0.0
2129,2.67591548689,2.48413042268,22.0720551336,2.10954675326,0.457537540761,42.6162324283,2.91725730985,0.430194871342,0.975044702845,3.35142642121,0.0,0.0,0.0
2130,2.67717237533,2.48599577258,22.0453235413,2.10877446854,0.45788110871,42.6224197081,2.91498328983,0.430913069636,0.97453522887,3.353773167,0.0,0.0,0.0
2131,2.67842926377,2.48785924129,22.0186266011,2.10799878493,0.458224330174,42.6285905891,2.91270250129,0.431631861283,0.974019131992,3.35613052632,0.0,0.0,0.0
2132,2.67968615221,2.48972081109,21.9919644816,2.10721969449,0.456074988871,42.6347450689,2.91041492829,0.427941659486,0.973513763163,3.35729709382,0.0,0.0,0.0
2133,2.68094304065,2.49158046423,21.9653373518,2.10643718927,0.456415646053,42.6408831447,2.90812055484,0.428650261658,0.972984380372,3.35966214707,0.0,0.0,0.0
2134,2.68219992909,2.49343818293,21.9387453811,2.10565126137,0.456755948878,42.6470048141,2.90581936503,0.429359413033,0.97244823236,3.36203783144,0.0,0.0,0.0
2135,2.68345681753,2.49529394936,21.9121887397,2.10486190287,0.457095894081,42.6531100742,2.90351134295,0.430069106276,0.971905273156,3.36442417739,0.0,0.0,0.0
2136,2.68471370597,2.49714774569,21.8856675982,2.10406910587,0.457435478393,42.6591989227,2.90119647269,0.430779333982,0.971355456641,3.36682121541,0.0,0.0,0.0
2137,2.68597059441,2.49899955403,21.8591821278,2.10327286247,0.457774698539,42.6652713568,2.89887473839,0.431490088684,0.970798736549,3.36922897608,0.0,0.0,0.0
2138,2.68722748285,2.50084935646,21.8327325003,2.10247316482,0.455610198535,42.6713273741,2.89654612422,0.427766518474,0.970254548723,3.37036321782,0.0,0.0,0.0
2139,2.68848437129,2.50269713505,21.8063188878,2.10167000503,0.455946830869,42.6773669719,2.89421061435,0.428467011598,0.969683974884,3.37277843452,0.0,0.0,0.0
2140,2.68974125972,2.50454287181,21.7799414634,2.10086337527,0.45628309122,42.6833901476,2.891868193,0.429167987845,0.969106351417,3.37520438804,0.0,0.0,0.0
2141,2.69099814816,2.50638654874,21.7536004002,2.1000532677,0.456618976307,42.6893968987,2.88951884441,0.42986943957,0.968521631298,3.37764110864,0.0,0.0,0.0
2142,2.6922550366,2.5082281478,21.7272958724,2.09923967449,0.456954482843,42.6953872226,2.88716255283,0.430571359061,0.967929767361,3.38008862662,0.0,0.0,0.0
2143,2.69351192504,2.51006765093,21.7010280543,2.09842258783,0.457289607537,42.7013611169,2.88479930257,0.43127373854,0.967330712298,3.38254697233,0.0,0.0,0.0
2144,2.69476881348,2.51190504003,21.674797121,2.09760199993,0.45510992764,42.7073185788,2.88242907794,0.427517377299,0.966746172361,3.38364630003,0.0,0.0,0.0
2145,2.69602570192,2.51374029697,21.6486032481,2.09677790302,0.45544244166,42.713259606,2.88005186332,0.428209429432,0.966132681834,3.38611183803,0.0,0.0,0.0
2146,2.69728259036,2.51557340359,21.6224466117,2.09595028934,0.455774566083,42.7191841959,2.87766764307,0.428901898028,0.965511850475,3.38858821423,0.0,0.0,0.0
2147,2.6985394788,2.51740434172,21.5963273886,2.09511915113,0.456106297616,42.725092346,2.87527640162,0.429594775145,0.964883630236,3.39107545866,0.0,0.0,0.0
2148,2.69979636724,2.51923309313,21.5702457559,2.09428448067,0.456437632957,42.7309840537,2.87287812344,0.430288052773,0.964247972935,3.39357360135,0.0,0.0,0.0
2149,2.70105325568,2.52105963959,21.5442018915,2.09344627025,0.456768568801,42.7368593165,2.870472793,0.430981722839,0.963604830253,3.3960826724,0.0,0.0,0.0
2150,2.70231014412,2.52288396282,21.5181959737,2.09260451217,0.457099101839,42.742718132,2.86806039483,0.431675777199,0.962954153741,3.39860270196,0.0,0.0,0.0
2151,2.70356703256,2.52470604452,21.4922281815,2.09175919877,0.454901995483,42.7485604977,2.8656409135,0.427876469753,0.962320209896,3.39966031817,0.0,0.0,0.0
2152,2.70482392099,2.52652586637,21.4662986943,2.09091032238,0.455229891312,42.754386411,2.86321433361,0.428560102614,0.961654398065,3.40218722468,0.0,0.0,0.0
2153,2.70608080943,2.52834341002,21.4404076921,2.09005787538,0.455557376654,42.7601958696,2.86078063979,0.429244076575,0.96098089856,3.40472509571,0.0,0.0,0.0
2154,2.70733769787,2.53015865708,21.4145553554,2.08920185014,0.455884448196,42.7659888708,2.85833981673,0.429928383345,0.960299662219,3.407273961,0.0,0.0,0.0
2155,2.70859458631,2.53197158915,21.3887418655,2.08834223907,0.456211102623,42.7717654124,2.85589184914,0.430613014564,0.959610639754,3.40983385035,0.0,0.0,0.0
2156,2.70985147475,2.53378218779,21.3629674039,2.08747903459,0.456537336613,42.7775254917,2.8534367218,0.431297961809,0.958913781754,3.41240479359,0.0,0.0,0.0
2157,2.71110836319,2.53559043455,21.3372321529,2.08661222916,0.454325018283,42.7832691064,2.85097441951,0.427467148825,0.958236051486,3.41342143736,0.0,0.0,0.0
2158,2.71236525163,2.53739631094,21.3115362953,2.08574181524,0.454648593732,42.7889962541,2.84850492711,0.428141622973,0.957523448,3.41599893173,0.0,0.0,0.0
2159,2.71362214007,2.53919979844,21.2858800143,2.08486778533,0.454971741143,42.7947069322,2.84602822951,0.428816370449,0.956802851727,3.41858748155,0.0,0.0,0.0
2160,2.71487902851,2.54100087854,21.260263494,2.08399013194,0.455294457195,42.8004011383,2.84354431166,0.42949138269,0.956074212575,3.42118711621,0.0,0.0,0.0
2161,2.71613591695,2.54279953265,21.2346869186,2.08310884761,0.455616738563,42.8060788701,2.84105315853,0.430166651069,0.95533748033,3.42379786515,0.0,0.0,0.0
2162,2.71739280539,2.54459574221,21.2091504733,2.0822239249,0.455938581918,42.8117401252,2.83855475518,0.430842166891,0.954592604668,3.42641975786,0.0,0.0,0.0
2163,2.71864969382,2.5463894886,21.1836543435,2.08133535641,0.456259983923,42.817384901,2.83604908669,0.4315179214,0.953839535149,3.42905282384,0.0,0.0,0.0
2164,2.71990658226,2.54818075319,21.1581987154,2.08044313474,0.454030209764,42.8230131953,2.83353613821,0.427645546102,0.953108252476,3.4300204119,0.0,0.0,0.0
2165,2.7211634707,2.54996951733,21.1327837756,2.07954725255,0.454348928499,42.8286250056,2.83101589492,0.428310749653,0.952338705502,3.43265963748,0.0,0.0,0.0
2166,2.72242035914,2.55175576233,21.1074097112,2.07864770249,0.45466719838,42.8342203295,2.82848834208,0.428976149701,0.95156080364,3.43531003249,0.0,0.0,0.0
2167,2.72367724758,2.5535394695,21.0820767101,2.07774447727,0.454985016074,42.8397991647,2.825953465,0.429641737362,0.950774495811,3.43797162596,0.0,0.0,0.0
2168,2.72493413602,2.55532062012,21.0567849605,2.0768375696,0.455302378246,42.8453615088,2.82341124902,0.430307503691,0.949979730832,3.44064444694,0.0,0.0,0.0
2169,2.72619102446,2.55709919543,21.0315346513,2.07592697223,0.455619281556,42.8509073595,2.82086167957,0.430973439676,0.949176457421,3.44332852453,0.0,0.0,0.0
2170,2.7274479129,2.55887517668,21.0063259719,2.07501267796,0.453374286052,42.8564367143,2.81830474212,0.427071027821,0.94839787752,3.44424826911,0.0,0.0,0.0
2171,2.72870480134,2.56064854508,20.9811591123,2.07409467958,0.453688486459,42.8619495709,2.8157404222,0.427726376572,0.947577491761,3.44693810717,0.0,0.0,0.0
2172,2.72996168978,2.56241928181,20.9560342628,2.07317296995,0.454002220595,42.867445927,2.81316870542,0.428381853442,0.946748433509,3.44963919263,0.0,0.0,0.0
2173,2.73121857822,2.56418736805,20.9309516147,2.07224754192,0.454315485124,42.8729257803,2.81058957742,0.42903744931,0.945910650884,3.45235155402,0.0,0.0,0.0
2174,2.73247546666,2.56595278496,20.9059113594,2.07131838841,0.454628276707,42.8783891284,2.80800302392,0.429693154989,0.945064091912,3.45507521992,0.0,0.0,0.0
2175,2.73373235509,2.56771551365,20.8809136891,2.07038550235,0.454940592002,42.883835969,2.80540903073,0.430348961233,0.944208704533,3.45781021894,0.0,0.0,0.0
2176,2.73498924353,2.56947553525,20.8559587966,2.06944887672,0.45525242766,42.8892662997,2.80280758368,0.431004858733,0.9433444366,3.46055657971,0.0,0.0,0.0
2177,2.73624613197,2.57123283084,20.8310468749,2.0685085045,0.452989973702,42.8946801184,2.80019866869,0.42706248618,0.942508076896,3.46141891605,0.0,0.0,0.0
2178,2.73750302041,2.57298738151,20.806178118,2.06756437875,0.45329908373,42.9000774226,2.79758227176,0.427707736245,0.94162593753,3.46417055554,0.0,0.0,0.0
2179,2.73875990885,2.5747391683,20.7813527201,2.06661649253,0.453607706829,42.9054582101,2.79495837893,0.428353036716,0.940734750289,3.46693354105,0.0,0.0,0.0
2180,2.74001679729,2.57648817227,20.7565708762,2.06566483895,0.453915839659,42.9108224786,2.79232697635,0.428998378188,0.939834462486,3.4697079006,0.0,0.0,0.0
2181,2.74127368573,2.57823437441,20.7318327815,2.06470941115,0.454223478876,42.9161702259,2.78968805021,0.429643751193,0.938925021364,3.47249366223,0.0,0.0,0.0
2182,2.74253057417,2.57997775575,20.707138632,2.06375020232,0.454530621134,42.9215014495,2.78704158678,0.430289146202,0.938006374091,3.47529085401,0.0,0.0,0.0
2183,2.74378746261,2.58171829727,20.6824886243,2.06278720567,0.454837263083,42.9268161474,2.78438757243,0.430934553627,0.937078467768,3.47809950405,0.0,0.0,0.0
2184,2.74504435105,2.58345597994,20.6578829554,2.06182041446,0.452557359355,42.9321143172,2.78172599357,0.426953116671,0.936182009925,3.47889951107,0.0,0.0,0.0
2185,2.74630123949,2.58519078471,20.6333218228,2.06084982199,0.452861254085,42.9373959567,2.77905683671,0.427587826292,0.935235460876,3.48171290346,0.0,0.0,0.0
2186,2.74755812792,2.58692269252,20.6088054246,2.05987542159,0.45316464134,42.9426610636,2.77638008845,0.428222508267,0.934279482551,3.48453773116,0.0,0.0,0.0
2187,2.74881501636,2.58865168431,20.5843339595,2.05889720664,0.453467517778,42.9479096357,2.77369573544,0.428857152925,0.933314021578,3.48737402158,0.0,0.0,0.0
2188,2.7500719048,2.59037774097,20.5599076267,2.05791517056,0.453769880056,42.9531416708,2.77100376443,0.429491750537,0.932339024536,3.49022180213,0.0,0.0,0.0
2189,2.75132879324,2.5921008434,20.5355266258,2.0569293068,0.454071724827,42.9583571666,2.76830416226,0.430126291317,0.931354437949,3.49308110027,0.0,0.0,0.0
2190,2.75258568168,2.59382097249,20.5111911571,2.05593960887,0.454373048741,42.963556121,2.76559691585,0.430760765415,0.930360208295,3.49595194348,0.0,0.0,0.0
2191,2.75384257012,2.5955381091,20.4869014214,2.05494607031,0.452075712209,42.9687385317,2.7628820122,0.426741224472,0.929401336748,3.49668433205,0.0,0.0,0.0
2192,2.75509945856,2.59725223408,20.4626576199,2.05394868471,0.452374268512,42.9739043966,2.7601594384,0.427364960594,0.928387683123,3.49955932122,0.0,0.0,0.0
2193,2.756356347,2.59896332829,20.4384599545,2.05294744571,0.452672296932,42.9790537133,2.75742918164,0.427988590856,0.927364213712,3.50244582452,0.0,0.0,0.0
2194,2.75761323544,2.60067137254,20.4143086275,2.05194234698,0.45296979413,42.9841864799,2.7546912292,0.428612105349,0.926330874602,3.50534386865,0.0,0.0,0.0
2195,2.75887012388,2.60237634766,20.3902038419,2.05093338226,0.453266756763,42.9893026939,2.75194556843,0.429235494103,0.925287611844,3.50825348032,0.0,0.0,0.0
2196,2.76012701232,2.60407823445,20.366145801,2.04992054531,0.453563181489,42.9944023534,2.7491921868,0.429858747092,0.924234371465,3.51117468624,0.0,0.0,0.0
2197,2.76138390075,2.60577701371,20.3421347087,2.04890382995,0.453859064964,42.9994854561,2.74643107187,0.430481854235,0.923171099465,3.51410751318,0.0,0.0,0.0
2198,2.76264078919,2.60747266622,20.3181707695,2.04788323006,0.454154403839,43.0045519999,2.74366221129,0.43110480539,0.922097741824,3.51705198792,0.0,0.0,0.0
2199,2.76389767763,2.60916517276,20.2942541884,2.04685873955,0.451837417825,43.0096019827,2.74088559282,0.42703757311,0.92106403064,3.51770290208,0.0,0.0,0.0
2200,2.76515456607,2.61085451409,20.2703851708,2.04583035239,0.452129966424,43.0146354022,2.7381012043,0.427649728596,0.919970339727,3.52065079377,0.0,0.0,0.0
2201,2.76641145451,2.61254067096,20.2465639227,2.04479806261,0.45242196356,43.0196522563,2.73530903369,0.428261689909,0.918866388162,3.52361029254,0.0,0.0,0.0
2202,2.76766834295,2.61422362413,20.2227906507,2.04376186427,0.452713405901,43.024652543,2.73250906906,0.428873446864,0.917752121635,3.52658142428,0.0,0.0,0.0
2203,2.76892523139,2.61590335433,20.1990655617,2.0427217515,0.45300429011,43.02963626,2.72970129856,0.429484989223,0.916627485836,3.52956421489,0.0,0.0,0.0
2204,2.77018211983,2.61757984229,20.1753888633,2.04167771847,0.45329461285,43.0346034054,2.72688571047,0.430096306689,0.915492426452,3.53255869027,0.0,0.0,0.0
2205,2.77143900827,2.61925306874,20.1517607636,2.04062975943,0.453584370783,43.0395539769,2.72406229316,0.430707388914,0.91434688918,3.53556487638,0.0,0.0,0.0
2206,2.77269589671,2.62092301438,20.1281814709,2.03957786864,0.451250014015,43.0444879724,2.72123103513,0.426604225041,0.913245797762,3.53613554948,0.0,0.0,0.0
2207,2.77395278515,2.62258965993,20.1046511945,2.03852204046,0.451536964,43.04940539,2.71839192497,0.427204494101,0.91207913309,3.53914440826,0.0,0.0,0.0
2208,2.77520967359,2.62425298609,20.0811701438,2.03746226929,0.451823342478,43.0543062274,2.7155449514,0.427804490827,0.910901814132,3.54216492712,0.0,0.0,0.0
2209,2.77646656202,2.62591297356,20.0577385289,2.03639854957,0.452109146125,43.0591904827,2.71269010325,0.428404204843,0.9097137864,3.54519713096,0.0,0.0,0.0
2210,2.77772345046,2.62756960302,20.0343565604,2.03533087584,0.452394371618,43.0640581537,2.70982736946,0.429003625721,0.908514995427,3.54824104472,0.0,0.0,0.0
2211,2.7789803389,2.62922285517,20.0110244491,2.03425924265,0.452679015631,43.0689092383,2.70695673909,0.429602742979,0.907305386779,3.55129669337,0.0,0.0,0.0
2212,2.78023722734,2.63087271067,19.9877424068,2.03318364464,0.452963074837,43.0737437346,2.70407820134,0.430201546084,0.906084906055,3.55436410185,0.0,0.0,0.0
2213,2.78149411578,2.63251915022,19.9645106453,2.03210407652,0.453246545911,43.0785616404,2.70119174549,0.430800024449,0.904853498893,3.55744329515,0.0,0.0,0.0
2214,2.78275100422,2.63416215448,19.9413293772,2.03102053302,0.450892626577,43.0833629538,2.69829736099,0.426651595373,0.903671815642,3.55791710565,0.0,0.0,0.0
2215,2.78400789266,2.63580170413,19.9181988155,2.02993300898,0.45117327021,43.0881476726,2.69539503738,0.427239228968,0.902418363636,3.56099805924,0.0,0.0,0.0
2216,2.7852647811,2.63743777983,19.8951191736,2.02884149927,0.451453319204,43.0929157949,2.69248476435,0.427826501963,0.901153807938,3.56409073478,0.0,0.0,0.0
2217,2.78652166954,2.63907036225,19.8720906655,2.02774599883,0.451732770248,43.0976673186,2.6895665317,0.428413403768,0.899878094135,3.5671951561,0.0,0.0,0.0
2218,2.78777855798,2.64069943205,19.8491135055,2.02664650269,0.452011620034,43.1024022417,2.68664032938,0.428999923739,0.898591167878,3.57031134703,0.0,0.0,0.0
2219,2.78903544642,2.6423249699,19.8261879087,2.02554300592,0.452289865251,43.1071205622,2.68370614744,0.429586051186,0.897292974881,3.57343933143,0.0,0.0,0.0
2220,2.79029233485,2.64394695645,19.8033140902,2.02443550365,0.45256750259,43.1118222782,2.68076397611,0.430171775367,0.895983460932,3.57657913314,0.0,0.0,0.0
2221,2.79154922329,2.64556537238,19.780492266,2.02332399111,0.452844528739,43.1165073875,2.67781380571,0.430757085493,0.894662571895,3.57973077605,0.0,0.0,0.0
2222,2.79280611173,2.64718019833,19.7577226523,2.02220846357,0.450471110367,43.1211758883,2.67485562672,0.42656476839,0.893397290527,3.58009848192,0.0,0.0,0.0
2223,2.79406300017,2.64879141498,19.735005466,2.02108891638,0.450745291378,43.1258277784,2.67188942976,0.427139216584,0.892053442102,3.58325085881,0.0,0.0,0.0
2224,2.79531988861,2.65039900298,19.7123409241,2.01996534496,0.451018854902,43.1304630561,2.6689152056,0.427713216222,0.890698041399,3.58641500022,0.0,0.0,0.0
2225,2.79657677705,2.652002943,19.6897292444,2.01883774481,0.451291797649,43.1350817193,2.66593294512,0.428286756528,0.889331034383,3.58959092872,0.0,0.0,0.0
2226,2.79783366549,2.65360321572,19.667170645,2.01770611148,0.451564116329,43.139683766,2.66294263937,0.42885982668,0.88795236712,3.59277866686,0.0,0.0,0.0
2227,2.79909055393,2.65519980179,19.6446653444,2.01657044062,0.451835807652,43.1442691943,2.65994427955,0.429432415809,0.886561985785,3.59597823722,0.0,0.0,0.0
2228,2.80034744237,2.65679268189,19.6222135616,2.01543072794,0.452106868329,43.1488380022,2.65693785699,0.430004513,0.885159836665,3.59918966235,0.0,0.0,0.0
2229,2.80160433081,2.65838183669,19.5998155161,2.01428696921,0.452377295073,43.1533901879,2.65392336318,0.430576107292,0.883745866166,3.60241296485,0.0,0.0,0.0
2230,2.80286121925,2.65996724688,19.5774714278,2.01313916031,0.449984454725,43.1579257493,2.65090078977,0.426341377655,0.88239409376,3.60266444607,0.0,0.0,0.0
2231,2.80411810769,2.66154889314,19.5551815169,2.01198729717,0.450252020508,43.1624446846,2.64787012855,0.426902107748,0.880956258504,3.60588732807,0.0,0.0,0.0
2232,2.80537499612,2.66312675616,19.5329460043,2.01083137581,0.450518946284,43.1669469918,2.64483137146,0.427462301925,0.879506425785,3.60912199517,0.0,0.0,0.0
2233,2.80663188456,2.66470081663,19.5107651111,2.00967139232,0.450785228787,43.1714326691,2.64178451063,0.428021949261,0.878044542281,3.61236846843,0.0,0.0,0.0
2234,2.807888773,2.66627105526,19.4886390588,2.00850734288,0.451050864751,43.1759017145,2.63872953831,0.428581038788,0.876570554813,3.61562676894,0.0,0.0,0.0
2235,2.80914566144,2.66783745275,19.4665680696,2.00733922374,0.451315850913,43.1803541261,2.63566644694,0.429139559495,0.875084410359,3.61889691776,0.0,0.0,0.0
2236,2.81040254988,2.66939998981,19.4445523658,2.00616703125,0.45158018401,43.1847899021,2.6325952291,0.429697500328,0.87358605605,3.62217893597,0.0,0.0,0.0
2237,2.81165943832,2.67095864717,19.4225921703,2.00499076182,0.45184386078,43.1892090405,2.62951587756,0.430254850191,0.872075439188,3.62547284465,0.0,0.0,0.0
2238,2.81291632676,2.67251340556,19.4006877063,2.00381041195,0.449431689378,43.1936115395,2.62642838524,0.425979280506,0.870634435806,3.62559699583,0.0,0.0,0.0
2239,2.8141732152,2.67406424571,19.3788391974,2.00262597824,0.449692491325,43.1979973972,2.62333274524,0.426525779189,0.86909906508,3.62888918489,0.0,0.0,0.0
2240,2.81543010364,2.67561114837,19.3570468678,2.00143745736,0.449952631112,43.2023666119,2.62022895082,0.427071655487,0.867551257993,3.63219315442,0.0,0.0,0.0
2241,2.81668699208,2.6771540943,19.3353109418,2.00024484606,0.450212105502,43.2067191815,2.61711699542,0.427616898362,0.865990962304,3.63550892377,0.0,0.0,0.0
2242,2.81794388052,2.67869306426,19.3136316443,1.9990481412,0.450470911261,43.2110551043,2.61399687264,0.428161496737,0.864418125966,3.6388365123,0.0,0.0,0.0
2243,2.81920076895,2.68022803903,19.2920092005,1.9978473397,0.450729045156,43.2153743784,2.61086857629,0.428705439493,0.862832697134,3.64217593933,0.0,0.0,0.0
2244,2.82045765739,2.68175899939,19.270443836,1.9966424386,0.450986503956,43.219677002,2.60773210033,0.429248715473,0.861234624172,3.64552722419,0.0,0.0,0.0
2245,2.82171454583,2.68328592615,19.2489357767,1.99543343502,0.451243284432,43.2239629733,2.60458743891,0.429791313483,0.859623855659,3.6488903862,0.0,0.0,0.0
2246,2.82297143427,2.68480880012,19.227485249,1.99422032615,0.451499383357,43.2282322904,2.60143458637,0.430333222288,0.858000340396,3.65226544468,0.0,0.0,0.0
2247,2.82422832271,2.68632760211,19.2060924797,1.9930031093,0.449065780894,43.2324849516,2.59827353721,0.426008346908,0.856454691795,3.65223497173,0.0,0.0,0.0
2248,2.82548521115,2.68784231297,19.1847576957,1.99178178185,0.449318990818,43.2367209551,2.59510428615,0.426539414716,0.854805438758,3.65560669807,0.0,0.0,0.0
2249,2.82674209959,2.68935291355,19.1634811245,1.99055634131,0.449571513637,43.2409402989,2.59192682807,0.427069763744,0.853143269191,3.65899018871,0.0,0.0,0.0
2250,2.82799898803,2.6908593847,19.1422629939,1.98932678524,0.449823346152,43.2451429815,2.58874115806,0.42759938284,0.851468132589,3.66238546096,0.0,0.0,0.0
2251,2.82925587647,2.69236170732,19.121103532,1.98809311134,0.450074485167,43.2493290009,2.58554727141,0.428128260817,0.8497799787,3.66579253212,0.0,0.0,0.0
2252,2.83051276491,2.69385986228,19.1000029672,1.98685531737,0.450324927489,43.2534983555,2.58234516357,0.428656386453,0.848078757538,3.66921141947,0.0,0.0,0.0
2253,2.83176965335,2.6953538305,19.0789615285,1.9856134012,0.450574669924,43.2576510434,2.57913483022,0.429183748492,0.846364419385,3.67264214027,0.0,0.0,0.0
2254,2.83302654178,2.69684359291,19.0579794448,1.98436736083,0.450823709286,43.2617870628,2.57591626722,0.429710335641,0.844636914801,3.67608471178,0.0,0.0,0.0
2255,2.83428343022,2.69832913045,19.0370569457,1.98311719431,0.451072042388,43.2659064121,2.57268947065,0.430236136577,0.84289619463,3.67953915124,0.0,0.0,0.0
2256,2.83554031866,2.69981042407,19.016194261,1.98186289982,0.448617153117,43.2700090895,2.56945443677,0.425863971294,0.841242715723,3.67933719013,0.0,0.0,0.0
2257,2.8367972071,2.70128745476,18.9953916207,1.98060447565,0.448862585643,43.2740950932,2.56621116207,0.426378961259,0.839475313839,3.68278645417,0.0,0.0,0.0
2258,2.83805409554,2.70276020351,18.9746492553,1.97934192018,0.449107306656,43.2781644215,2.56295964322,0.426893137421,0.83769453242,3.68624742825,0.0,0.0,0.0
2259,2.83931098398,2.70422865133,18.9539673954,1.97807523189,0.449351313001,43.2822170727,2.55969987711,0.42740648856,0.835900323264,3.68972012726,0.0,0.0,0.0
2260,2.84056787242,2.70569277925,18.933346272,1.97680440937,0.449594601525,43.2862530451,2.55643186086,0.427919003428,0.834092638486,3.69320456607,0.0,0.0,0.0
2261,2.84182476086,2.70715256834,18.9127861166,1.97552945132,0.44983716908,43.2902723369,2.55315559178,0.428430670744,0.832271430531,3.69670075954,0.0,0.0,0.0
2262,2.8430816493,2.70860799965,18.8922871605,1.97425035656,0.450079012522,43.2942749465,2.5498710674,0.4289414792,0.830436652184,3.70020872246,0.0,0.0,0.0
2263,2.84433853774,2.7100590543,18.8718496358,1.97296712399,0.450320128709,43.2982608722,2.54657828547,0.429451417456,0.828588256571,3.70372846964,0.0,0.0,0.0
2264,2.84559542618,2.71150571338,18.8514737745,1.97167975264,0.450560514503,43.3022301122,2.54327724396,0.429960474143,0.826726197171,3.70726001586,0.0,0.0,0.0
2265,2.84685231462,2.71294795805,18.8311598091,1.97038824165,0.448084503155,43.3061826649,2.53996794107,0.425543174175,0.824962095366,3.7068676801,0.0,0.0,0.0
2266,2.84810920305,2.71438576945,18.8109079722,1.96909259026,0.448321979513,43.3101185287,2.5366503752,0.426041470207,0.823072463916,3.71039193993,0.0,0.0,0.0
2267,2.84936609149,2.71581912878,18.7907184968,1.96779279784,0.448558720544,43.3140377018,2.53332454499,0.426538859207,0.821169012563,3.71392781082,0.0,0.0,0.0
2268,2.85062297993,2.71724801725,18.7705916159,1.96648886385,0.448794723143,43.3179401825,2.52999044933,0.427035329937,0.81925169602,3.71747530478,0.0,0.0,0.0
2269,2.85187986837,2.71867241607,18.7505275631,1.96518078789,0.449029984209,43.3218259694,2.52664808729,0.427530871133,0.817320469393,3.72103443378,0.0,0.0,0.0
2270,2.85313675681,2.72009230651,18.730526572,1.96386856966,0.449264500648,43.3256950606,2.52329745822,0.428025471506,0.815375288184,3.72460520974,0.0,0.0,0.0
2271,2.85439364525,2.72150766985,18.7105888764,1.96255220898,0.449498269368,43.3295474545,2.51993856167,0.428519119743,0.813416108308,3.72818764454,0.0,0.0,0.0
2272,2.85565053369,2.72291848739,18.6907147105,1.9612317058,0.449731287281,43.3333831496,2.51657139745,0.429011804503,0.811442886095,3.73178175003,0.0,0.0,0.0
2273,2.85690742213,2.72432474048,18.6709043086,1.95990706017,0.449963551304,43.3372021441,2.5131959656,0.429503514423,0.809455578301,3.73538753802,0.0,0.0,0.0
2274,2.85816431057,2.72572641046,18.6511579051,1.95857827228,0.450195058358,43.3410044366,2.50981226639,0.429994238117,0.807454142115,3.73900502028,0.0,0.0,0.0
2275,2.85942119901,2.72712347873,18.631475735,1.95724534241,0.447695952044,43.3447900253,2.50642030035,0.425524390861,0.805562847294,3.73837967533,0.0,0.0,0.0
2276,2.86067808745,2.7285159267,18.6118580329,1.955908271,0.447924542101,43.3485589086,2.50302006823,0.426004413028,0.803532914239,3.74198721273,0.0,0.0,0.0
2277,2.86193497588,2.72990373582,18.5923050342,1.95456705859,0.448152370625,43.3523110851,2.49961157105,0.426483425941,0.801488707807,3.74560621783,0.0,0.0,0.0
2278,2.86319186432,2.73128688755,18.572816974,1.95322170586,0.448379434573,43.356046553,2.49619481008,0.426961418371,0.799430186757,3.74923669909,0.0,0.0,0.0
2279,2.86444875276,2.73266536341,18.5533940879,1.95187221358,0.44860573091,43.3597653108,2.49276978682,0.427438379069,0.797357310326,3.75287866489,0.0,0.0,0.0
2280,2.8657056412,2.73403914492,18.5340366114,1.9505185827,0.448831256604,43.3634673569,2.48933650304,0.427914296764,0.795270038234,3.75653212357,0.0,0.0,0.0
2281,2.86696252964,2.73540821365,18.5147447803,1.94916081425,0.449056008627,43.3671526898,2.48589496075,0.428389160167,0.793168330696,3.76019708337,0.0,0.0,0.0
2282,2.86821941808,2.73677255119,18.4955188307,1.94779890942,0.44927998396,43.3708213078,2.48244516223,0.42886295797,0.79105214843,3.76387355253,0.0,0.0,0.0
2283,2.86947630652,2.73813213917,18.4763589985,1.9464328695,0.449503179584,43.3744732095,2.47898711002,0.429335678846,0.788921452663,3.76756153918,0.0,0.0,0.0
2284,2.87073319496,2.73948695925,18.45726552,1.94506269595,0.44972559249,43.3781083933,2.4755208069,0.429807311449,0.786776205147,3.77126105144,0.0,0.0,0.0
2285,2.8719900834,2.74083699312,18.4382386315,1.94368839032,0.447203639105,43.3817268577,2.47204625595,0.425287705628,0.784755249393,3.77037322566,0.0,0.0,0.0
2286,2.87324697184,2.74218222251,18.4192785696,1.94230995432,0.447423130987,43.385328601,2.46856346048,0.425748721545,0.782580683457,3.77405968711,0.0,0.0,0.0
2287,2.87450386028,2.74352262917,18.4003855707,1.94092738979,0.447641835978,43.3889136219,2.46507242408,0.42620862876,0.780391434835,3.7777574011,0.0,0.0,0.0
2288,2.87576074872,2.7448581949,18.3815598715,1.93954069868,0.447859751107,43.3924819187,2.46157315061,0.426667416111,0.778187467211,3.78146637168,0.0,0.0,0.0
2289,2.87701763715,2.74618890153,18.3628017089,1.93814988312,0.44807687341,43.39603349,2.45806564421,0.427125072422,0.775968744832,3.78518660281,0.0,0.0,0.0
2290,2.87827452559,2.74751473093,18.3441113197,1.93675494534,0.448293199928,43.3995683343,2.45454990928,0.427581586503,0.773735232522,3.78891809834,0.0,0.0,0.0
2291,2.87953141403,2.74883566499,18.3254889409,1.93535588771,0.448508727708,43.40308645,2.4510259505,0.428036947151,0.771486895688,3.79266086204,0.0,0.0,0.0
2292,2.88078830247,2.75015168565,18.3069348093,1.93395271277,0.448723453803,43.4065878357,2.44749377282,0.428491143149,0.769223700329,3.7964148976,0.0,0.0,0.0
2293,2.88204519091,2.7514627749,18.2884491622,1.93254542316,0.448937375271,43.4100724899,2.44395338149,0.428944163268,0.766945613047,3.80018020861,0.0,0.0,0.0
2294,2.88330207935,2.75276891474,18.2700322366,1.93113402168,0.449150489179,43.4135404111,2.44040478202,0.429395996265,0.764652601054,3.80395679859,0.0,0.0,0.0
2295,2.88455896779,2.75407008722,18.2516842697,1.92971851128,0.44660596569,43.4169915979,2.43684798022,0.424829607015,0.762500442352,3.80277259057,0.0,0.0,0.0
2296,2.88581585623,2.75536627444,18.2334054987,1.92829889504,0.446816158212,43.4204260487,2.43328298216,0.425270934208,0.760177418484,3.80653248445,0.0,0.0,0.0
2297,2.88707274467,2.75665745853,18.2151961609,1.92687517618,0.447025539415,43.4238437622,2.42970979423,0.425711056591,0.757839356194,3.8103033276,0.0,0.0,0.0
2298,2.88832963311,2.75794362166,18.1970564935,1.92544735807,0.447234106409,43.4272447369,2.42612842309,0.426149963132,0.755486225019,3.81408511854,0.0,0.0,0.0
2299,2.88958652155,2.75922474603,18.1789867337,1.92401544424,0.447441856308,43.4306289713,2.42253887569,0.426587642791,0.75311799515,3.81787785563,0.0,0.0,0.0
2300,2.89084340998,2.76050081391,18.1609871189,1.92257943834,0.447648786234,43.433996464,2.41894115928,0.427024084517,0.750734637446,3.82168153706,0.0,0.0,0.0
2301,2.89210029842,2.76177180759,18.1430578861,1.92113934419,0.447854893317,43.4373472136,2.41533528141,0.427459277254,0.748336123444,3.82549616091,0.0,0.0,0.0
2302,2.89335718686,2.76303770941,18.1251992728,1.91969516574,0.448060174693,43.4406812187,2.41172124992,0.427893209938,0.745922425367,3.82932172511,0.0,0.0,0.0
2303,2.8946140753,2.76429850174,18.1074115161,1.91824690711,0.448264627503,43.4439984779,2.40809907294,0.428325871499,0.743493516133,3.83315822744,0.0,0.0,0.0
2304,2.89587096374,2.76555416701,18.0896948531,1.91679457256,0.448468248899,43.4472989897,2.40446875892,0.42875725086,0.741049369367,3.83700566556,0.0,0.0,0.0
2305,2.89712785218,2.7668046877,18.072049521,1.91533816649,0.448671036037,43.4505827527,2.4008303166,0.42918733694,0.738589959407,3.840864037,0.0,0.0,0.0
2306,2.89838474062,2.7680500463,18.0544757569,1.91387769347,0.44610216522,43.4538497657,2.39718375504,0.424568242206,0.736290894348,3.83931227498,0.0,0.0,0.0
2307,2.89964162906,2.76929022538,18.0369737976,1.91241315822,0.446302033921,43.4571000271,2.39352908358,0.424987955811,0.733800867327,3.84314925108,0.0,0.0,0.0
2308,2.9008985175,2.77052520755,18.0195438802,1.91094456561,0.446501065081,43.4603335356,2.38986631189,0.425406361556,0.731295486079,3.84699675483,0.0,0.0,0.0
2309,2.90215540594,2.77175497545,18.0021862415,1.90947192066,0.446699255905,43.4635502899,2.38619544995,0.425823448593,0.728774727709,3.85085477736,0.0,0.0,0.0
2310,2.90341229438,2.77297951179,17.9849011181,1.90799522856,0.446896603602,43.4667502885,2.38251650804,0.426239206076,0.726238570086,3.85472330957,0.0,0.0,0.0
2311,2.90466918281,2.7741987993,17.9676887468,1.90651449465,0.447093105393,43.4699335302,2.37882949676,0.426653623154,0.723686991853,3.85860234214,0.0,0.0,0.0
2312,2.90592607125,2.77541282078,17.950549364,1.90502972442,0.447288758504,43.4731000135,2.37513442704,0.427066688979,0.721119972431,3.86249186549,0.0,0.0,0.0
2313,2.90718295969,2.77662155907,17.9334832062,1.90354092353,0.447483560171,43.4762497372,2.37143131011,0.4274783927,0.718537492036,3.86639186986,0.0,0.0,0.0
2314,2.90843984813,2.77782499706,17.9164905095,1.9020480978,0.447677507635,43.4793826999,2.36772015751,0.427888723467,0.715939531682,3.87030234524,0.0,0.0,0.0
2315,2.90969673657,2.77902311769,17.8995715102,1.90055125321,0.447870598148,43.4824989003,2.36400098114,0.42829767043,0.713326073197,3.87422328142,0.0,0.0,0.0
2316,2.91095362501,2.78021590396,17.882726444,1.89905039588,0.448062828967,43.485598337,2.36027379318,0.428705222743,0.710697099226,3.87815466794,0.0,0.0,0.0
2317,2.91221051345,2.7814033389,17.8659555468,1.89754553213,0.448254197361,43.4886810088,2.35653860616,0.429111369559,0.708052593245,3.88209649417,0.0,0.0,0.0
2318,2.91346740189,2.78258540561,17.8492590542,1.89603666842,0.445659329835,43.4917469143,2.35279543293,0.424434606875,0.705591823551,3.88008418754,0.0,0.0,0.0
2319,2.91472429033,2.78376208723,17.8326372016,1.89452381138,0.445847787352,43.4947960523,2.34904428668,0.424830545954,0.702916269453,3.88399845116,0.0,0.0,0.0
2320,2.91598117877,2.78493336696,17.8160902242,1.89300696779,0.446035379701,43.4978284214,2.3452851809,0.425225068469,0.700225121783,3.88792264373,0.0,0.0,0.0
2321,2.91723806721,2.78609922805,17.7996183571,1.89148614463,0.4462221042,43.5008440204,2.34151812944,0.425618163838,0.697518367289,3.8918567461,0.0,0.0,0.0
2322,2.91849495565,2.7872596538,17.7832218348,1.88996134901,0.446407958174,43.503842848,2.33774314647,0.426009821485,0.694795993595,3.89580073874,0.0,0.0,0.0
2323,2.91975184408,2.78841462758,17.7669008921,1.88843258822,0.446592938959,43.5068249029,2.33396024651,0.42640003084,0.692057989212,3.89975460174,0.0,0.0,0.0
2324,2.92100873252,2.7895641328,17.7506557632,1.88689986973,0.446777043899,43.5097901839,2.33016944439,0.426788781339,0.689304343549,3.90371831485,0.0,0.0,0.0
2325,2.92226562096,2.79070815291,17.7344866821,1.88536320117,0.446960270344,43.5127386897,2.3263707553,0.427176062426,0.686535046918,3.90769185742,0.0,0.0,0.0
2326,2.9235225094,2.79184667146,17.7183938826,1.88382259034,0.447142615657,43.5156704191,2.32256419477,0.427561863551,0.683750090549,3.91167520842,0.0,0.0,0.0
2327,2.92477939784,2.79297967202,17.7023775982,1.88227804521,0.447324077207,43.5185853708,2.31874977865,0.427946174174,0.680949466594,3.91566834648,0.0,0.0,0.0
2328,2.92603628628,2.79410713822,17.6864380622,1.88072957392,0.447504652375,43.5214835436,2.31492752315,0.428328983764,0.67813316814,3.91967124983,0.0,0.0,0.0
2329,2.92729317472,2.79522905377,17.6705755074,1.87917718479,0.447684338549,43.5243649362,2.31109744482,0.428710281799,0.675301189216,3.92368389632,0.0,0.0,0.0
2330,2.92855006316,2.79634540241,17.6547901663,1.87762088629,0.447863133127,43.5272295475,2.30725956057,0.429090057766,0.672453524803,3.92770626346,0.0,0.0,0.0
2331,2.9298069516,2.79745616797,17.6390822714,1.8760606871,0.445240777098,43.5300773763,2.30341388763,0.424351809779,0.669818336798,3.92510909627,0.0,0.0,0.0
2332,2.93106384004,2.7985613343,17.6234520544,1.87449659605,0.445416674442,43.5329084212,2.29956044359,0.424721583998,0.66693948352,3.9290956191,0.0,0.0,0.0
2333,2.93232072848,2.79966088534,17.6078997471,1.87292862214,0.445591678061,43.5357226812,2.2956992464,0.425089829027,0.664044921038,3.93309120081,0.0,0.0,0.0
2334,2.93357761691,2.80075480509,17.5924255806,1.87135677457,0.445765785408,43.538520155,2.29183031435,0.425456534647,0.661134648164,3.937095807,0.0,0.0,0.0
2335,2.93483450535,2.80184307759,17.5770297857,1.86978106269,0.445938993944,43.5413008415,2.28795366609,0.425821690652,0.658208664707,3.94110940264,0.0,0.0,0.0
2336,2.93609139379,2.80292568695,17.561712593,1.86820149604,0.446111301141,43.5440647395,2.28406932062,0.42618528685,0.655266971486,3.94513195206,0.0,0.0,0.0
2337,2.93734828223,2.80400261736,17.5464742325,1.86661808433,0.446282704479,43.5468118477,2.28017729729,0.426547313063,0.652309570335,3.94916341896,0.0,0.0,0.0
2338,2.93860517067,2.80507385305,17.531314934,1.86503083747,0.446453201451,43.5495421652,2.27627761581,0.426907759129,0.649336464113,3.95320376635,0.0,0.0,0.0
2339,2.93986205911,2.80613937832,17.5162349265,1.86343976553,0.446622789557,43.5522556906,2.27237029626,0.427266614901,0.646347656713,3.95725295662,0.0,0.0,0.0
2340,2.94111894755,2.80719917754,17.501234439,1.86184487876,0.44679146631,43.5549524228,2.26845535906,0.42762387025,0.643343153072,3.96131095145,0.0,0.0,0.0
2341,2.94237583599,2.80825323514,17.4863136999,1.86024618758,0.44695922923,43.5576323608,2.264532825,0.427979515064,0.640322959176,3.96537771186,0.0,0.0,0.0
2342,2.94363272443,2.8093015356,17.471472937,1.85864370263,0.44712607585,43.5602955033,2.26060271524,0.428333539246,0.637287082072,3.96945319816,0.0,0.0,0.0
2343,2.94488961287,2.81034406348,17.4567123778,1.85703743468,0.447292003712,43.5629418493,2.25666505128,0.42868593272,0.634235529873,3.97353736999,0.0,0.0,0.0
2344,2.94614650131,2.81138080342,17.4420322493,1.85542739472,0.447457010368,43.5655713976,2.25271985501,0.42903668543,0.631168311769,3.97763018625,0.0,0.0,0.0
2345,2.94740338975,2.8124117401,17.4274327779,1.8538135939,0.444805866423,43.5681841472,2.24876714866,0.424234497279,0.628349901375,3.97427729247,0.0,0.0,0.0
2346,2.94866027818,2.81343685828,17.4129141896,1.85219604358,0.444967997226,43.5707800968,2.24480695484,0.424575506066,0.625251800568,3.97832280773,0.0,0.0,0.0
2347,2.94991716662,2.81445614277,17.3984767099,1.85057475526,0.445129205384,43.5733592454,2.24083929652,0.424914871356,0.622138058258,3.98237607778,0.0,0.0,0.0
2348,2.95117405506,2.81546957849,17.3841205637,1.84894974067,0.44528948851,43.575921592,2.23686419705,0.425252583412,0.619008688079,3.98643704387,0.0,0.0,0.0
2349,2.9524309435,2.81647715038,17.3698459753,1.8473210117,0.445448844224,43.5784671354,2.23288168014,0.425588632518,0.615863704786,3.99050564608,0.0,0.0,0.0
2350,2.95368783194,2.81747884347,17.3556531686,1.84568858041,0.445607270159,43.5809958746,2.22889176986,0.42592300898,0.612703124264,3.99458182334,0.0,0.0,0.0
2351,2.95494472038,2.81847464287,17.3415423668,1.84405245909,0.445764763957,43.5835078084,2.22489449067,0.426255703127,0.609526963533,3.99866551333,0.0,0.0,0.0
2352,2.95620160882,2.81946453373,17.3275137926,1.84241266017,0.445921323274,43.5860029359,2.22088986739,0.426586705314,0.606335240758,4.00275665253,0.0,0.0,0.0
2353,2.95745849726,2.82044850132,17.3135676681,1.84076919629,0.446076945775,43.5884812559,2.21687792521,0.426916005919,0.603127975256,4.00685517612,0.0,0.0,0.0
2354,2.9587153857,2.82142653092,17.2997042146,1.83912208027,0.446231629135,43.5909427675,2.21285868969,0.427243595343,0.599905187501,4.01096101802,0.0,0.0,0.0
2355,2.95997227414,2.82239860793,17.2859236531,1.83747132512,0.446385371045,43.5933874696,2.20883218678,0.427569464016,0.596666899137,4.0150741108,0.0,0.0,0.0
2356,2.96122916258,2.8233647178,17.2722262037,1.83581694403,0.446538169202,43.5958153611,2.20479844279,0.427893602394,0.593413132977,4.01919438568,0.0,0.0,0.0
2357,2.96248605101,2.82432484606,17.258612086,1.8341589504,0.446690021319,43.598226441,2.20075748441,0.428216000958,0.59014391302,4.0233217725,0.0,0.0,0.0
2358,2.96374293945,2.8252789783,17.2450815189,1.83249735778,0.446840925117,43.6006207083,2.1967093387,0.428536650218,0.586859264447,4.02745619967,0.0,0.0,0.0
2359,2.96499982789,2.8262271002,17.2316347206,1.83083217993,0.44699087833,43.602998162,2.19265403311,0.428855540711,0.583559213638,4.03159759413,0.0,0.0,0.0
2360,2.96625671633,2.8271691975,17.2182719086,1.82916343081,0.444309879515,43.6053588012,2.18859159545,0.423988565902,0.580555491521,4.02724585429,0.0,0.0,0.0
2361,2.96751360477,2.82810525604,17.2049932998,1.82749112455,0.444456987813,43.6077026246,2.18452205392,0.424298033197,0.577225524407,4.03132346542,0.0,0.0,0.0
2362,2.96877049321,2.8290352617,17.1917991103,1.82581527547,0.444603144859,43.6100296315,2.18044543708,0.424605743829,0.573880240384,4.03540678808,0.0,0.0,0.0
2363,2.97002738165,2.82995920046,17.1786895554,1.82413589808,0.444748348448,43.6123398208,2.17636177389,0.424911688682,0.570519670964,4.03949572086,0.0,0.0,0.0
2364,2.97128427009,2.83087705837,17.1656648498,1.8224530071,0.444892596387,43.6146331916,2.17227109368,0.425215858669,0.567143848901,4.04359016001,0.0,0.0,0.0
2365,2.97254115853,2.83178882155,17.1527252073,1.8207666174,0.445035886497,43.6169097428,2.16817342616,0.425518244736,0.563752808191,4.04768999941,0.0,0.0,0.0
2366,2.97379804697,2.83269447621,17.1398708412,1.81907674407,0.445178216609,43.6191694735,2.16406880141,0.425818837859,0.560346584084,4.05179513047,0.0,0.0,0.0
2367,2.97505493541,2.83359400863,17.1271019637,1.81738340239,0.445319584567,43.6214123827,2.15995724989,0.426117629048,0.556925213083,4.05590544207,0.0,0.0,0.0
2368,2.97631182385,2.83448740517,17.1144187864,1.81568660781,0.445459988227,43.6236384696,2.15583880246,0.426414609348,0.553488732959,4.06002082048,0.0,0.0,0.0
2369,2.97756871228,2.83537465226,17.10182152,1.81398637598,0.445599425457,43.6258477331,2.15171349034,0.426709769835,0.550037182747,4.06414114926,0.0,0.0,0.0
2370,2.97882560072,2.83625573642,17.0893103744,1.81228272274,0.445737894139,43.6280401723,2.14758134513,0.427003101622,0.546570602762,4.0682663092,0.0,0.0,0.0
2371,2.98008248916,2.83713064425,17.0768855587,1.81057566413,0.445875392167,43.6302157863,2.14344239883,0.427294595856,0.543089034595,4.07239617819,0.0,0.0,0.0
2372,2.9813393776,2.83799936242,17.0645472811,1.80886521637,0.446011917445,43.6323745742,2.13929668379,0.427584243719,0.539592521126,4.07653063117,0.0,0.0,0.0
2373,2.98259626604,2.8388618777,17.0522957489,1.80715139587,0.446147467894,43.6345165351,2.13514423276,0.427872036432,0.536081106525,4.08066953998,0.0,0.0,0.0
2374,2.98385315448,2.83971817692,17.0401311687,1.80543421922,0.446282041445,43.636641668,2.13098507887,0.428157965251,0.53255483626,4.08481277331,0.0,0.0,0.0
2375,2.98511004292,2.84056824699,17.0280537461,1.80371370322,0.446415636041,43.6387499721,2.12681925563,0.428442021471,0.529013757099,4.08896019654,0.0,0.0,0.0
2376,2.98636693136,2.84141207493,17.0160636857,1.80198986485,0.443703993316,43.6408414464,2.12264679692,0.423511289317,0.52583374489,4.08324791431,0.0,0.0,0.0
2377,2.9876238198,2.84224964781,17.0041611912,1.80026272128,0.443834785478,43.6429160902,2.11846773701,0.423786317064,0.522264678784,4.08730655876,0.0,0.0,0.0
2378,2.98888070824,2.84308095281,16.9923464656,1.79853228987,0.443964598871,43.6449739024,2.11428211053,0.424059479561,0.518680967151,4.0913674996,0.0,0.0,0.0
2379,2.99013759668,2.84390597717,16.9806197107,1.79679858817,0.444093431505,43.6470148823,2.11008995253,0.424330768469,0.515082662776,4.09543055188,0.0,0.0,0.0
2380,2.99139448511,2.84472470824,16.9689811274,1.79506163393,0.444221281401,43.6490390289,2.1058912984,0.424600175488,0.511469819799,4.09949552557,0.0,0.0,0.0
2381,2.99265137355,2.84553713342,16.9574309157,1.79332144506,0.444348146595,43.6510463415,2.10168618392,0.424867692358,0.507842493717,4.10356222529,0.0,0.0,0.0
2382,2.99390826199,2.84634324023,16.9459692745,1.79157803969,0.444474025135,43.6530368191,2.09747464526,0.425133310863,0.504200741394,4.10763045015,0.0,0.0,0.0
2383,2.99516515043,2.84714301625,16.9345964019,1.78983143613,0.444598915085,43.655010461,2.09325671895,0.425397022826,0.500544621058,4.11169999353,0.0,0.0,0.0
2384,2.99642203887,2.84793644917,16.9233124947,1.78808165287,0.444722814519,43.6569672662,2.08903244192,0.425658820113,0.496874192316,4.11577064281,0.0,0.0,0.0
2385,2.99767892731,2.84872352673,16.9121177489,1.7863287086,0.444845721526,43.6589072341,2.08480185144,0.425918694634,0.493189516151,4.11984217919,0.0,0.0,0.0
2386,2.99893581575,2.8495042368,16.9010123594,1.78457262218,0.44496763421,43.6608303636,2.0805649852,0.426176638341,0.489490654933,4.12391437739,0.0,0.0,0.0
2387,3.00019270419,2.85027856731,16.8899965199,1.78281341268,0.445088550685,43.6627366541,2.07632188123,0.42643264323,0.485777672419,4.12798700542,0.0,0.0,0.0
2388,3.00144959263,2.85104650628,16.8790704233,1.78105109934,0.445208469082,43.6646261048,2.07207257797,0.426686701344,0.482050633764,4.13205982426,0.0,0.0,0.0
2389,3.00270648107,2.85180804182,16.8682342611,1.77928570161,0.445327387545,43.6664987147,2.06781711419,0.42693880477,0.478309605518,4.13613258759,0.0,0.0,0.0
2390,3.00396336951,2.85256316213,16.857488224,1.7775172391,0.445445304231,43.6683544832,2.06355552907,0.427188945639,0.474554655639,4.14020504149,0.0,0.0,0.0
2391,3.00522025794,2.85331185551,16.8468325015,1.77574573161,0.445562217311,43.6701934095,2.05928786214,0.427437116131,0.470785853492,4.14427692406,0.0,0.0,0.0
2392,3.00647714638,2.85405411033,16.8362672817,1.77397119915,0.445678124971,43.6720154927,2.05501415333,0.427683308473,0.467003269857,4.14834796515,0.0,0.0,0.0
2393,3.00773403482,2.85478991507,16.825792752,1.77219366189,0.44579302541,43.6738207321,2.05073444291,0.427927514938,0.463206976934,4.15241788591,0.0,0.0,0.0
2394,3.00899092326,2.85551925827,16.8154090984,1.77041314019,0.445906916841,43.675609127,2.04644877153,0.428169727848,0.459397048345,4.15648639846,0.0,0.0,0.0
2395,3.0102478117,2.8562421286,16.8051165057,1.76862965461,0.446019797493,43.6773806765,2.04215718022,0.428409939574,0.455573559143,4.16055320547,0.0,0.0,0.0
2396,3.01150470014,2.85695851479,16.7949151577,1.76684322587,0.44327184728,43.67913538,2.03785971036,0.423399028062,0.452212320451,4.15251640735,0.0,0.0,0.0
2397,3.01276158858,2.85766840567,16.7848052368,1.76505387489,0.44338199051,43.6808732367,2.03355640372,0.423630753434,0.448364813464,4.15644487077,0.0,0.0,0.0
2398,3.01401847702,2.85837179017,16.7747869243,1.76326162277,0.443491124242,43.6825942459,2.0292473024,0.423860491565,0.444504032946,4.16036820944,0.0,0.0,0.0
2399,3.01527536546,2.85906865731,16.7648604004,1.76146649078,0.443599246771,43.6842984068,2.02493244889,0.42408823521,0.440630061766,4.16428601142,0.0,0.0,0.0
2400,3.0165322539,2.8597589962,16.7550258438,1.7596685004,0.443706356409,43.6859857187,2.02061188605,0.424313977176,0.436742984334,4.16819784999,0.0,0.0,0.0
2401,3.01778914234,2.86044279604,16.745283432,1.75786767326,0.443812451479,43.6876561808,2.01628565708,0.42453771032,0.432842886605,4.17210328298,0.0,0.0,0.0
2402,3.01904603078,2.86112004613,16.7356333416,1.75606403118,0.443917530322,43.6893097926,2.01195380556,0.424759427549,0.42892985609,4.17600185198,0.0,0.0,0.0
2403,3.02030291921,2.86179073586,16.7260757474,1.75425759616,0.444021591291,43.6909465533,2.0076163754,0.424979121827,0.425003981872,4.17989308154,0.0,0.0,0.0
2404,3.02155980765,2.86245485472,16.7166108233,1.75244839039,0.444124632755,43.6925664622,2.00327341089,0.425196786165,0.42106535461,4.18377647829,0.0,0.0,0.0
2405,3.02281669609,2.86311239228,16.7072387418,1.75063643623,0.444226653098,43.6941695186,1.99892495668,0.42541241363,0.417114066555,4.18765153004,0.0,0.0,0.0
2406,3.02407358453,2.86376333823,16.6979596739,1.7488217562,0.444327650718,43.6957557219,1.99457105777,0.425625997343,0.41315021156,4.19151770481,0.0,0.0,0.0
2407,3.02533047297,2.86440768234,16.6887737895,1.74700437302,0.444427624027,43.6973250713,1.99021175949,0.425837530477,0.409173885096,4.19537444979,0.0,0.0,0.0
2408,3.02658736141,2.86504541446,16.6796812571,1.74518430958,0.444526571454,43.6988775662,1.98584710755,0.426047006263,0.405185184263,4.19922119022,0.0,0.0,0.0
2409,3.02784424985,2.86567652458,16.6706822437,1.74336158894,0.444624491442,43.700413206,1.98147714799,0.426254417985,0.401184207805,4.20305732824,0.0,0.0,0.0
2410,3.02910113829,2.86630100275,16.6617769153,1.74153623433,0.444721382449,43.70193199,1.97710192722,0.426459758982,0.397171056127,4.2068822416,0.0,0.0,0.0
2411,3.03035802673,2.86691883912,16.652965436,1.73970826916,0.444817242948,43.7034339175,1.97272149196,0.426663022652,0.393145831312,4.21069528236,0.0,0.0,0.0
2412,3.03161491517,2.86753002396,16.644247969,1.73787771701,0.444912071426,43.704918988,1.96833588931,0.426864202448,0.389108637137,4.21449577545,0.0,0.0,0.0
2413,3.03287180361,2.86813454762,16.6356246757,1.73604460162,0.445005866389,43.7063872007,1.96394516668,0.42706329188,0.385059579092,4.21828301714,0.0,0.0,0.0
2414,3.03412869204,2.86873240056,16.6270957165,1.73420894693,0.445098626353,43.7078385552,1.95954937185,0.427260284517,0.380998764403,4.22205627337,0.0,0.0,0.0
2415,3.03538558048,2.86932357331,16.6186612498,1.73237077701,0.445190349854,43.7092730507,1.95514855291,0.427455173986,0.376926302051,4.22581477809,0.0,0.0,0.0
2416,3.03664246892,2.86990805655,16.6103214332,1.73053011613,0.445281035441,43.7106906867,1.95074275831,0.427647953972,0.372842302798,4.2295577313,0.0,0.0,0.0
2417,3.03789935736,2.87048584101,16.6020764223,1.7286869887,0.445370681678,43.7120914625,1.9463320368,0.42783861822,0.368746879211,4.2332842971,0.0,0.0,0.0
2418,3.0391562458,2.87105691754,16.5939263715,1.72684141931,0.445459287147,43.7134753776,1.9419164375,0.428027160535,0.364640145689,4.23699360151,0.0,0.0,0.0
2419,3.04041313424,2.8716212771,16.5858714337,1.72499343272,0.445546850442,43.7148424313,1.93749600983,0.428213574783,0.360522218495,4.24068473019,0.0,0.0,0.0
2420,3.04167002268,2.87217891074,16.5779117603,1.72314305384,0.442758316218,43.7161926232,1.93307080355,0.423115377331,0.35705085549,4.22823005604,0.0,0.0,0.0
2421,3.04292691112,2.87272980961,16.5700475012,1.72129030774,0.442843239568,43.7175259526,1.92864086874,0.423294053555,0.352917277573,4.23166300204,0.0,0.0,0.0
2422,3.04418379956,2.87327396497,16.5622788046,1.71943521968,0.442927123376,43.718842419,1.9242062558,0.423470623475,0.34877303657,4.23506945977,0.0,0.0,0.0
2423,3.045440688,2.87381136816,16.5546058174,1.71757781504,0.44300996631,43.7201420218,1.91976701546,0.423645081349,0.344618263662,4.23844812654,0.0,0.0,0.0
2424,3.04669757644,2.87434201064,16.547028685,1.71571811937,0.443091767054,43.7214247605,1.91532319874,0.4238174215,0.340453092451,4.2417976347,0.0,0.0,0.0
2425,3.04795446488,2.87486588398,16.5395475509,1.71385615841,0.443172524305,43.7226906344,1.91087485701,0.423987638308,0.336277659025,4.24511654745,0.0,0.0,0.0
2426,3.04921135331,2.87538297984,16.5321625574,1.711991958,0.443252236779,43.7239396432,1.90642204192,0.424155726217,0.332092102041,4.24840335422,0.0,0.0,0.0
2427,3.05046824175,2.87589328997,16.524873845,1.71012554418,0.443330903207,43.7251717862,1.90196480544,0.424321679734,0.327896562806,4.25165646576,0.0,0.0,0.0
2428,3.05172513019,2.87639680626,16.5176815526,1.70825694312,0.443408522333,43.726387063,1.89750319986,0.424485493429,0.323691185373,4.25487420879,0.0,0.0,0.0
2429,3.05298201863,2.87689352066,16.5105858178,1.70638618114,0.443485092922,43.727585473,1.89303727774,0.424647161934,0.319476116636,4.25805482016,0.0,0.0,0.0
2430,3.05423890707,2.87738342526,16.5035867762,1.70451328473,0.443560613751,43.7287670157,1.88856709199,0.424806679946,0.315251506442,4.26119644064,0.0,0.0,0.0
2431,3.05549579551,2.87786651223,16.496684562,1.70263828052,0.443635083615,43.7299316906,1.88409269576,0.424964042227,0.311017507709,4.2642971081,0.0,0.0,0.0
2432,3.05675268395,2.87834277386,16.4898793077,1.70076119527,0.443708501324,43.7310794973,1.87961414254,0.425119243602,0.306774276556,4.26735475006,0.0,0.0,0.0
2433,3.05800957239,2.87881220254,16.483171144,1.6988820559,0.443780865705,43.7322104352,1.87513148608,0.425272278961,0.302521972443,4.27036717573,0.0,0.0,0.0
2434,3.05926646083,2.87927479077,16.4765602003,1.69700088948,0.443852175601,43.7333245039,1.87064478045,0.425423143262,0.298260758326,4.27333206718,0.0,0.0,0.0
2435,3.06052334927,2.87973053113,16.470046604,1.69511772321,0.443922429871,43.7344217028,1.86615407997,0.425571831526,0.293990800828,4.27624696985,0.0,0.0,0.0
2436,3.06178023771,2.88017941634,16.463630481,1.69323258445,0.443991627391,43.7355020316,1.86165943927,0.425718338842,0.289712270424,4.27910928211,0.0,0.0,0.0
2437,3.06303712614,2.88062143921,16.4573119554,1.69134550068,0.444059767052,43.7365654898,1.85716091325,0.425862660366,0.285425341643,4.2819162439,0.0,0.0,0.0
2438,3.06429401458,2.88105659265,16.4510911497,1.68945649951,0.444126847763,43.7376120769,1.85265855709,0.426004791319,0.281130193294,4.28466492425,0.0,0.0,0.0
2439,3.06555090302,2.88148486969,16.4449681845,1.68756560873,0.444192868448,43.7386417925,1.84815242622,0.426144726992,0.276827008712,4.2873522077,0.0,0.0,0.0
2440,3.06680779146,2.88190626346,16.438943179,1.68567285621,0.444257828049,43.7396546361,1.84364257638,0.426282462743,0.272515976028,4.28997477928,0.0,0.0,0.0
2441,3.0680646799,2.88232076721,16.4330162503,1.68377826999,0.444321725523,43.7406506073,1.83912906354,0.426417993997,0.268197288467,4.29252910815,0.0,0.0,0.0
2442,3.06932156834,2.88272837426,16.427187514,1.68188187823,0.444384559843,43.7416297058,1.83461194394,0.42655131625,0.263871144683,4.29501142947,0.0,0.0,0.0
2443,3.07057845678,2.88312907808,16.4214570839,1.67998370922,0.444446330002,43.742591931,1.8300912741,0.426682425065,0.259537749118,4.29741772453,0.0,0.0,0.0
2444,3.07183534522,2.88352287223,16.4158250719,1.67808379137,0.444507035006,43.7435372826,1.82556711077,0.426811316076,0.255197312411,4.29974369876,0.0,0.0,0.0
2445,3.07309223366,2.88390975037,16.4102915884,1.67618215324,0.444566673879,43.7444657602,1.82103951096,0.426937984984,0.250850051844,4.30198475749,0.0,0.0,0.0
2446,3.0743491221,2.88428970629,16.4048567416,1.67427882348,0.444625245662,43.7453773634,1.81650853194,0.427062427564,0.246496191841,4.30413597908,0.0,0.0,0.0
2447,3.07560601054,2.88466273387,16.3995206385,1.67237383088,0.444682749413,43.7462720918,1.81197423122,0.427184639658,0.24213596452,4.30619208512,0.0,0.0,0.0
2448,3.07686289897,2.88502882711,16.3942833836,1.67046720437,0.444739184206,43.7471499449,1.80743666653,0.427304617181,0.237769610313,4.3081474074,0.0,0.0,0.0
2449,3.07811978741,2.8853879801,16.3891450802,1.66855897296,0.444794549132,43.7480109226,1.80289589587,0.427422356118,0.233397378654,4.30999585111,0.0,0.0,0.0
2450,3.07937667585,2.88574018706,16.3841058294,1.6666491658,0.444848843299,43.7488550243,1.79835197744,0.427537852526,0.229019528746,4.31173085385,0.0,0.0,0.0
2451,3.08063356429,2.88608544233,16.3791657306,1.66473781216,0.444902065832,43.7496822498,1.79380496971,0.427651102534,0.224636330431,4.31334533987,0.0,0.0,0.0
2452,3.08189045273,2.88642374032,16.3743248813,1.6628249414,0.444954215872,43.7504925987,1.78925493134,0.427762102341,0.220248065152,4.31483166884,0.0,0.0,0.0
2453,3.08314734117,2.88675507558,16.3695833774,1.66091058302,0.445005292579,43.7512860706,1.78470192124,0.427870848221,0.215855027043,4.31618157851,0.0,0.0,0.0
2454,3.08440422961,2.88707944277,16.3649413125,1.65899476661,0.445055295129,43.7520626652,1.7801459985,0.42797733652,0.21145752416,4.31738612021,0.0,0.0,0.0
2455,3.08566111805,2.88739683664,16.3603987787,1.65707752186,0.442213935596,43.7528223821,1.77558722247,0.422766554818,0.208290164811,4.28964438294,0.0,0.0,0.0
2456,3.08691800649,2.88770725208,16.3559558661,1.65515887859,0.4422614767,43.7535652212,1.77102565269,0.422866565313,0.203909945423,4.2898987837,0.0,0.0,0.0
2457,3.08817489493,2.88801068407,16.351612663,1.65323886671,0.442307948265,43.7542911819,1.76646134889,0.422964350809,0.199527438883,4.28995031344,0.0,0.0,0.0
2458,3.08943178337,2.8883071277,16.3473692555,1.65131751622,0.442353349543,43.7550002641,1.76189437103,0.423059908033,0.195143102182,4.28978491191,0.0,0.0,0.0
2459,3.09068867181,2.88859657819,16.3432257283,1.64939485724,0.442397679797,43.7556924675,1.75732477925,0.423153233781,0.190757422119,4.28938724717,0.0,0.0,0.0
2460,3.09194556024,2.88887903085,16.3391821638,1.64747091997,0.442440938312,43.7563677917,1.75275263389,0.423244324925,0.186370918685,4.28874057072,0.0,0.0,0.0
2461,3.09320244868,2.88915448111,16.3352386427,1.64554573472,0.442483124388,43.7570262364,1.74817799548,0.423333178406,0.181984148926,4.28782655294,0.0,0.0,0.0
2462,3.09445933712,2.88942292452,16.3313952437,1.64361933188,0.442524237343,43.7576678014,1.74360092474,0.42341979124,0.177597711372,4.28662509563,0.0,0.0,0.0
2463,3.09571622556,2.88968435672,16.3276520434,1.64169174193,0.442564276509,43.7582924865,1.73902148255,0.423504160518,0.173212251119,4.28511411793,0.0,0.0,0.0
2464,3.096973114,2.8899387735,16.3240091169,1.63976299545,0.442603241241,43.7589002913,1.73443973001,0.423586283402,0.168828465687,4.28326931128,0.0,0.0,0.0
2465,3.09823000244,2.89018617072,16.3204665369,1.6378331231,0.442641130905,43.7594912155,1.72985572835,0.423666157128,0.164447111781,4.28106385829,0.0,0.0,0.0
2466,3.09948689088,2.89042654438,16.3170243745,1.63590215562,0.442677944889,43.760065259,1.72526953898,0.423743779009,0.160069013129,4.27846810939,0.0,0.0,0.0
2467,3.10074377932,2.89065989058,16.3136826986,1.63397012384,0.442713682596,43.7606224215,1.72068122348,0.423819146427,0.155695069592,4.27544920993,0.0,0.0,0.0
2468,3.10200066776,2.89088620555,16.3104415764,1.63203705866,0.442748343446,43.7611627028,1.7160908436,0.423892256844,0.151326267778,4.27197066917,0.0,0.0,0.0
2469,3.1032575562,2.8911054856,16.3073010727,1.63010299107,0.442781926878,43.7616861026,1.71149846123,0.423963107794,0.146963693467,4.2679918608,0.0,0.0,0.0
2470,3.10451444464,2.89131772719,16.3042612509,1.62816795213,0.442814432347,43.7621926207,1.7069041384,0.424031696886,0.142608546191,4.26346744264,0.0,0.0,0.0
2471,3.10577133307,2.89152292688,16.301322172,1.62623197297,0.442845859325,43.7626822569,1.70230793731,0.424098021804,0.138262156411,4.25834668098,0.0,0.0,0.0
2472,3.10702822151,2.89172108132,16.2984838951,1.62429508479,0.442876207303,43.763155011,1.69770992029,0.424162080308,0.133926005816,4.25257266188,0.0,0.0,0.0
2473,3.10828510995,2.89191218731,16.2957464774,1.62235731887,0.442905475789,43.7636108828,1.69311014981,0.424223870233,0.129601751419,4.2460813687,0.0,0.0,0.0
2474,3.10954199839,2.89209624175,16.293109974,1.62041870653,0.442933664306,43.7640498721,1.68850868847,0.42428338949,0.125291254237,4.23880060098,0.0,0.0,0.0
2475,3.11079888683,2.89227324164,16.2905744382,1.61847927919,0.442960772397,43.7644719787,1.683905599,0.424340636066,0.120996613585,4.23064870546,0.0,0.0,0.0
2476,3.11205577527,2.89244318411,16.2881399211,1.6165390683,0.442986799622,43.7648772024,1.67930094425,0.424395608024,0.116720208218,4.22153308457,0.0,0.0,0.0
2477,3.11331266371,2.8926060664,16.2858064718,1.61459810539,0.443011745559,43.7652655431,1.67469478719,0.424448303503,0.11246474587,4.21134844259,0.0,0.0,0.0
2478,3.11456955215,2.89276188587,16.2835741375,1.61265642203,0.443035609801,43.7656370006,1.67008719091,0.424498720717,0.108233323128,4.19997472346,0.0,0.0,0.0
2479,3.11582644059,2.89291063997,16.2814429633,1.61071404987,0.443058391962,43.7659915747,1.66547821861,0.42454685796,0.104029498035,4.1872746894,0.0,0.0,0.0
2480,3.11708332903,2.89305232631,16.2794129923,1.60877102059,0.443080091671,43.7663292654,1.66086793357,0.424592713599,0.0998573784031,4.17309108579,0.0,0.0,0.0
2481,3.11834021747,2.89318694256,16.2774842655,1.60682736592,0.443100708575,43.7666500723,1.6562563992,0.424636286079,0.0957217295112,4.15724333842,0.0,0.0,0.0
2482,3.11959710591,2.89331448655,16.275656822,1.60488311764,0.443120242339,43.7669539955,1.651643679,0.424677573924,0.0916281057163,4.13952373756,0.0,0.0,0.0
2483,3.12085399434,2.8934349562,16.2739306988,1.6029383076,0.443138692645,43.7672410348,1.64702983654,0.424716575732,0.0875830114355,4.11969308603,0.0,0.0,0.0
2484,3.12211088278,2.89354834954,16.2723059309,1.60099296765,0.443156059193,43.76751119,1.6424149355,0.424753290179,0.083594097995,4.09747583626,0.0,0.0,0.0
2485,3.12336777122,2.89365466475,16.2707825512,1.59904712972,0.443172341702,43.7677644611,1.63779903963,0.42478771602,0.079670403784,4.0725548312,0.0,0.0,0.0
2486,3.12462465966,2.89375390008,16.2693605906,1.59710082574,0.443187539906,43.768000848,1.63318221275,0.424819852086,0.0758226457558,4.04456592322,0.0,0.0,0.0
2487,3.1258815481,2.89384605392,16.268040078,1.59515408771,0.443201653557,43.7682203504,1.62856451876,0.424849697284,0.0720635700191,4.01309301353,0.0,0.0,0.0
2488,3.12713843654,2.89393112477,16.26682104,1.59320694765,0.443214682426,43.7684229685,1.62394602163,0.424877250602,0.0684083670872,3.97766449013,0.0,0.0,0.0
2489,3.12839532498,2.89400911125,16.2657035016,1.59125943761,0.443226626302,43.768608702,1.61932678537,0.424902511102,0.0648751516028,3.93775271708,0.0,0.0,0.0
2490,3.12965221342,2.89408001209,16.2646874852,1.58931158965,0.44323748499,43.7687775508,1.61470687408,0.424925477927,0.0614854943324,3.89277921635,0.0,0.0,0.0
2491,3.13090910186,2.89414382614,16.2637730117,1.5873634359,0.443247258312,43.768929515,1.61008635189,0.424946150296,0.0582649719702,3.84212951527,0.0,0.0,0.0
2492,3.1321659903,2.89420055236,16.2629600996,1.58541500846,0.443255946111,43.7690645945,1.60546528297,0.424964527505,0.0552436628488,3.78518317938,0.0,0.0,0.0
2493,3.13342287874,2.89425018981,16.2622487653,1.5834663395,0.443263548244,43.7691827891,1.60084373155,0.424980608931,0.0524564597177,3.72136581816,0.0,0.0,0.0
2494,3.13467976717,2.89429273771,16.2616390233,1.58151746118,0.443270064588,43.7692840989,1.59622176188,0.424994394027,0.0499429953403,3.65022965866,0.0,0.0,0.0
2495,3.13593665561,2.89432819534,16.2611308861,1.57956840567,0.443275495036,43.7693685238,1.59159943826,0.425005882323,0.0477468984797,3.57156552031,0.0,0.0,0.0
2496,3.13719354405,2.89435656214,16.2607243639,1.57761920519,0.443279839501,43.7694360637,1.586976825,0.425015073428,0.0459140601736,3.48553903154,0.0,0.0,0.0
2497,3.13845043249,2.89437783765,16.260419465,1.57566989192,0.443283097912,43.7694867187,1.58235398646,0.425021967031,0.0444896700985,3.39282647858,0.0,0.0,0.0
2498,3.13970732093,2.89439202151,16.2602161957,1.5737204981,0.443285270215,43.7695204887,1.57773098697,0.425026562897,0.0435140655083,3.29470505589,0.0,0.0,0.0
2499,3.14096420937,2.8943991135,16.26011456,1.57177105593,0.443286356376,43.7695373737,1.57310789092,0.425028860869,0.0430179317638,3.19304183132,0.0,0.0,0.0
2500,3.14222109781,2.8943991135,16.26011456,1.56982159766,0.443286356376,43.7695373737,1.56848476267,0.425028860869,0.0430179317638,3.09014347586,0.0,0.0,0.0
2501,3.14347798625,2.89439202151,16.2602161957,1.56787215549,0.443285270215,43.7695204887,1.56386166662,0.425026562897,0.0435140655083,2.98848025129,0.0,0.0,0.0
2502,3.14473487469,2.89437783765,16.260419465,1.56592276167,0.443283097912,43.7694867187,1.55923866713,0.425021967031,0.0444896700985,2.8903588286,0.0,0.0,0.0
2503,3.14599176313,2.89435656214,16.2607243639,1.5639734484,0.443279839501,43.7694360637,1.55461582858,0.425015073428,0.0459140601736,2.79764627564,0.0,0.0,0.0
2504,3.14724865157,2.89432819534,16.2611308861,1.56202424792,0.443275495036,43.7693685238,1.54999321533,0.425005882323,0.0477468984797,2.71161978687,0.0,0.0,0.0
2505,3.14850554,2.89429273771,16.2616390233,1.56007519241,0.443270064588,43.7692840989,1.54537089171,0.424994394027,0.0499429953403,2.63295564852,0.0,0.0,0.0
2506,3.14976242844,2.89425018981,16.2622487653,1.55812631409,0.443263548244,43.7691827891,1.54074892204,0.424980608931,0.0524564597177,2.56181948902,0.0,0.0,0.0
2507,3.15101931688,2.89420055236,16.2629600996,1.55617764513,0.443255946111,43.7690645945,1.53612737062,0.424964527505,0.0552436628488,2.4980021278,0.0,0.0,0.0
2508,3.15227620532,2.89414382614,16.2637730117,1.55422921769,0.443247258312,43.768929515,1.5315063017,0.424946150296,0.0582649719702,2.44105579191,0.0,0.0,0.0
2509,3.15353309376,2.89408001209,16.2646874852,1.55228106394,0.44323748499,43.7687775508,1.52688577951,0.424925477927,0.0614854943324,2.39040609083,0.0,0.0,0.0
2510,3.1547899822,2.89400911125,16.2657035016,1.55033321598,0.443226626302,43.768608702,1.52226586822,0.424902511102,0.0648751516028,2.3454325901,0.0,0.0,0.0
2511,3.15604687064,2.89393112477,16.26682104,1.54838570594,0.443214682426,43.7684229685,1.51764663196,0.424877250602,0.0684083670872,2.30552081705,0.0,0.0,0.0
2512,3.15730375908,2.89384605392,16.268040078,1.54643856588,0.443201653557,43.7682203504,1.51302813483,0.424849697284,0.0720635700191,2.27009229365,0.0,0.0,0.0
2513,3.15856064752,2.89375390008,16.2693605906,1.54449182785,0.443187539906,43.768000848,1.50841044084,0.424819852086,0.0758226457558,2.23861938396,0.0,0.0,0.0
2514,3.15981753596,2.89365466475,16.2707825512,1.54254552387,0.443172341702,43.7677644611,1.50379361396,0.42478771602,0.079670403784,2.21063047598,0.0,0.0,0.0
2515,3.1610744244,2.89354834954,16.2723059309,1.54059968594,0.443156059193,43.76751119,1.49917771809,0.424753290179,0.0835940979949,2.18570947092,0.0,0.0,0.0
2516,3.16233131284,2.8934349562,16.2739306988,1.53865434599,0.443138692645,43.7672410348,1.49456281705,0.424716575732,0.0875830114355,2.16349222115,0.0,0.0,0.0
2517,3.16358820127,2.89331448655,16.275656822,1.53670953595,0.443120242339,43.7669539955,1.48994897459,0.424677573924,0.0916281057163,2.14366156962,0.0,0.0,0.0
2518,3.16484508971,2.89318694256,16.2774842655,1.53476528767,0.443100708575,43.7666500723,1.48533625439,0.424636286079,0.0957217295112,2.12594196876,0.0,0.0,0.0
2519,3.16610197815,2.89305232631,16.2794129923,1.532821633,0.443080091671,43.7663292654,1.48072472002,0.424592713599,0.0998573784031,2.11009422139,0.0,0.0,0.0
2520,3.16735886659,2.89291063997,16.2814429633,1.53087860372,0.443058391962,43.7659915747,1.47611443498,0.42454685796,0.104029498035,2.09591061778,0.0,0.0,0.0
2521,3.16861575503,2.89276188587,16.2835741375,1.52893623156,0.443035609801,43.7656370006,1.47150546268,0.424498720717,0.108233323128,2.08321058372,0.0,0.0,0.0
2522,3.16987264347,2.8926060664,16.2858064718,1.5269945482,0.443011745559,43.7652655431,1.4668978664,0.424448303503,0.11246474587,2.07183686459,0.0,0.0,0.0
2523,3.17112953191,2.89244318411,16.2881399211,1.52505358529,0.442986799622,43.7648772024,1.46229170934,0.424395608024,0.116720208218,2.06165222261,0.0,0.0,0.0
2524,3.17238642035,2.89227324164,16.2905744382,1.5231133744,0.442960772397,43.7644719787,1.45768705459,0.424340636066,0.120996613585,2.05253660172,0.0,0.0,0.0
2525,3.17364330879,2.89209624175,16.293109974,1.52117394706,0.442933664306,43.7640498721,1.45308396512,0.42428338949,0.125291254237,2.0443847062,0.0,0.0,0.0
2526,3.17490019723,2.89191218731,16.2957464774,1.51923533472,0.442905475789,43.7636108828,1.44848250378,0.424223870233,0.129601751419,2.03710393848,0.0,0.0,0.0
2527,3.17615708567,2.89172108132,16.2984838951,1.5172975688,0.442876207303,43.763155011,1.4438827333,0.424162080308,0.133926005816,2.0306126453,0.0,0.0,0.0
2528,3.1774139741,2.89152292688,16.301322172,1.51536068062,0.442845859325,43.7626822569,1.43928471628,0.424098021804,0.138262156411,2.0248386262,0.0,0.0,0.0
2529,3.17867086254,2.89131772719,16.3042612509,1.51342470146,0.442814432347,43.7621926207,1.43468851519,0.424031696886,0.142608546191,2.01971786454,0.0,0.0,0.0
2530,3.17992775098,2.8911054856,16.3073010727,1.51148966252,0.442781926878,43.7616861026,1.43009419236,0.423963107794,0.146963693467,2.01519344638,0.0,0.0,0.0
2531,3.18118463942,2.89088620555,16.3104415764,1.50955559493,0.442748343446,43.7611627028,1.42550180999,0.423892256844,0.151326267778,2.01121463801,0.0,0.0,0.0
2532,3.18244152786,2.89065989058,16.3136826986,1.50762252975,0.442713682596,43.7606224215,1.42091143011,0.423819146427,0.155695069592,2.00773609725,0.0,0.0,0.0
2533,3.1836984163,2.89042654438,16.3170243745,1.50569049797,0.442677944889,43.760065259,1.41632311461,0.423743779009,0.160069013129,2.00471719779,0.0,0.0,0.0
2534,3.18495530474,2.89018617072,16.3204665369,1.50375953049,0.442641130905,43.7594912155,1.41173692524,0.423666157128,0.164447111781,2.00212144889,0.0,0.0,0.0
2535,3.18621219318,2.8899387735,16.3240091169,1.50182965814,0.442603241241,43.7589002913,1.40715292358,0.423586283402,0.168828465687,1.9999159959,0.0,0.0,0.0
2536,3.18746908162,2.88968435672,16.3276520434,1.49990091166,0.442564276509,43.7582924865,1.40257117103,0.423504160518,0.173212251119,1.99807118925,0.0,0.0,0.0
2537,3.18872597006,2.88942292452,16.3313952437,1.49797332171,0.442524237343,43.7576678014,1.39799172885,0.42341979124,0.177597711372,1.99656021155,0.0,0.0,0.0
2538,3.1899828585,2.88915448111,16.3352386427,1.49604691887,0.442483124388,43.7570262364,1.39341465811,0.423333178406,0.181984148926,1.99535875424,0.0,0.0,0.0
2539,3.19123974694,2.88887903085,16.3391821638,1.49412173361,0.442440938312,43.7563677917,1.3888400197,0.423244324925,0.186370918685,1.99444473646,0.0,0.0,0.0
2540,3.19249663537,2.88859657819,16.3432257283,1.49219779635,0.442397679797,43.7556924675,1.38426787434,0.423153233781,0.190757422119,1.99379806001,0.0,0.0,0.0
2541,3.19375352381,2.8883071277,16.3473692555,1.49027513737,0.442353349543,43.7550002641,1.37969828256,0.423059908033,0.195143102182,1.99340039527,0.0,0.0,0.0
2542,3.19501041225,2.88801068407,16.351612663,1.48835378688,0.442307948265,43.7542911819,1.3751313047,0.422964350809,0.199527438883,1.99323499374,0.0,0.0,0.0
2543,3.19626730069,2.88770725208,16.3559558661,1.486433775,0.4422614767,43.7535652212,1.3705670009,0.422866565313,0.203909945423,1.99328652348,0.0,0.0,0.0
2544,3.19752418913,2.88739683664,16.3603987787,1.48451513173,0.442213935596,43.7528223821,1.36600543112,0.422766554818,0.208290164811,1.99354092424,0.0,0.0,0.0
2545,3.19878107757,2.88707944277,16.3649413125,1.48259788698,0.445055295129,43.7520626652,1.36144665509,0.42797733652,0.21145752416,1.96579918697,0.0,0.0,0.0
2546,3.20003796601,2.88675507558,16.3695833774,1.48068207057,0.445005292579,43.7512860706,1.35689073235,0.427870848221,0.215855027043,1.96700372867,0.0,0.0,0.0
2547,3.20129485445,2.88642374032,16.3743248813,1.47876771219,0.444954215872,43.7504925987,1.35233772225,0.427762102341,0.220248065152,1.96835363834,0.0,0.0,0.0
2548,3.20255174289,2.88608544233,16.3791657306,1.47685484143,0.444902065832,43.7496822498,1.34778768388,0.427651102534,0.224636330431,1.96983996731,0.0,0.0,0.0
2549,3.20380863133,2.88574018706,16.3841058294,1.47494348779,0.444848843299,43.7488550243,1.34324067615,0.427537852526,0.229019528746,1.97145445333,0.0,0.0,0.0
2550,3.20506551977,2.8853879801,16.3891450802,1.47303368063,0.444794549132,43.7480109226,1.33869675772,0.427422356118,0.233397378654,1.97318945607,0.0,0.0,0.0
2551,3.2063224082,2.88502882711,16.3942833836,1.47112544922,0.444739184206,43.7471499449,1.33415598706,0.427304617181,0.237769610313,1.97503789978,0.0,0.0,0.0
2552,3.20757929664,2.88466273387,16.3995206385,1.46921882271,0.444682749413,43.7462720918,1.32961842237,0.427184639658,0.24213596452,1.97699322206,0.0,0.0,0.0
2553,3.20883618508,2.88428970629,16.4048567416,1.46731383011,0.444625245662,43.7453773634,1.32508412165,0.427062427564,0.246496191841,1.9790493281,0.0,0.0,0.0
2554,3.21009307352,2.88390975037,16.4102915884,1.46541050035,0.444566673879,43.7444657602,1.32055314263,0.426937984984,0.250850051844,1.98120054969,0.0,0.0,0.0
2555,3.21134996196,2.88352287223,16.4158250719,1.46350886222,0.444507035006,43.7435372826,1.31602554282,0.426811316076,0.255197312411,1.98344160842,0.0,0.0,0.0
2556,3.2126068504,2.88312907808,16.4214570839,1.46160894437,0.444446330002,43.742591931,1.31150137949,0.426682425065,0.259537749118,1.98576758265,0.0,0.0,0.0
2557,3.21386373884,2.88272837426,16.427187514,1.45971077536,0.444384559843,43.7416297058,1.30698070965,0.42655131625,0.263871144683,1.98817387771,0.0,0.0,0.0
2558,3.21512062728,2.88232076721,16.4330162503,1.4578143836,0.444321725523,43.7406506073,1.30246359005,0.426417993997,0.268197288467,1.99065619903,0.0,0.0,0.0
2559,3.21637751572,2.88190626346,16.438943179,1.45591979738,0.444257828049,43.7396546361,1.29795007721,0.426282462743,0.272515976028,1.9932105279,0.0,0.0,0.0
2560,3.21763440416,2.88148486969,16.4449681845,1.45402704486,0.444192868448,43.7386417925,1.29344022737,0.426144726992,0.276827008712,1.99583309948,0.0,0.0,0.0
2561,3.2188912926,2.88105659265,16.4510911497,1.45213615408,0.444126847763,43.7376120769,1.2889340965,0.426004791319,0.281130193294,1.99852038293,0.0,0.0,0.0
2562,3.22014818104,2.88062143921,16.4573119554,1.45024715291,0.444059767052,43.7365654898,1.28443174034,0.425862660366,0.285425341643,2.00126906328,0.0,0.0,0.0
2563,3.22140506947,2.88017941634,16.463630481,1.44836006914,0.443991627391,43.7355020316,1.27993321432,0.425718338842,0.289712270424,2.00407602507,0.0,0.0,0.0
2564,3.22266195791,2.87973053113,16.470046604,1.44647493037,0.443922429871,43.7344217028,1.27543857362,0.425571831526,0.293990800828,2.00693833733,0.0,0.0,0.0
2565,3.22391884635,2.87927479077,16.4765602003,1.44459176411,0.443852175601,43.7333245039,1.27094787314,0.425423143262,0.298260758326,2.00985324,0.0,0.0,0.0
2566,3.22517573479,2.87881220254,16.483171144,1.44271059769,0.443780865705,43.7322104352,1.26646116751,0.425272278961,0.302521972443,2.01281813145,0.0,0.0,0.0
2567,3.22643262323,2.87834277386,16.4898793077,1.44083145832,0.443708501324,43.7310794973,1.26197851105,0.425119243602,0.306774276556,2.01583055712,0.0,0.0,0.0
2568,3.22768951167,2.87786651223,16.496684562,1.43895437307,0.443635083615,43.7299316906,1.25749995783,0.424964042227,0.311017507709,2.01888819908,0.0,0.0,0.0
2569,3.22894640011,2.87738342526,16.5035867762,1.43707936886,0.443560613751,43.7287670157,1.2530255616,0.424806679946,0.315251506442,2.02198886654,0.0,0.0,0.0
2570,3.23020328855,2.87689352066,16.5105858178,1.43520647245,0.443485092922,43.727585473,1.24855537585,0.424647161934,0.319476116636,2.02513048702,0.0,0.0,0.0
2571,3.23146017699,2.87639680626,16.5176815526,1.43333571047,0.443408522333,43.726387063,1.24408945373,0.424485493429,0.323691185373,2.02831109839,0.0,0.0,0.0
2572,3.23271706543,2.87589328997,16.524873845,1.43146710941,0.443330903207,43.7251717862,1.23962784815,0.424321679734,0.327896562806,2.03152884141,0.0,0.0,0.0
2573,3.23397395387,2.87538297984,16.5321625574,1.42960069559,0.443252236779,43.7239396432,1.23517061167,0.424155726217,0.332092102041,2.03478195296,0.0,0.0,0.0
2574,3.2352308423,2.87486588398,16.5395475509,1.42773649518,0.443172524305,43.7226906344,1.23071779658,0.423987638308,0.336277659025,2.03806875973,0.0,0.0,0.0
2575,3.23648773074,2.87434201064,16.547028685,1.42587453421,0.443091767054,43.7214247605,1.22626945485,0.4238174215,0.340453092451,2.04138767248,0.0,0.0,0.0
2576,3.23774461918,2.87381136816,16.5546058174,1.42401483855,0.44300996631,43.7201420218,1.22182563813,0.423645081349,0.344618263662,2.04473718064,0.0,0.0,0.0
2577,3.23900150762,2.87327396497,16.5622788046,1.42215743391,0.442927123376,43.718842419,1.21738639779,0.423470623475,0.34877303657,2.04811584741,0.0,0.0,0.0
2578,3.24025839606,2.87272980961,16.5700475012,1.42030234585,0.442843239568,43.7175259526,1.21295178485,0.423294053555,0.352917277573,2.05152230514,0.0,0.0,0.0
2579,3.2415152845,2.87217891074,16.5779117603,1.41844959975,0.442758316218,43.7161926232,1.20852185004,0.423115377331,0.35705085549,2.05495525114,0.0,0.0,0.0
2580,3.24277217294,2.8716212771,16.5858714337,1.41659922087,0.445546850442,43.7148424313,1.20409664376,0.428213574783,0.360522218495,2.04250057699,0.0,0.0,0.0
2581,3.24402906138,2.87105691754,16.5939263715,1.41475123428,0.445459287147,43.7134753776,1.19967621609,0.428027160535,0.364640145689,2.04619170567,0.0,0.0,0.0
2582,3.24528594982,2.87048584101,16.6020764223,1.41290566489,0.445370681678,43.7120914625,1.19526061679,0.42783861822,0.368746879211,2.04990101008,0.0,0.0,0.0
2583,3.24654283826,2.86990805655,16.6103214332,1.41106253746,0.445281035441,43.7106906867,1.19084989528,0.427647953972,0.372842302798,2.05362757588,0.0,0.0,0.0
2584,3.2477997267,2.86932357331,16.6186612498,1.40922187658,0.445190349854,43.7092730507,1.18644410068,0.427455173986,0.376926302051,2.05737052909,0.0,0.0,0.0
2585,3.24905661513,2.86873240056,16.6270957165,1.40738370666,0.445098626353,43.7078385552,1.18204328174,0.427260284517,0.380998764403,2.06112903381,0.0,0.0,0.0
2586,3.25031350357,2.86813454762,16.6356246757,1.40554805197,0.445005866389,43.7063872007,1.17764748691,0.42706329188,0.385059579092,2.06490229004,0.0,0.0,0.0
2587,3.25157039201,2.86753002396,16.644247969,1.40371493658,0.444912071426,43.704918988,1.17325676428,0.426864202448,0.389108637137,2.06868953173,0.0,0.0,0.0
2588,3.25282728045,2.86691883912,16.652965436,1.40188438443,0.444817242948,43.7034339175,1.16887116163,0.426663022652,0.393145831312,2.07249002482,0.0,0.0,0.0
2589,3.25408416889,2.86630100275,16.6617769153,1.40005641926,0.444721382449,43.70193199,1.16449072637,0.426459758982,0.397171056127,2.07630306558,0.0,0.0,0.0
2590,3.25534105733,2.86567652458,16.6706822437,1.39823106465,0.444624491442,43.700413206,1.16011550559,0.426254417985,0.401184207805,2.08012797894,0.0,0.0,0.0
2591,3.25659794577,2.86504541446,16.6796812571,1.39640834401,0.444526571454,43.6988775662,1.15574554604,0.426047006263,0.405185184263,2.08396411696,0.0,0.0,0.0
2592,3.25785483421,2.86440768234,16.6887737895,1.39458828057,0.444427624027,43.6973250713,1.1513808941,0.425837530477,0.409173885096,2.08781085739,0.0,0.0,0.0
2593,3.25911172265,2.86376333823,16.6979596739,1.39277089739,0.444327650718,43.6957557219,1.14702159582,0.425625997343,0.41315021156,2.09166760237,0.0,0.0,0.0
2594,3.26036861109,2.86311239228,16.7072387418,1.39095621736,0.444226653098,43.6941695186,1.14266769691,0.42541241363,0.417114066555,2.09553377714,0.0,0.0,0.0
2595,3.26162549953,2.86245485472,16.7166108233,1.3891442632,0.444124632755,43.6925664622,1.1383192427,0.425196786165,0.42106535461,2.09940882889,0.0,0.0,0.0
2596,3.26288238797,2.86179073586,16.7260757474,1.38733505743,0.444021591291,43.6909465533,1.13397627819,0.424979121827,0.425003981872,2.10329222564,0.0,0.0,0.0
2597,3.2641392764,2.86112004613,16.7356333416,1.38552862241,0.443917530322,43.6893097926,1.12963884803,0.424759427549,0.42892985609,2.1071834552,0.0,0.0,0.0
2598,3.26539616484,2.86044279604,16.745283432,1.38372498033,0.443812451479,43.6876561808,1.12530699651,0.42453771032,0.432842886605,2.1110820242,0.0,0.0,0.0
2599,3.26665305328,2.8597589962,16.7550258438,1.38192415319,0.443706356409,43.6859857187,1.12098076754,0.424313977176,0.436742984334,2.11498745719,0.0,0.0,0.0
2600,3.26790994172,2.85906865731,16.7648604004,1.38012616281,0.443599246771,43.6842984068,1.1166602047,0.42408823521,0.440630061766,2.11889929576,0.0,0.0,0.0
2601,3.26916683016,2.85837179017,16.7747869243,1.37833103082,0.443491124242,43.6825942459,1.11234535119,0.423860491565,0.444504032946,2.12281709774,0.0,0.0,0.0
2602,3.2704237186,2.85766840567,16.7848052368,1.3765387787,0.44338199051,43.6808732367,1.10803624987,0.423630753434,0.448364813464,2.12674043641,0.0,0.0,0.0
2603,3.27168060704,2.85695851479,16.7949151577,1.37474942772,0.44327184728,43.67913538,1.10373294322,0.423399028062,0.452212320451,2.13066889983,0.0,0.0,0.0
2604,3.27293749548,2.8562421286,16.8051165057,1.37296299898,0.446019797493,43.6773806765,1.09943547337,0.428409939574,0.455573559143,2.12263210171,0.0,0.0,0.0
2605,3.27419438392,2.85551925827,16.8154090984,1.3711795134,0.445906916841,43.675609127,1.09514388206,0.428169727848,0.459397048345,2.12669890872,0.0,0.0,0.0
2606,3.27545127236,2.85478991507,16.825792752,1.3693989917,0.44579302541,43.6738207321,1.09085821068,0.427927514938,0.463206976934,2.13076742127,0.0,0.0,0.0
2607,3.2767081608,2.85405411033,16.8362672817,1.36762145444,0.445678124971,43.6720154927,1.08657850026,0.427683308473,0.467003269857,2.13483734203,0.0,0.0,0.0
2608,3.27796504923,2.85331185551,16.8468325015,1.36584692198,0.445562217311,43.6701934095,1.08230479144,0.427437116131,0.470785853492,2.13890838312,0.0,0.0,0.0
2609,3.27922193767,2.85256316213,16.857488224,1.36407541449,0.445445304231,43.6683544832,1.07803712452,0.427188945639,0.474554655639,2.14298026569,0.0,0.0,0.0
2610,3.28047882611,2.85180804182,16.8682342611,1.36230695198,0.445327387545,43.6664987147,1.0737755394,0.42693880477,0.478309605518,2.14705271959,0.0,0.0,0.0
2611,3.28173571455,2.85104650628,16.8790704233,1.36054155425,0.445208469082,43.6646261048,1.06952007562,0.426686701344,0.482050633764,2.15112548292,0.0,0.0,0.0
2612,3.28299260299,2.85027856731,16.8899965199,1.35877924091,0.445088550685,43.6627366541,1.06527077236,0.42643264323,0.485777672419,2.15519830176,0.0,0.0,0.0
2613,3.28424949143,2.8495042368,16.9010123594,1.35702003141,0.44496763421,43.6608303636,1.06102766839,0.426176638341,0.489490654933,2.15927092979,0.0,0.0,0.0
2614,3.28550637987,2.84872352673,16.9121177489,1.35526394499,0.444845721526,43.6589072341,1.05679080215,0.425918694634,0.493189516151,2.16334312799,0.0,0.0,0.0
2615,3.28676326831,2.84793644917,16.9233124947,1.35351100072,0.444722814519,43.6569672662,1.05256021167,0.425658820113,0.496874192316,2.16741466437,0.0,0.0,0.0
2616,3.28802015675,2.84714301625,16.9345964019,1.35176121746,0.444598915085,43.655010461,1.04833593464,0.425397022826,0.500544621058,2.17148531365,0.0,0.0,0.0
2617,3.28927704519,2.84634324023,16.9459692745,1.3500146139,0.444474025135,43.6530368191,1.04411800833,0.425133310863,0.504200741394,2.17555485702,0.0,0.0,0.0
2618,3.29053393363,2.84553713342,16.9574309157,1.34827120853,0.444348146595,43.6510463415,1.03990646967,0.424867692358,0.507842493717,2.17962308189,0.0,0.0,0.0
2619,3.29179082207,2.84472470824,16.9689811274,1.34653101966,0.444221281401,43.6490390289,1.03570135519,0.424600175488,0.511469819799,2.18368978161,0.0,0.0,0.0
2620,3.2930477105,2.84390597717,16.9806197107,1.34479406542,0.444093431505,43.6470148823,1.03150270106,0.424330768469,0.515082662776,2.1877547553,0.0,0.0,0.0
2621,3.29430459894,2.84308095281,16.9923464656,1.34306036372,0.443964598871,43.6449739024,1.02731054306,0.424059479561,0.518680967151,2.19181780758,0.0,0.0,0.0
2622,3.29556148738,2.84224964781,17.0041611912,1.34132993231,0.443834785478,43.6429160902,1.02312491658,0.423786317064,0.522264678784,2.19587874842,0.0,0.0,0.0
2623,3.29681837582,2.84141207493,17.0160636857,1.33960278874,0.443703993316,43.6408414464,1.01894585667,0.423511289317,0.52583374489,2.19993739287,0.0,0.0,0.0
2624,3.29807526426,2.84056824699,17.0280537461,1.33787895037,0.446415636041,43.6387499721,1.01477339796,0.428442021471,0.529013757099,2.19422511064,0.0,0.0,0.0
2625,3.2993321527,2.83971817692,17.0401311687,1.33615843437,0.446282041445,43.636641668,1.01060757472,0.428157965251,0.53255483626,2.19837253387,0.0,0.0,0.0
2626,3.30058904114,2.8388618777,17.0522957489,1.33444125772,0.446147467894,43.6345165351,1.00644842083,0.427872036432,0.536081106525,2.2025157672,0.0,0.0,0.0
2627,3.30184592958,2.83799936242,17.0645472811,1.33272743722,0.446011917445,43.6323745742,1.0022959698,0.427584243719,0.539592521126,2.20665467601,0.0,0.0,0.0
2628,3.30310281802,2.83713064425,17.0768855587,1.33101698946,0.445875392167,43.6302157863,0.998150254763,0.427294595856,0.543089034595,2.21078912899,0.0,0.0,0.0
2629,3.30435970646,2.83625573642,17.0893103744,1.32930993085,0.445737894139,43.6280401723,0.994011308457,0.427003101622,0.546570602762,2.21491899798,0.0,0.0,0.0
2630,3.3056165949,2.83537465226,17.10182152,1.32760627761,0.445599425457,43.6258477331,0.989879163251,0.426709769835,0.550037182747,2.21904415792,0.0,0.0,0.0
2631,3.30687348333,2.83448740517,17.1144187864,1.32590604578,0.445459988227,43.6236384696,0.985753851129,0.426414609348,0.553488732959,2.2231644867,0.0,0.0,0.0
2632,3.30813037177,2.83359400863,17.1271019637,1.3242092512,0.445319584567,43.6214123827,0.981635403698,0.426117629048,0.556925213083,2.22727986511,0.0,0.0,0.0
2633,3.30938726021,2.83269447621,17.1398708412,1.32251590952,0.445178216609,43.6191694735,0.977523852183,0.425818837859,0.560346584084,2.23139017671,0.0,0.0,0.0
2634,3.31064414865,2.83178882155,17.1527252073,1.32082603619,0.445035886497,43.6169097428,0.97341922743,0.425518244736,0.563752808191,2.23549530777,0.0,0.0,0.0
2635,3.31190103709,2.83087705837,17.1656648498,1.31913964649,0.444892596387,43.6146331916,0.969321559906,0.425215858669,0.567143848901,2.23959514717,0.0,0.0,0.0
2636,3.31315792553,2.82995920046,17.1786895554,1.31745675551,0.444748348448,43.6123398208,0.965230879696,0.424911688682,0.570519670964,2.24368958632,0.0,0.0,0.0
2637,3.31441481397,2.8290352617,17.1917991103,1.31577737812,0.444603144859,43.6100296315,0.961147216509,0.424605743829,0.573880240384,2.2477785191,0.0,0.0,0.0
2638,3.31567170241,2.82810525604,17.2049932998,1.31410152904,0.444456987813,43.6077026246,0.957070599674,0.424298033197,0.577225524407,2.25186184176,0.0,0.0,0.0
2639,3.31692859085,2.8271691975,17.2182719086,1.31242922278,0.444309879515,43.6053588012,0.95300105814,0.423988565902,0.580555491521,2.25593945289,0.0,0.0,0.0
2640,3.31818547929,2.8262271002,17.2316347206,1.31076047366,0.44699087833,43.602998162,0.94893862048,0.428855540711,0.583559213638,2.25158771305,0.0,0.0,0.0
2641,3.31944236773,2.8252789783,17.2450815189,1.30909529581,0.446840925117,43.6006207083,0.944883314888,0.428536650218,0.586859264447,2.25572910751,0.0,0.0,0.0
2642,3.32069925616,2.82432484606,17.258612086,1.30743370319,0.446690021319,43.598226441,0.940835169181,0.428216000958,0.59014391302,2.25986353468,0.0,0.0,0.0
2643,3.3219561446,2.8233647178,17.2722262037,1.30577570956,0.446538169202,43.5958153611,0.936794210801,0.427893602394,0.593413132977,2.2639909215,0.0,0.0,0.0
2644,3.32321303304,2.82239860793,17.2859236531,1.30412132847,0.446385371045,43.5933874696,0.932760466811,0.427569464016,0.596666899137,2.26811119638,0.0,0.0,0.0
2645,3.32446992148,2.82142653092,17.2997042146,1.30247057332,0.446231629135,43.5909427675,0.928733963901,0.427243595343,0.599905187501,2.27222428916,0.0,0.0,0.0
2646,3.32572680992,2.82044850132,17.3135676681,1.3008234573,0.446076945775,43.5884812559,0.924714728384,0.426916005919,0.603127975256,2.27633013106,0.0,0.0,0.0
2647,3.32698369836,2.81946453373,17.3275137926,1.29917999342,0.445921323274,43.5860029359,0.920702786201,0.426586705314,0.606335240758,2.28042865465,0.0,0.0,0.0
2648,3.3282405868,2.81847464287,17.3415423668,1.2975401945,0.445764763957,43.5835078084,0.916698162917,0.426255703127,0.609526963533,2.28451979384,0.0,0.0,0.0
2649,3.32949747524,2.81747884347,17.3556531686,1.29590407318,0.445607270159,43.5809958746,0.912700883726,0.42592300898,0.612703124264,2.28860348384,0.0,0.0,0.0
2650,3.33075436368,2.81647715038,17.3698459753,1.29427164189,0.445448844224,43.5784671354,0.908710973449,0.425588632518,0.615863704786,2.2926796611,0.0,0.0,0.0
2651,3.33201125212,2.81546957849,17.3841205637,1.29264291292,0.44528948851,43.575921592,0.904728456536,0.425252583412,0.619008688079,2.29674826331,0.0,0.0,0.0
2652,3.33326814056,2.81445614277,17.3984767099,1.29101789833,0.445129205384,43.5733592454,0.900753357067,0.424914871356,0.622138058258,2.3008092294,0.0,0.0,0.0
2653,3.334525029,2.81343685828,17.4129141896,1.28939661001,0.444967997226,43.5707800968,0.896785698752,0.424575506066,0.625251800568,2.30486249945,0.0,0.0,0.0
2654,3.33578191743,2.8124117401,17.4274327779,1.28777905969,0.444805866423,43.5681841472,0.892825504932,0.424234497279,0.628349901375,2.30890801471,0.0,0.0,0.0
2655,3.33703880587,2.81138080342,17.4420322493,1.28616525887,0.447457010368,43.5655713976,0.888872798581,0.42903668543,0.631168311769,2.30555512093,0.0,0.0,0.0
2656,3.33829569431,2.81034406348,17.4567123778,1.28455521891,0.447292003712,43.5629418493,0.884927602306,0.42868593272,0.634235529873,2.30964793719,0.0,0.0,0.0
2657,3.33955258275,2.8093015356,17.471472937,1.28294895096,0.44712607585,43.5602955033,0.880989938349,0.428333539246,0.637287082072,2.31373210902,0.0,0.0,0.0
2658,3.34080947119,2.80825323514,17.4863136999,1.28134646601,0.44695922923,43.5576323608,0.877059828586,0.427979515064,0.640322959176,2.31780759532,0.0,0.0,0.0
2659,3.34206635963,2.80719917754,17.501234439,1.27974777483,0.44679146631,43.5549524228,0.873137294529,0.42762387025,0.643343153072,2.32187435573,0.0,0.0,0.0
2660,3.34332324807,2.80613937832,17.5162349265,1.27815288806,0.446622789557,43.5522556906,0.869222357331,0.427266614901,0.646347656713,2.32593235056,0.0,0.0,0.0
2661,3.34458013651,2.80507385305,17.531314934,1.27656181612,0.446453201451,43.5495421652,0.865315037779,0.426907759129,0.649336464113,2.32998154083,0.0,0.0,0.0
2662,3.34583702495,2.80400261736,17.5464742325,1.27497456926,0.446282704479,43.5468118477,0.861415356302,0.426547313063,0.652309570335,2.33402188822,0.0,0.0,0.0
2663,3.34709391339,2.80292568695,17.561712593,1.27339115755,0.446111301141,43.5440647395,0.857523332971,0.42618528685,0.655266971486,2.33805335512,0.0,0.0,0.0
2664,3.34835080183,2.80184307759,17.5770297857,1.2718115909,0.445938993944,43.5413008415,0.853638987497,0.425821690652,0.658208664707,2.34207590454,0.0,0.0,0.0
2665,3.34960769026,2.80075480509,17.5924255806,1.27023587902,0.445765785408,43.538520155,0.849762339237,0.425456534647,0.661134648164,2.34608950018,0.0,0.0,0.0
2666,3.3508645787,2.79966088534,17.6078997471,1.26866403145,0.445591678061,43.5357226812,0.845893407189,0.425089829027,0.664044921038,2.35009410637,0.0,0.0,0.0
2667,3.35212146714,2.7985613343,17.6234520544,1.26709605754,0.445416674442,43.5329084212,0.84203221,0.424721583998,0.66693948352,2.35408968807,0.0,0.0,0.0
2668,3.35337835558,2.79745616797,17.6390822714,1.26553196649,0.445240777098,43.5300773763,0.838178765963,0.424351809779,0.669818336798,2.35807621091,0.0,0.0,0.0
2669,3.35463524402,2.79634540241,17.6547901663,1.26397176729,0.447863133127,43.5272295475,0.834333093022,0.429090057766,0.672453524803,2.35547904372,0.0,0.0,0.0
2670,3.35589213246,2.79522905377,17.6705755074,1.2624154688,0.447684338549,43.5243649362,0.830495208767,0.428710281799,0.675301189216,2.35950141086,0.0,0.0,0.0
2671,3.3571490209,2.79410713822,17.6864380622,1.26086307967,0.447504652375,43.5214835436,0.826665130442,0.428328983764,0.67813316814,2.36351405735,0.0,0.0,0.0
2672,3.35840590934,2.79297967202,17.7023775982,1.25931460838,0.447324077207,43.5185853708,0.822842874944,0.427946174174,0.680949466594,2.3675169607,0.0,0.0,0.0
2673,3.35966279778,2.79184667146,17.7183938826,1.25777006325,0.447142615657,43.5156704191,0.819028458823,0.427561863551,0.683750090549,2.37151009876,0.0,0.0,0.0
2674,3.36091968622,2.79070815291,17.7344866821,1.25622945242,0.446960270344,43.5127386897,0.815221898287,0.427176062426,0.686535046918,2.37549344976,0.0,0.0,0.0
2675,3.36217657466,2.7895641328,17.7506557632,1.25469278386,0.446777043899,43.5097901839,0.811423209198,0.426788781339,0.689304343549,2.37946699233,0.0,0.0,0.0
2676,3.3634334631,2.78841462758,17.7669008921,1.25316006537,0.446592938959,43.5068249029,0.80763240708,0.42640003084,0.692057989212,2.38343070544,0.0,0.0,0.0
2677,3.36469035153,2.7872596538,17.7832218348,1.25163130458,0.446407958174,43.503842848,0.803849507116,0.426009821485,0.694795993595,2.38738456844,0.0,0.0,0.0
2678,3.36594723997,2.78609922805,17.7996183571,1.25010650896,0.4462221042,43.5008440204,0.80007452415,0.425618163838,0.697518367289,2.39132856108,0.0,0.0,0.0
2679,3.36720412841,2.78493336696,17.8160902242,1.24858568579,0.446035379701,43.4978284214,0.796307472692,0.425225068469,0.700225121783,2.39526266345,0.0,0.0,0.0
2680,3.36846101685,2.78376208723,17.8326372016,1.24706884221,0.445847787352,43.4947960523,0.792548366914,0.424830545954,0.702916269453,2.39918685602,0.0,0.0,0.0
2681,3.36971790529,2.78258540561,17.8492590542,1.24555598517,0.445659329835,43.4917469143,0.788797220658,0.424434606875,0.705591823551,2.40310111964,0.0,0.0,0.0
2682,3.37097479373,2.7814033389,17.8659555468,1.24404712146,0.448254197361,43.4886810088,0.785054047431,0.429111369559,0.708052593245,2.40108881301,0.0,0.0,0.0
2683,3.37223168217,2.78021590396,17.882726444,1.24254225771,0.448062828967,43.485598337,0.781318860412,0.428705222743,0.710697099226,2.40503063924,0.0,0.0,0.0
2684,3.37348857061,2.77902311769,17.8995715102,1.24104140038,0.447870598148,43.4824989003,0.777591672453,0.42829767043,0.713326073197,2.40896202576,0.0,0.0,0.0
2685,3.37474545905,2.77782499706,17.9164905095,1.23954455579,0.447677507635,43.4793826999,0.773872496077,0.427888723467,0.715939531682,2.41288296194,0.0,0.0,0.0
2686,3.37600234749,2.77662155907,17.9334832062,1.23805173006,0.447483560171,43.4762497372,0.770161343484,0.4274783927,0.718537492036,2.41679343732,0.0,0.0,0.0
2687,3.37725923593,2.77541282078,17.950549364,1.23656292917,0.447288758504,43.4731000135,0.766458226548,0.427066688979,0.721119972431,2.42069344169,0.0,0.0,0.0
2688,3.37851612436,2.7741987993,17.9676887468,1.23507815894,0.447093105393,43.4699335302,0.762763156826,0.426653623154,0.723686991853,2.42458296504,0.0,0.0,0.0
2689,3.3797730128,2.77297951179,17.9849011181,1.23359742503,0.446896603602,43.4667502885,0.759076145551,0.426239206076,0.726238570086,2.42846199761,0.0,0.0,0.0
2690,3.38102990124,2.77175497545,18.0021862415,1.23212073293,0.446699255905,43.4635502899,0.755397203643,0.425823448593,0.728774727709,2.43233052982,0.0,0.0,0.0
2691,3.38228678968,2.77052520755,18.0195438802,1.23064808798,0.446501065081,43.4603335356,0.7517263417,0.425406361556,0.731295486079,2.43618855235,0.0,0.0,0.0
2692,3.38354367812,2.76929022538,18.0369737976,1.22917949537,0.446302033921,43.4571000271,0.748063570012,0.424987955811,0.733800867327,2.4400360561,0.0,0.0,0.0
2693,3.38480056656,2.7680500463,18.0544757569,1.22771496012,0.44610216522,43.4538497657,0.744408898553,0.424568242206,0.736290894348,2.4438730322,0.0,0.0,0.0
2694,3.386057455,2.7668046877,18.072049521,1.2262544871,0.448671036037,43.4505827527,0.740762336987,0.42918733694,0.738589959407,2.44232127018,0.0,0.0,0.0
2695,3.38731434344,2.76555416701,18.0896948531,1.22479808103,0.448468248899,43.4472989897,0.73712389467,0.42875725086,0.741049369367,2.44617964162,0.0,0.0,0.0
2696,3.38857123188,2.76429850174,18.1074115161,1.22334574648,0.448264627503,43.4439984779,0.73349358065,0.428325871499,0.743493516133,2.45002707974,0.0,0.0,0.0
2697,3.38982812032,2.76303770941,18.1251992728,1.22189748785,0.448060174693,43.4406812187,0.729871403673,0.427893209938,0.745922425367,2.45386358207,0.0,0.0,0.0
2698,3.39108500876,2.76177180759,18.1430578861,1.2204533094,0.447854893317,43.4373472136,0.726257372179,0.427459277254,0.748336123444,2.45768914627,0.0,0.0,0.0
2699,3.39234189719,2.76050081391,18.1609871189,1.21901321525,0.447648786234,43.433996464,0.722651494308,0.427024084517,0.750734637446,2.46150377012,0.0,0.0,0.0
2700,3.39359878563,2.75922474603,18.1789867337,1.21757720935,0.447441856308,43.4306289713,0.719053777901,0.426587642791,0.75311799515,2.46530745155,0.0,0.0,0.0
2701,3.39485567407,2.75794362166,18.1970564935,1.21614529552,0.447234106409,43.4272447369,0.715464230502,0.426149963132,0.755486225019,2.46910018864,0.0,0.0,0.0
2702,3.39611256251,2.75665745853,18.2151961609,1.21471747741,0.447025539415,43.4238437622,0.711882859359,0.425711056591,0.757839356194,2.47288197958,0.0,0.0,0.0
2703,3.39736945095,2.75536627444,18.2334054987,1.21329375855,0.446816158212,43.4204260487,0.708309671428,0.425270934208,0.760177418484,2.47665282273,0.0,0.0,0.0
2704,3.39862633939,2.75407008722,18.2516842697,1.21187414231,0.44660596569,43.4169915979,0.704744673372,0.424829607015,0.762500442352,2.48041271661,0.0,0.0,0.0
2705,3.39988322783,2.75276891474,18.2700322366,1.21045863191,0.449150489179,43.4135404111,0.701187871566,0.429395996265,0.764652601054,2.47922850859,0.0,0.0,0.0
2706,3.40114011627,2.7514627749,18.2884491622,1.20904723043,0.448937375271,43.4100724899,0.697639272096,0.428944163268,0.766945613047,2.48300509857,0.0,0.0,0.0
2707,3.40239700471,2.75015168565,18.3069348093,1.20763994082,0.448723453803,43.4065878357,0.694098880765,0.428491143149,0.769223700329,2.48677040958,0.0,0.0,0.0
2708,3.40365389315,2.74883566499,18.3254889409,1.20623676588,0.448508727708,43.40308645,0.69056670309,0.428036947151,0.771486895688,2.49052444514,0.0,0.0,0.0
2709,3.40491078159,2.74751473093,18.3441113197,1.20483770825,0.448293199928,43.3995683343,0.687042744308,0.427581586503,0.773735232522,2.49426720884,0.0,0.0,0.0
2710,3.40616767003,2.74618890153,18.3628017089,1.20344277047,0.44807687341,43.39603349,0.683527009377,0.427125072422,0.775968744832,2.49799870437,0.0,0.0,0.0
2711,3.40742455846,2.7448581949,18.3815598715,1.20205195491,0.447859751107,43.3924819187,0.680019502977,0.426667416111,0.778187467211,2.5017189355,0.0,0.0,0.0
2712,3.4086814469,2.74352262917,18.4003855707,1.2006652638,0.447641835978,43.3889136219,0.676520229511,0.42620862876,0.780391434835,2.50542790608,0.0,0.0,0.0
2713,3.40993833534,2.74218222251,18.4192785696,1.19928269927,0.447423130987,43.385328601,0.673029193113,0.425748721545,0.782580683457,2.50912562007,0.0,0.0,0.0
2714,3.41119522378,2.74083699312,18.4382386315,1.19790426327,0.447203639105,43.3817268577,0.669546397641,0.425287705628,0.784755249393,2.51281208152,0.0,0.0,0.0
2715,3.41245211222,2.73948695925,18.45726552,1.19652995764,0.44972559249,43.3781083933,0.666071846687,0.429807311449,0.786776205147,2.51192425574,0.0,0.0,0.0
2716,3.41370900066,2.73813213917,18.4763589985,1.19515978409,0.449503179584,43.3744732095,0.662605543574,0.429335678846,0.788921452663,2.515623768,0.0,0.0,0.0
2717,3.4149658891,2.73677255119,18.4955188307,1.19379374417,0.44927998396,43.3708213078,0.65914749136,0.42886295797,0.79105214843,2.51931175465,0.0,0.0,0.0
2718,3.41622277754,2.73540821365,18.5147447803,1.19243183934,0.449056008627,43.3671526898,0.655697692842,0.428389160167,0.793168330696,2.5229882238,0.0,0.0,0.0
2719,3.41747966598,2.73403914492,18.5340366114,1.19107407089,0.448831256604,43.3634673569,0.652256150553,0.427914296764,0.795270038234,2.52665318361,0.0,0.0,0.0
2720,3.41873655442,2.73266536341,18.5533940879,1.18972044001,0.44860573091,43.3597653108,0.648822866769,0.427438379069,0.797357310326,2.53030664229,0.0,0.0,0.0
2721,3.41999344286,2.73128688755,18.572816974,1.18837094773,0.448379434573,43.356046553,0.645397843509,0.426961418371,0.799430186757,2.53394860809,0.0,0.0,0.0
2722,3.42125033129,2.72990373582,18.5923050342,1.187025595,0.448152370625,43.3523110851,0.641981082536,0.426483425941,0.801488707807,2.53757908935,0.0,0.0,0.0
2723,3.42250721973,2.7285159267,18.6118580329,1.18568438259,0.447924542101,43.3485589086,0.638572585361,0.426004413028,0.803532914239,2.54119809445,0.0,0.0,0.0
2724,3.42376410817,2.72712347873,18.631475735,1.18434731118,0.447695952044,43.3447900253,0.635172353245,0.425524390861,0.805562847294,2.54480563185,0.0,0.0,0.0
2725,3.42502099661,2.72572641046,18.6511579051,1.18301438131,0.450195058358,43.3410044366,0.631780387199,0.429994238117,0.807454142115,2.5441802869,0.0,0.0,0.0
2726,3.42627788505,2.72432474048,18.6709043086,1.18168559342,0.449963551304,43.3372021441,0.628396687989,0.429503514423,0.809455578301,2.54779776916,0.0,0.0,0.0
2727,3.42753477349,2.72291848739,18.6907147105,1.18036094779,0.449731287281,43.3333831496,0.625021256136,0.429011804503,0.811442886095,2.55140355715,0.0,0.0,0.0
2728,3.42879166193,2.72150766985,18.7105888764,1.17904044461,0.449498269368,43.3295474545,0.621654091917,0.428519119743,0.813416108308,2.55499766264,0.0,0.0,0.0
2729,3.43004855037,2.72009230651,18.730526572,1.17772408393,0.449264500648,43.3256950606,0.618295195372,0.428025471506,0.815375288184,2.55858009744,0.0,0.0,0.0
2730,3.43130543881,2.71867241607,18.7505275631,1.1764118657,0.449029984209,43.3218259694,0.614944566299,0.427530871133,0.817320469393,2.5621508734,0.0,0.0,0.0
2731,3.43256232725,2.71724801725,18.7705916159,1.17510378974,0.448794723143,43.3179401825,0.611602204264,0.427035329937,0.81925169602,2.5657100024,0.0,0.0,0.0
2732,3.43381921569,2.71581912878,18.7907184968,1.17379985575,0.448558720544,43.3140377018,0.608268108596,0.426538859207,0.821169012563,2.56925749636,0.0,0.0,0.0
2733,3.43507610413,2.71438576945,18.8109079722,1.17250006333,0.448321979513,43.3101185287,0.604942278393,0.426041470207,0.823072463916,2.57279336725,0.0,0.0,0.0
2734,3.43633299256,2.71294795805,18.8311598091,1.17120441194,0.448084503155,43.3061826649,0.601624712524,0.425543174175,0.824962095366,2.57631762708,0.0,0.0,0.0
2735,3.437589881,2.71150571338,18.8514737745,1.16991290095,0.450560514503,43.3022301122,0.598315409627,0.429960474143,0.826726197171,2.57592529132,0.0,0.0,0.0
2736,3.43884676944,2.7100590543,18.8718496358,1.1686255296,0.450320128709,43.2982608722,0.595014368119,0.429451417456,0.828588256571,2.57945683754,0.0,0.0,0.0
2737,3.44010365788,2.70860799965,18.8922871605,1.16734229703,0.450079012522,43.2942749465,0.59172158619,0.4289414792,0.830436652184,2.58297658472,0.0,0.0,0.0
2738,3.44136054632,2.70715256834,18.9127861166,1.16606320227,0.44983716908,43.2902723369,0.588437061809,0.428430670744,0.832271430531,2.58648454764,0.0,0.0,0.0
2739,3.44261743476,2.70569277925,18.933346272,1.16478824422,0.449594601525,43.2862530451,0.585160792727,0.427919003428,0.834092638486,2.5899807411,0.0,0.0,0.0
2740,3.4438743232,2.70422865133,18.9539673954,1.1635174217,0.449351313001,43.2822170727,0.581892776476,0.42740648856,0.835900323264,2.59346517992,0.0,0.0,0.0
2741,3.44513121164,2.70276020351,18.9746492553,1.16225073341,0.449107306656,43.2781644215,0.578633010373,0.426893137421,0.83769453242,2.59693787893,0.0,0.0,0.0
2742,3.44638810008,2.70128745476,18.9953916207,1.16098817794,0.448862585643,43.2740950932,0.575381491522,0.426378961259,0.839475313839,2.600398853,0.0,0.0,0.0
2743,3.44764498852,2.69981042407,19.016194261,1.15972975377,0.448617153117,43.2700090895,0.572138216817,0.425863971294,0.841242715723,2.60384811704,0.0,0.0,0.0
2744,3.44890187696,2.69832913045,19.0370569457,1.15847545928,0.451072042388,43.2659064121,0.56890318294,0.430236136577,0.84289619463,2.60364615594,0.0,0.0,0.0
2745,3.45015876539,2.69684359291,19.0579794448,1.15722529276,0.450823709286,43.2617870628,0.565676386368,0.429710335641,0.844636914801,2.6071005954,0.0,0.0,0.0
2746,3.45141565383,2.6953538305,19.0789615285,1.15597925239,0.450574669924,43.2576510434,0.562457823372,0.429183748492,0.846364419385,2.61054316691,0.0,0.0,0.0
2747,3.45267254227,2.69385986228,19.1000029672,1.15473733622,0.450324927489,43.2534983555,0.559247490022,0.428656386453,0.848078757538,2.61397388771,0.0,0.0,0.0
2748,3.45392943071,2.69236170732,19.121103532,1.15349954225,0.450074485167,43.2493290009,0.556045382183,0.428128260817,0.8497799787,2.61739277506,0.0,0.0,0.0
2749,3.45518631915,2.6908593847,19.1422629939,1.15226586835,0.449823346152,43.2451429815,0.552851495526,0.42759938284,0.851468132589,2.62079984622,0.0,0.0,0.0
2750,3.45644320759,2.68935291355,19.1634811245,1.15103631228,0.449571513637,43.2409402989,0.549665825521,0.427069763744,0.853143269191,2.62419511847,0.0,0.0,0.0
2751,3.45770009603,2.68784231297,19.1847576957,1.14981087174,0.449318990818,43.2367209551,0.546488367444,0.426539414716,0.854805438758,2.62757860911,0.0,0.0,0.0
2752,3.45895698447,2.68632760211,19.2060924797,1.14858954429,0.449065780894,43.2324849516,0.543319116381,0.426008346908,0.856454691795,2.63095033545,0.0,0.0,0.0
2753,3.46021387291,2.68480880012,19.227485249,1.14737232744,0.451499383357,43.2282322904,0.540158067224,0.430333222288,0.858000340396,2.6309198625,0.0,0.0,0.0
2754,3.46147076135,2.68328592615,19.2489357767,1.14615921857,0.451243284432,43.2239629733,0.537005214676,0.429791313483,0.859623855659,2.63429492098,0.0,0.0,0.0
2755,3.46272764979,2.68175899939,19.270443836,1.14495021499,0.450986503956,43.219677002,0.533860553256,0.429248715473,0.861234624172,2.63765808299,0.0,0.0,0.0
2756,3.46398453823,2.68022803903,19.2920092005,1.14374531389,0.450729045156,43.2153743784,0.530724077296,0.428705439493,0.862832697134,2.64100936785,0.0,0.0,0.0
2757,3.46524142666,2.67869306426,19.3136316443,1.14254451239,0.450470911261,43.2110551043,0.527595780946,0.428161496737,0.864418125966,2.64434879488,0.0,0.0,0.0
2758,3.4664983151,2.6771540943,19.3353109418,1.14134780753,0.450212105502,43.2067191815,0.524475658174,0.427616898362,0.865990962304,2.64767638341,0.0,0.0,0.0
2759,3.46775520354,2.67561114837,19.3570468678,1.14015519623,0.449952631112,43.2023666119,0.521363702771,0.427071655487,0.867551257993,2.65099215276,0.0,0.0,0.0
2760,3.46901209198,2.67406424571,19.3788391974,1.13896667535,0.449692491325,43.1979973972,0.518259908349,0.426525779189,0.86909906508,2.65429612229,0.0,0.0,0.0
2761,3.47026898042,2.67251340556,19.4006877063,1.13778224164,0.449431689378,43.1936115395,0.515164268346,0.425979280506,0.870634435806,2.65758831135,0.0,0.0,0.0
2762,3.47152586886,2.67095864717,19.4225921703,1.13660189177,0.45184386078,43.1892090405,0.512076776028,0.430254850191,0.872075439188,2.65771246253,0.0,0.0,0.0
2763,3.4727827573,2.66939998981,19.4445523658,1.13542562234,0.45158018401,43.1847899021,0.508997424489,0.429697500328,0.87358605605,2.6610063712,0.0,0.0,0.0
2764,3.47403964574,2.66783745275,19.4665680696,1.13425342985,0.451315850913,43.1803541261,0.505926206654,0.429139559495,0.875084410359,2.66428838942,0.0,0.0,0.0
2765,3.47529653418,2.66627105526,19.4886390588,1.13308531071,0.451050864751,43.1759017145,0.502863115281,0.428581038788,0.876570554813,2.66755853824,0.0,0.0,0.0
2766,3.47655342262,2.66470081663,19.5107651111,1.13192126127,0.450785228787,43.1714326691,0.499808142962,0.428021949261,0.878044542281,2.67081683875,0.0,0.0,0.0
2767,3.47781031106,2.66312675616,19.5329460043,1.13076127778,0.450518946284,43.1669469918,0.496761282126,0.427462301925,0.879506425785,2.67406331201,0.0,0.0,0.0
2768,3.47906719949,2.66154889314,19.5551815169,1.12960535642,0.450252020508,43.1624446846,0.493722525042,0.426902107748,0.880956258504,2.67729797911,0.0,0.0,0.0
2769,3.48032408793,2.65996724688,19.5774714278,1.12845349328,0.449984454725,43.1579257493,0.490691863819,0.426341377655,0.88239409376,2.68052086111,0.0,0.0,0.0
2770,3.48158097637,2.65838183669,19.5998155161,1.12730568438,0.452377295073,43.1533901879,0.487669290406,0.430576107292,0.883745866166,2.68077234233,0.0,0.0,0.0
2771,3.48283786481,2.65679268189,19.6222135616,1.12616192565,0.452106868329,43.1488380022,0.484654796599,0.430004513,0.885159836665,2.68399564483,0.0,0.0,0.0
2772,3.48409475325,2.65519980179,19.6446653444,1.12502221297,0.451835807652,43.1442691943,0.48164837404,0.429432415809,0.886561985785,2.68720706996,0.0,0.0,0.0
2773,3.48535164169,2.65360321572,19.667170645,1.12388654211,0.451564116329,43.139683766,0.478650014218,0.42885982668,0.88795236712,2.69040664032,0.0,0.0,0.0
2774,3.48660853013,2.652002943,19.6897292444,1.12275490878,0.451291797649,43.1350817193,0.475659708472,0.428286756528,0.889331034383,2.69359437846,0.0,0.0,0.0
2775,3.48786541857,2.65039900298,19.7123409241,1.12162730863,0.451018854902,43.1304630561,0.472677447993,0.427713216222,0.890698041399,2.69677030696,0.0,0.0,0.0
2776,3.48912230701,2.64879141498,19.735005466,1.12050373721,0.450745291378,43.1258277784,0.469703223826,0.427139216584,0.892053442102,2.69993444837,0.0,0.0,0.0
2777,3.49037919545,2.64718019833,19.7577226523,1.11938419002,0.450471110367,43.1211758883,0.466737026871,0.42656476839,0.893397290527,2.70308682526,0.0,0.0,0.0
2778,3.49163608389,2.64556537238,19.780492266,1.11826866248,0.452844528739,43.1165073875,0.463778847885,0.430757085493,0.894662571895,2.70345453113,0.0,0.0,0.0
2779,3.49289297232,2.64394695645,19.8033140902,1.11715714994,0.45256750259,43.1118222782,0.460828677485,0.430171775367,0.895983460932,2.70660617404,0.0,0.0,0.0
2780,3.49414986076,2.6423249699,19.8261879087,1.11604964767,0.452289865251,43.1071205622,0.457886506147,0.429586051186,0.897292974881,2.70974597575,0.0,0.0,0.0
2781,3.4954067492,2.64069943205,19.8491135055,1.1149461509,0.452011620034,43.1024022417,0.454952324213,0.428999923739,0.898591167878,2.71287396015,0.0,0.0,0.0
2782,3.49666363764,2.63907036225,19.8720906655,1.11384665476,0.451732770248,43.0976673186,0.452026121886,0.428413403768,0.899878094135,2.71599015108,0.0,0.0,0.0
2783,3.49792052608,2.63743777983,19.8951191736,1.11275115432,0.451453319204,43.0929157949,0.449107889238,0.427826501963,0.901153807938,2.7190945724,0.0,0.0,0.0
2784,3.49917741452,2.63580170413,19.9181988155,1.11165964461,0.45117327021,43.0881476726,0.446197616206,0.427239228968,0.902418363636,2.72218724794,0.0,0.0,0.0
2785,3.50043430296,2.63416215448,19.9413293772,1.11057212057,0.450892626577,43.0833629538,0.443295292599,0.426651595373,0.903671815642,2.72526820153,0.0,0.0,0.0
2786,3.5016911914,2.63251915022,19.9645106453,1.10948857707,0.453246545911,43.0785616404,0.440400908097,0.430800024449,0.904853498893,2.72574201203,0.0,0.0,0.0
2787,3.50294807984,2.63087271067,19.9877424068,1.10840900895,0.452963074837,43.0737437346,0.437514452254,0.430201546084,0.906084906055,2.72882120533,0.0,0.0,0.0
2788,3.50420496828,2.62922285517,20.0110244491,1.10733341094,0.452679015631,43.0689092383,0.434635914497,0.429602742979,0.907305386779,2.73188861381,0.0,0.0,0.0
2789,3.50546185672,2.62756960302,20.0343565604,1.10626177775,0.452394371618,43.0640581537,0.431765284131,0.429003625721,0.908514995427,2.73494426246,0.0,0.0,0.0
2790,3.50671874516,2.62591297356,20.0577385289,1.10519410401,0.452109146125,43.0591904827,0.42890255034,0.428404204843,0.9097137864,2.73798817622,0.0,0.0,0.0
2791,3.50797563359,2.62425298609,20.0811701438,1.1041303843,0.451823342478,43.0543062274,0.426047702187,0.427804490827,0.910901814132,2.74102038006,0.0,0.0,0.0
2792,3.50923252203,2.62258965993,20.1046511945,1.10307061313,0.451536964,43.04940539,0.423200728618,0.427204494101,0.91207913309,2.74404089892,0.0,0.0,0.0
2793,3.51048941047,2.62092301438,20.1281814709,1.10201478495,0.451250014015,43.0444879724,0.420361618459,0.426604225041,0.913245797762,2.7470497577,0.0,0.0,0.0
2794,3.51174629891,2.61925306874,20.1517607636,1.10096289416,0.453584370783,43.0395539769,0.417530360427,0.430707388914,0.91434688918,2.7476204308,0.0,0.0,0.0
2795,3.51300318735,2.61757984229,20.1753888633,1.09991493512,0.45329461285,43.0346034054,0.41470694312,0.430096306689,0.915492426452,2.75062661691,0.0,0.0,0.0
2796,3.51426007579,2.61590335433,20.1990655617,1.09887090209,0.45300429011,43.02963626,0.411891355028,0.429484989223,0.916627485836,2.75362109229,0.0,0.0,0.0
2797,3.51551696423,2.61422362413,20.2227906507,1.09783078932,0.452713405901,43.024652543,0.409083584531,0.428873446864,0.917752121635,2.7566038829,0.0,0.0,0.0
2798,3.51677385267,2.61254067096,20.2465639227,1.09679459098,0.45242196356,43.0196522563,0.406283619897,0.428261689909,0.918866388162,2.75957501464,0.0,0.0,0.0
2799,3.51803074111,2.61085451409,20.2703851708,1.0957623012,0.452129966424,43.0146354022,0.403491449292,0.427649728596,0.919970339727,2.76253451341,0.0,0.0,0.0
2800,3.51928762955,2.60916517276,20.2942541884,1.09473391404,0.451837417825,43.0096019827,0.400707060774,0.42703757311,0.92106403064,2.7654824051,0.0,0.0,0.0
2801,3.52054451799,2.60747266622,20.3181707695,1.09370942353,0.454154403839,43.0045519999,0.397930442299,0.43110480539,0.922097741824,2.76613331926,0.0,0.0,0.0
2802,3.52180140642,2.60577701371,20.3421347087,1.09268882364,0.453859064964,42.9994854561,0.39516158172,0.430481854235,0.923171099465,2.76907779399,0.0,0.0,0.0
2803,3.52305829486,2.60407823445,20.366145801,1.09167210828,0.453563181489,42.9944023534,0.392400466789,0.429858747092,0.924234371465,2.77201062094,0.0,0.0,0.0
2804,3.5243151833,2.60237634766,20.3902038419,1.09065927133,0.453266756763,42.9893026939,0.389647085162,0.429235494103,0.925287611844,2.77493182686,0.0,0.0,0.0
2805,3.52557207174,2.60067137254,20.4143086275,1.08965030661,0.45296979413,42.9841864799,0.386901424394,0.428612105349,0.926330874602,2.77784143853,0.0,0.0,0.0
2806,3.52682896018,2.59896332829,20.4384599545,1.08864520788,0.452672296932,42.9790537133,0.384163471948,0.427988590856,0.927364213712,2.78073948266,0.0,0.0,0.0
2807,3.52808584862,2.59725223408,20.4626576199,1.08764396888,0.452374268512,42.9739043966,0.381433215189,0.427364960594,0.928387683123,2.78362598596,0.0,0.0,0.0
2808,3.52934273706,2.5955381091,20.4869014214,1.08664658328,0.452075712209,42.9687385317,0.378710641393,0.426741224472,0.929401336748,2.78650097513,0.0,0.0,0.0
2809,3.5305996255,2.59382097249,20.5111911571,1.08565304472,0.454373048741,42.963556121,0.375995737742,0.430760765415,0.930360208295,2.7872333637,0.0,0.0,0.0
2810,3.53185651394,2.5921008434,20.5355266258,1.08466334679,0.454071724827,42.9583571666,0.37328849133,0.430126291317,0.931354437949,2.79010420691,0.0,0.0,0.0
2811,3.53311340238,2.59037774097,20.5599076267,1.08367748303,0.453769880056,42.9531416708,0.370588889161,0.429491750537,0.932339024536,2.79296350505,0.0,0.0,0.0
2812,3.53437029082,2.58865168431,20.5843339595,1.08269544695,0.453467517778,42.9479096357,0.367896918155,0.428857152925,0.933314021578,2.7958112856,0.0,0.0,0.0
2813,3.53562717926,2.58692269252,20.6088054246,1.081717232,0.45316464134,42.9426610636,0.365212565143,0.428222508267,0.934279482551,2.79864757601,0.0,0.0,0.0
2814,3.53688406769,2.58519078471,20.6333218228,1.0807428316,0.452861254085,42.9373959567,0.362535816876,0.427587826292,0.935235460876,2.80147240371,0.0,0.0,0.0
2815,3.53814095613,2.58345597994,20.6578829554,1.07977223913,0.452557359355,42.9321143172,0.359866660021,0.426953116671,0.936182009925,2.8042857961,0.0,0.0,0.0
2816,3.53939784457,2.58171829727,20.6824886243,1.07880544792,0.454837263083,42.9268161474,0.357205081162,0.430934553627,0.937078467768,2.80508580313,0.0,0.0,0.0
2817,3.54065473301,2.57997775575,20.707138632,1.07784245127,0.454530621134,42.9215014495,0.354551066806,0.430289146202,0.938006374091,2.80789445317,0.0,0.0,0.0
2818,3.54191162145,2.57823437441,20.7318327815,1.07688324244,0.454223478876,42.9161702259,0.351904603382,0.429643751193,0.938925021364,2.81069164495,0.0,0.0,0.0
2819,3.54316850989,2.57648817227,20.7565708762,1.07592781464,0.453915839659,42.9108224786,0.34926567724,0.428998378188,0.939834462486,2.81347740658,0.0,0.0,0.0
2820,3.54442539833,2.5747391683,20.7813527201,1.07497616106,0.453607706829,42.9054582101,0.346634274657,0.428353036716,0.940734750289,2.81625176612,0.0,0.0,0.0
2821,3.54568228677,2.57298738151,20.806178118,1.07402827484,0.45329908373,42.9000774226,0.344010381834,0.427707736245,0.94162593753,2.81901475164,0.0,0.0,0.0
2822,3.54693917521,2.57123283084,20.8310468749,1.07308414909,0.452989973702,42.8946801184,0.3413939849,0.42706248618,0.942508076896,2.82176639113,0.0,0.0,0.0
2823,3.54819606365,2.56947553525,20.8559587966,1.07214377687,0.45525242766,42.8892662997,0.338785069914,0.431004858733,0.9433444366,2.82262872747,0.0,0.0,0.0
2824,3.54945295209,2.56771551365,20.8809136891,1.07120715124,0.454940592002,42.883835969,0.336183622862,0.430348961233,0.944208704533,2.82537508824,0.0,0.0,0.0
2825,3.55070984052,2.56595278496,20.9059113594,1.07027426518,0.454628276707,42.8783891284,0.333589629665,0.429693154989,0.945064091912,2.82811008726,0.0,0.0,0.0
2826,3.55196672896,2.56418736805,20.9309516147,1.06934511167,0.454315485124,42.8729257803,0.331003076174,0.42903744931,0.945910650884,2.83083375316,0.0,0.0,0.0
2827,3.5532236174,2.56241928181,20.9560342628,1.06841968364,0.454002220595,42.867445927,0.328423948174,0.428381853442,0.946748433509,2.83354611455,0.0,0.0,0.0
2828,3.55448050584,2.56064854508,20.9811591123,1.06749797401,0.453688486459,42.8619495709,0.325852231387,0.427726376572,0.947577491761,2.83624720001,0.0,0.0,0.0
2829,3.55573739428,2.55887517668,21.0063259719,1.06657997563,0.453374286052,42.8564367143,0.323287911471,0.427071027821,0.94839787752,2.83893703807,0.0,0.0,0.0
2830,3.55699428272,2.55709919543,21.0315346513,1.06566568136,0.455619281556,42.8509073595,0.32073097402,0.430973439676,0.949176457421,2.83985678265,0.0,0.0,0.0
2831,3.55825117116,2.55532062012,21.0567849605,1.06475508399,0.455302378246,42.8453615088,0.318181404568,0.430307503691,0.949979730832,2.84254086024,0.0,0.0,0.0
2832,3.5595080596,2.5535394695,21.0820767101,1.06384817632,0.454985016074,42.8397991647,0.315639188591,0.429641737362,0.950774495811,2.84521368122,0.0,0.0,0.0
2833,3.56076494804,2.55175576233,21.1074097112,1.0629449511,0.45466719838,42.8342203295,0.313104311505,0.428976149701,0.95156080364,2.84787527469,0.0,0.0,0.0
2834,3.56202183648,2.54996951733,21.1327837756,1.06204540104,0.454348928499,42.8286250056,0.310576758668,0.428310749653,0.952338705502,2.8505256697,0.0,0.0,0.0
2835,3.56327872492,2.54818075319,21.1581987154,1.06114951885,0.454030209764,42.8230131953,0.308056515384,0.427645546102,0.953108252476,2.85316489528,0.0,0.0,0.0
2836,3.56453561335,2.5463894886,21.1836543435,1.06025729718,0.456259983923,42.817384901,0.3055435669,0.4315179214,0.953839535149,2.85413248334,0.0,0.0,0.0
2837,3.56579250179,2.54459574221,21.2091504733,1.05936872869,0.455938581918,42.8117401252,0.303037898411,0.430842166891,0.954592604668,2.85676554932,0.0,0.0,0.0
2838,3.56704939023,2.54279953265,21.2346869186,1.05848380598,0.455616738563,42.8060788701,0.300539495058,0.430166651069,0.95533748033,2.85938744203,0.0,0.0,0.0
2839,3.56830627867,2.54100087854,21.260263494,1.05760252165,0.455294457195,42.8004011383,0.298048341933,0.42949138269,0.956074212575,2.86199819097,0.0,0.0,0.0
2840,3.56956316711,2.53919979844,21.2858800143,1.05672486826,0.454971741143,42.7947069322,0.295564424076,0.428816370449,0.956802851727,2.86459782563,0.0,0.0,0.0
2841,3.57082005555,2.53739631094,21.3115362953,1.05585083835,0.454648593732,42.7889962541,0.293087726478,0.428141622973,0.957523448,2.86718637545,0.0,0.0,0.0
2842,3.57207694399,2.53559043455,21.3372321529,1.05498042443,0.454325018283,42.7832691064,0.290618234084,0.427467148825,0.958236051486,2.86976386982,0.0,0.0,0.0
2843,3.57333383243,2.53378218779,21.3629674039,1.054113619,0.456537336613,42.7775254917,0.28815593179,0.431297961809,0.958913781754,2.87078051358,0.0,0.0,0.0
2844,3.57459072087,2.53197158915,21.3887418655,1.05325041452,0.456211102623,42.7717654124,0.285700804448,0.430613014564,0.959610639754,2.87335145683,0.0,0.0,0.0
2845,3.57584760931,2.53015865708,21.4145553554,1.05239080345,0.455884448196,42.7659888708,0.283252836864,0.429928383345,0.960299662219,2.87591134618,0.0,0.0,0.0
2846,3.57710449775,2.52834341002,21.4404076921,1.05153477821,0.455557376654,42.7601958696,0.280812013802,0.429244076575,0.96098089856,2.87846021147,0.0,0.0,0.0
2847,3.57836138619,2.52652586637,21.4662986943,1.05068233121,0.455229891312,42.754386411,0.278378319984,0.428560102614,0.961654398065,2.8809980825,0.0,0.0,0.0
2848,3.57961827462,2.52470604452,21.4922281815,1.04983345482,0.454901995483,42.7485604977,0.27595174009,0.427876469753,0.962320209896,2.88352498901,0.0,0.0,0.0
2849,3.58087516306,2.52288396282,21.5181959737,1.04898814142,0.457099101839,42.742718132,0.273532258759,0.431675777199,0.962954153741,2.88458260522,0.0,0.0,0.0
2850,3.5821320515,2.52105963959,21.5442018915,1.04814638334,0.456768568801,42.7368593165,0.271119860593,0.430981722839,0.963604830253,2.88710263478,0.0,0.0,0.0
2851,3.58338893994,2.51923309313,21.5702457559,1.04730817292,0.456437632957,42.7309840537,0.268714530153,0.430288052773,0.964247972935,2.88961170583,0.0,0.0,0.0
2852,3.58464582838,2.51740434172,21.5963273886,1.04647350246,0.456106297616,42.725092346,0.266316251966,0.429594775145,0.964883630236,2.89210984852,0.0,0.0,0.0
2853,3.58590271682,2.51557340359,21.6224466117,1.04564236425,0.455774566083,42.7191841959,0.263925010522,0.428901898028,0.965511850475,2.89459709294,0.0,0.0,0.0
2854,3.58715960526,2.51374029697,21.6486032481,1.04481475057,0.45544244166,42.713259606,0.261540790275,0.428209429432,0.966132681834,2.89707346915,0.0,0.0,0.0
2855,3.5884164937,2.51190504003,21.674797121,1.04399065366,0.45510992764,42.7073185788,0.259163575645,0.427517377299,0.966746172361,2.89953900715,0.0,0.0,0.0
2856,3.58967338214,2.51006765093,21.7010280543,1.04317006576,0.457289607537,42.7013611169,0.256793351021,0.43127373854,0.967330712298,2.90063833485,0.0,0.0,0.0
2857,3.59093027058,2.5082281478,21.7272958724,1.0423529791,0.456954482843,42.6953872226,0.254430100759,0.430571359061,0.967929767361,2.90309668055,0.0,0.0,0.0
2858,3.59218715902,2.50638654874,21.7536004002,1.04153938589,0.456618976307,42.6893968987,0.252073809182,0.42986943957,0.968521631298,2.90554419854,0.0,0.0,0.0
2859,3.59344404745,2.50454287181,21.7799414634,1.04072927832,0.45628309122,42.6833901476,0.249724460587,0.429167987845,0.969106351417,2.90798091914,0.0,0.0,0.0
2860,3.59470093589,2.50269713505,21.8063188878,1.03992264856,0.455946830869,42.6773669719,0.247382039237,0.428467011598,0.969683974884,2.91040687266,0.0,0.0,0.0
2861,3.59595782433,2.50084935646,21.8327325003,1.03911948877,0.455610198535,42.6713273741,0.245046529371,0.427766518474,0.970254548723,2.91282208936,0.0,0.0,0.0
2862,3.59721471277,2.49899955403,21.8591821278,1.03831979112,0.457774698539,42.6652713568,0.242717915199,0.431490088684,0.970798736549,2.9139563311,0.0,0.0,0.0
2863,3.59847160121,2.49714774569,21.8856675982,1.03752354772,0.457435478393,42.6591989227,0.240396180904,0.430779333982,0.971355456641,2.91636409177,0.0,0.0,0.0
2864,3.59972848965,2.49529394936,21.9121887397,1.03673075072,0.457095894081,42.6531100742,0.238081310645,0.430069106276,0.971905273156,2.91876112979,0.0,0.0,0.0
2865,3.60098537809,2.49343818293,21.9387453811,1.03594139222,0.456755948878,42.6470048141,0.235773288555,0.429359413033,0.97244823236,2.92114747574,0.0,0.0,0.0
2866,3.60224226653,2.49158046423,21.9653373518,1.03515546432,0.456415646053,42.6408831447,0.233472098746,0.428650261658,0.972984380372,2.92352316011,0.0,0.0,0.0
2867,3.60349915497,2.48972081109,21.9919644816,1.0343729591,0.456074988871,42.6347450689,0.231177725304,0.427941659486,0.973513763163,2.92588821336,0.0,0.0,0.0
2868,3.60475604341,2.48785924129,22.0186266011,1.03359386866,0.458224330174,42.6285905891,0.228890152295,0.431631861283,0.974019131992,2.92705478086,0.0,0.0,0.0
2869,3.60601293185,2.48599577258,22.0453235413,1.03281818505,0.45788110871,42.6224197081,0.226609363764,0.430913069636,0.97453522887,2.92941214018,0.0,0.0,0.0
2870,3.60726982029,2.48413042268,22.0720551336,1.03204590033,0.457537540761,42.6162324283,0.224335343736,0.430194871342,0.975044702845,2.93175888597,0.0,0.0,0.0
2871,3.60852670872,2.48226320929,22.0988212102,1.03127700655,0.457193629585,42.6100287526,0.222068076215,0.429477273551,0.975547599116,2.93409504894,0.0,0.0,0.0
2872,3.60978359716,2.48039415004,22.1256216038,1.03051149575,0.456849378432,42.6038086834,0.21980754519,0.428760283345,0.97604396273,2.93642065976,0.0,0.0,0.0
2873,3.6110404856,2.47852326255,22.1524561475,1.02974935996,0.456504790547,42.5975722235,0.217553734628,0.428043907741,0.976533838581,2.93873574906,0.0,0.0,0.0
2874,3.61229737404,2.47665056442,22.1793246751,1.0289905912,0.458638998856,42.5913193755,0.215306628484,0.431700201914,0.977001896123,2.9399321955,0.0,0.0,0.0
2875,3.61355426248,2.47477607319,22.2062270207,1.02823518149,0.45829187085,42.5850501421,0.213066210692,0.430973715018,0.977479039573,2.94223937697,0.0,0.0,0.0
2876,3.61481115092,2.47289980637,22.2331630194,1.02748312282,0.457944414032,42.5787645259,0.210832465175,0.430247887082,0.977949833789,2.94453605761,0.0,0.0,0.0
2877,3.61606803936,2.47102178145,22.2601325063,1.02673440721,0.45759663164,42.5724625296,0.208605375839,0.429522724929,0.978414322883,2.94682226827,0.0,0.0,0.0
2878,3.6173249278,2.46914201587,22.2871353174,1.02598902663,0.457248526902,42.5661441559,0.206384926578,0.428798235311,0.978872550812,2.94909803974,0.0,0.0,0.0
2879,3.61858181624,2.46726052703,22.3141712892,1.02524697309,0.456900103045,42.5598094075,0.204171101273,0.428074424916,0.979324561376,2.95136340276,0.0,0.0,0.0
2880,3.61983870468,2.46537733233,22.3412402586,1.02450823855,0.459019208455,42.5534582871,0.201963883791,0.431696310236,0.979756787023,2.95258741368,0.0,0.0,0.0
2881,3.62109559312,2.46349244908,22.3683420631,1.02377281499,0.458668269232,42.5470907973,0.199763257991,0.430962472545,0.980196604036,2.95484467726,0.0,0.0,0.0
2882,3.62235248155,2.4616058946,22.3954765409,1.02304069439,0.458317018848,42.540706941,0.197569207718,0.43022935858,0.980630338385,2.95709155595,0.0,0.0,0.0
2883,3.62360936999,2.45971768615,22.4226435304,1.0223118687,0.457965460518,42.5343067207,0.195381716809,0.429496974821,0.981058033084,2.95932808068,0.0,0.0,0.0
2884,3.62486625843,2.45782784096,22.4498428709,1.02158632988,0.45761359745,42.5278901393,0.193200769093,0.428765327684,0.981479730985,2.96155428234,0.0,0.0,0.0
2885,3.62612314687,2.45593637622,22.477074402,1.0208640699,0.457261432844,42.5214571995,0.191026348389,0.428034423519,0.981895474783,2.96377019174,0.0,0.0,0.0
2886,3.62738003531,2.4540433091,22.5043379638,1.0201450807,0.459365469697,42.515007904,0.188858438508,0.431621436472,0.982293317143,2.96501957667,0.0,0.0,0.0
2887,3.62863692375,2.45214865669,22.5316333972,1.01942935423,0.459010815043,42.5085422555,0.186697023255,0.430880594557,0.982697391328,2.96722721574,0.0,0.0,0.0
2888,3.62989381219,2.4502524361,22.5589605434,1.01871688243,0.458655866844,42.5020602569,0.184542086428,0.430140540193,0.983095642265,2.96942458874,0.0,0.0,0.0
2889,3.63115070063,2.44835466436,22.5863192442,1.01800765726,0.45830062829,42.4955619108,0.182393611821,0.429401279517,0.983488111857,2.97161172666,0.0,0.0,0.0
2890,3.63240758907,2.44645535847,22.6137093419,1.01730167064,0.457945102564,42.48904722,0.180251583222,0.428662818597,0.983874841845,2.97378866044,0.0,0.0,0.0
2891,3.63366447751,2.44455453541,22.6411306794,1.01659891452,0.457589292841,42.4825161874,0.178115984414,0.427925163437,0.984255873809,2.97595542096,0.0,0.0,0.0
2892,3.63492136595,2.4426522121,22.6685831001,1.01589938084,0.459678299595,42.4759688157,0.175986799178,0.431476877875,0.984620748641,2.97722810571,0.0,0.0,0.0
2893,3.63617825438,2.44074840544,22.6960664479,1.01520306152,0.459320025668,42.4694051076,0.173864011291,0.430729379784,0.984990619856,2.97938644427,0.0,0.0,0.0
2894,3.63743514282,2.43884313227,22.7235805672,1.01450994851,0.458961475763,42.462825066,0.171747604529,0.429982732049,0.985354920053,2.98153463813,0.0,0.0,0.0
2895,3.63869203126,2.43693640942,22.7511253031,1.01382003373,0.458602653043,42.4562286937,0.169637562664,0.429236940451,0.985713690021,2.98367271832,0.0,0.0,0.0
2896,3.6399489197,2.43502825364,22.7787005009,1.01313330912,0.458243560666,42.4496159935,0.167533869471,0.428492010706,0.986066970385,2.98580071582,0.0,0.0,0.0
2897,3.64120580814,2.43311868169,22.8063060068,1.01244976661,0.460319756008,42.4429869682,0.16543650872,0.432018687099,0.986405560139,2.98709323893,0.0,0.0,0.0
2898,3.64246269658,2.43120771024,22.8339416673,1.01176939814,0.45995822087,42.4363416206,0.163345464184,0.431263975181,0.986748090124,2.98921268109,0.0,0.0,0.0
2899,3.64371958502,2.42929535597,22.8616073294,1.01109219564,0.459596424116,42.4296799536,0.161260719637,0.430510169827,0.987085254297,2.99132207112,0.0,0.0,0.0
2900,3.64497647346,2.42738163548,22.8893028408,1.01041815104,0.459234368888,42.42300197,0.159182258854,0.429757276526,0.987417092494,2.99342144012,0.0,0.0,0.0
2901,3.6462333619,2.42546656535,22.9170280495,1.00974725627,0.458872058323,42.4163076727,0.157110065612,0.4290053007,0.98774364439,2.99551081911,0.0,0.0,0.0
2902,3.64749025034,2.42355016211,22.9447828042,1.00907950328,0.458509495548,42.4095970645,0.15504412369,0.428254247706,0.988064949495,2.99759023906,0.0,0.0,0.0
2903,3.64874713878,2.42163244227,22.972566954,1.008414884,0.460570740177,42.4028701482,0.152984416871,0.431744839964,0.988373058722,2.99890247726,0.0,0.0,0.0
2904,3.65000402722,2.41971342226,23.0003803485,1.00775339037,0.460205761398,42.3961269267,0.150930928942,0.430984109076,0.988684094664,3.00097322283,0.0,0.0,0.0
2905,3.65126091565,2.41779311851,23.0282228381,1.00709501434,0.459840538463,42.389367403,0.148883643693,0.430224345631,0.988990003782,3.00303404197,0.0,0.0,0.0
2906,3.65251780409,2.4158715474,23.0560942732,1.00643974785,0.459475074486,42.3825915798,0.146842544921,0.429465554753,0.989290824804,3.00508496574,1.0,616.167454515,1.46728092656
2907,3.65377469253,2.41394872524,23.0839945052,1.00578758285,0.459109372574,42.3757994601,0.144807616427,0.428707741499,0.989586596291,3.00712602513,1.0,616.164490768,1.37059916086
2908,3.65503158097,2.41202466832,23.1119233857,1.00513851128,0.461157874925,42.3689910467,0.142778842019,0.432172518445,0.98987041175,3.00845514633,1.0,616.177956245,1.32740367789
2909,3.65628846941,2.41009939291,23.1398807671,1.00449252511,0.460789779225,42.3621663427,0.140756205509,0.431405096433,0.990156301713,3.01048742465,1.0,616.174992416,1.27289865195
2910,3.65754535785,2.4081729152,23.1678665019,1.00384961629,0.460421453657,42.3553253508,0.138739690721,0.430638696675,0.990437258935,3.0125098729,1.0,616.172021979,1.22690022747
2911,3.65880224629,2.40624525136,23.1958804435,1.00320977678,0.46005290131,42.348468074,0.136729281481,0.429873323988,0.990713321197,3.01452252218,1.0,616.169044938,1.18634279271
2912,3.66005913473,2.4043164175,23.2239224456,1.00257299855,0.459684125268,42.3415945152,0.134724961627,0.429108983127,0.990984526119,3.0165254035,1.0,616.166061298,1.14965141421
2913,3.66131602317,2.40238642972,23.2519923625,1.00193927356,0.459315128605,42.3347046774,0.132726715003,0.42834567878,0.99125091116,3.01851854781,1.0,616.163071063,1.11588961355
2914,3.66257291161,2.40045530404,23.280090049,1.0013085938,0.461348772542,42.3277985634,0.130734525466,0.431773707668,0.991506616016,3.01986413411,1.0,616.176417331,1.0943927776
2915,3.66382980005,2.39852305647,23.3082153602,1.00068095124,0.460977409645,42.3208761763,0.128748376877,0.431000907385,0.991763573119,3.0218484069,1.0,616.173427166,1.06415940171
2916,3.66508668848,2.39658970295,23.336368152,1.00005633787,0.460605834194,42.313937519,0.126768253112,0.430229188038,0.992015823375,3.02382297869,1.0,616.170430449,1.03561335748
2917,3.66634357692,2.3946552594,23.3645482806,0.999434745673,0.460234049247,42.3069825944,0.124794138055,0.429458554071,0.992263403467,3.02578788052,1.0,616.167427184,1.00849755433
2918,3.66760046536,2.39271974168,23.3927556028,0.998816166649,0.459862057853,42.3000114055,0.122826015602,0.428689009866,0.992506349921,3.02774314332,1.0,616.164417377,0.982614100097
2919,3.6688573538,2.39078316561,23.4209899759,0.9982005928,0.461883039389,42.2930239553,0.12086386966,0.432090546374,0.992739658037,3.02910292741,1.0,616.177640167,0.965212951313
2920,3.67011424224,2.38884554698,23.4492512576,0.997588016131,0.461508704659,42.2860202468,0.118907684148,0.431311583004,0.992973541564,3.03104923543,1.0,616.17463054,0.940989161747
2921,3.67137113068,2.38690690152,23.4775393062,0.996978428657,0.461134171552,42.2790002829,0.116957442998,0.430533753744,0.993202901378,3.03298594189,1.0,616.171614414,0.91764782245
2922,3.67262801912,2.38496724493,23.5058539805,0.996371822398,0.460759443101,42.2719640666,0.115013130153,0.429757062723,0.993427773237,3.03491307778,1.0,616.168591792,0.895097416242
2923,3.67388490756,2.38302659285,23.5341951396,0.99576818938,0.46038452233,42.264911601,0.113074729573,0.428981514008,0.993648192741,3.03683067404,1.0,616.16556268,0.873261167429
2924,3.675141796,2.3810849609,23.5625626434,0.995167521638,0.460009412252,42.257842889,0.111142225227,0.428207111604,0.993864195327,3.03873876151,1.0,616.162527083,0.852073917381
2925,3.67639868444,2.37914236462,23.5909563521,0.994569811212,0.462015639756,42.2507579337,0.109215601102,0.431571354975,0.994071639823,3.04011206049,1.0,616.175635412,0.837150892139
2926,3.67765557288,2.37719881955,23.6193761263,0.993975050151,0.461638214587,42.2436567381,0.107294841198,0.430787653845,0.994279005791,3.04201112784,1.0,616.172600141,0.816876759313
2927,3.67891246132,2.37525434115,23.6478218274,0.99338323051,0.46126060817,42.2365393052,0.10537992953,0.430005143067,0.994482061102,3.04390072531,1.0,616.169558426,0.797120043167
2928,3.68016934975,2.37330894484,23.6762933169,0.992794344353,0.460882823503,42.2294056381,0.103470850129,0.429223826392,0.994680840442,3.04578088377,1.0,616.166510273,0.792954330545
2929,3.68142623819,2.37136264603,23.7047904571,0.992208383752,0.460504863573,42.2222557398,0.10156758704,0.428443707508,0.994875378336,3.04765163407,1.0,616.163455686,0.811787883549
2930,3.68268312663,2.36941546004,23.7333131106,0.991625340785,0.4624985186,42.2150896133,0.0996701243267,0.431780879607,0.995062224324,3.04903668805,1.0,616.176445031,0.82550887771
2931,3.68394001507,2.36746740217,23.7618611406,0.991045207542,0.462118267064,42.2079072617,0.0977784460678,0.430991545652,0.995248468337,3.05089835562,1.0,616.173390877,0.843709240332
2932,3.68519690351,2.36551848767,23.7904344107,0.990467976118,0.461737848318,42.2007086881,0.0958925363594,0.43020345337,0.995430574146,3.05275065512,1.0,616.170330331,0.861538193548
2933,3.68645379195,2.36356873175,23.819032785,0.989893638619,0.461357265329,42.1934938955,0.094012379315,0.42941660619,0.995608575534,3.05459361739,1.0,616.167263398,0.879018418905
2934,3.68771068039,2.36161814956,23.8476561282,0.989322187159,0.460976521058,42.1862628871,0.0921379590658,0.428631007483,0.995782506123,3.0564272732,1.0,616.164190083,0.896170405716
2935,3.68896756883,2.35966675622,23.8763043052,0.988753613862,0.462957647233,42.1790156659,0.0902692597608,0.431940836743,0.995949533184,3.05782302191,1.0,616.177062588,0.909064966273
2936,3.69022445727,2.3577145668,23.9049771816,0.988187910859,0.462574635094,42.171752235,0.088406265568,0.431146109717,0.996115502731,3.05964754119,1.0,616.17398981,0.92574831355
2937,3.69148134571,2.35576159632,23.9336746234,0.987625070294,0.462191469715,42.1644725975,0.0865489606737,0.430352674846,0.996277501749,3.06146279524,1.0,616.170910692,0.942148912084
2938,3.69273823415,2.35380785976,23.9623964971,0.987065084318,0.461808154033,42.1571767565,0.0846973292836,0.429560535238,0.996435563131,3.06326881483,1.0,616.167825238,0.958281371232
2939,3.69399512258,2.35185337205,23.9911426697,0.986507945092,0.46142469098,42.1498647151,0.0828513556228,0.428769693941,0.996589719614,3.06506563064,1.0,616.164733453,0.974159105709
2940,3.69525201102,2.34989814809,24.0199130086,0.985953644788,0.463393333867,42.1425364765,0.0810110239365,0.432051928413,0.996737687253,3.06647105794,1.0,616.177491217,0.986457782932
2941,3.69650889946,2.3479422027,24.0487073817,0.985402175587,0.463007626918,42.1351920437,0.0791763184897,0.431252048493,0.996884205752,3.06825869174,1.0,616.174400073,1.00197334283
2942,3.6977657879,2.34598555069,24.0775256573,0.984853529682,0.462621780626,42.12783142,0.0773472235682,0.430453510332,0.997026916695,3.07003716403,1.0,616.171302639,1.0172647734
2943,3.69902267634,2.3440282068,24.1063677044,0.984307699274,0.462235797896,42.1204546084,0.0755237234785,0.429656316711,0.9971658521,3.07180650551,1.0,616.168198921,1.03234213703
2944,3.70027956478,2.34207018573,24.1352333921,0.983764676578,0.461849681631,42.1130616122,0.0737058025482,0.428860470357,0.997301043831,3.07356674678,1.0,616.165088922,1.04721478396
2945,3.70153645322,2.34011150215,24.1641225903,0.983224453817,0.463805888667,42.1056524344,0.0718934451265,0.432114877494,0.997430691363,3.07498087866,1.0,616.177733998,1.05907145233
2946,3.70279334166,2.33815217066,24.1930351691,0.982687023225,0.463417552696,42.0982270782,0.0700866355842,0.431310085004,0.997558558524,3.07673190027,1.0,616.174624742,1.07365562402
2947,3.7040502301,2.33619220582,24.2219709993,0.982152377048,0.463029091197,42.0907855468,0.0682853583145,0.430506682954,0.997682776482,3.07847386489,1.0,616.171509247,1.08805685332
2948,3.70530711854,2.33423162215,24.250929952,0.981620507545,0.462640507047,42.0833278434,0.0664895977325,0.429704673802,0.997803376393,3.08020680311,1.0,616.168387518,1.10228242488
2949,3.70656400698,2.33227043413,24.2799118987,0.981091406983,0.462251803114,42.0758539712,0.0646993382764,0.428904059949,0.99792038926,3.08193074544,1.0,616.165259561,1.11633916973
2950,3.70782089542,2.33030865617,24.3089167116,0.980565067642,0.464195623548,42.0683639333,0.062914564407,0.432130426369,0.998032435761,3.08335264816,1.0,616.177793956,1.12786307407
2951,3.70907778385,2.32834630265,24.3379442632,0.980041481814,0.463804724298,42.060857733,0.0611352606086,0.431320961503,0.998142427978,3.0850673406,1.0,616.17466684,1.14168502066
2952,3.71033467229,2.3263833879,24.3669944264,0.979520641803,0.463413713252,42.0533353734,0.0593614113889,0.430512934803,0.998248924806,3.08677308125,1.0,616.171533536,1.15535432483
2953,3.71159156073,2.3244199262,24.3960670746,0.979002539925,0.463022593254,42.0457968578,0.0575930012794,0.429706348399,0.998351956552,3.08846990058,1.0,616.168394049,1.16887646851
2954,3.71284844917,2.3224559318,24.4251620816,0.978487168506,0.462631367141,42.0382421894,0.0558300148356,0.428901204368,0.998451553374,3.09015782899,1.0,616.165248383,1.1822566296
2955,3.71410533761,2.32049141887,24.4542793219,0.977974519887,0.462240037738,42.0306713714,0.0540724366375,0.428097504731,0.99854774528,3.09183689681,1.0,616.162096544,1.19549970554
2956,3.71536222605,2.31852640155,24.4834186702,0.977464586421,0.464169455105,42.0230844071,0.0523202512894,0.431285438152,0.998639568461,3.0932652626,1.0,616.174529337,1.20671526523
2957,3.71661911449,2.31656089395,24.5125800016,0.976957360471,0.46377596009,42.0154812997,0.0505734434207,0.430473025613,0.99872909319,3.09493507189,1.0,616.171378474,1.21977179858
2958,3.71787600293,2.31459491011,24.5417631919,0.976452834415,0.463382369731,42.0078620524,0.0488319976857,0.429662099776,0.998815301366,3.09659606551,1.0,616.168221478,1.23270306083
2959,3.71913289137,2.31262846402,24.570968117,0.975951000643,0.462988686831,42.0002266686,0.0470958987642,0.428852662391,0.998898222315,3.09824827374,1.0,616.165058353,1.24551309602
2960,3.72038977981,2.31066156965,24.6001946536,0.975451851559,0.464907888721,41.9925751514,0.0453651313614,0.432022382549,0.998977143178,3.09968306916,1.0,616.177377241,1.25659756528
2961,3.72164666825,2.30869424089,24.6294426787,0.974955379577,0.464512059811,41.9849075041,0.0436396802085,0.431204291697,0.999053623488,3.10132598771,1.0,616.174215153,1.26924539871
2962,3.72290355668,2.30672649159,24.6587120695,0.974461577127,0.464116146289,41.9772237301,0.0419195300625,0.430387731449,0.999126902759,3.10296016649,1.0,616.171046978,1.28178187206
2963,3.72416044512,2.30475833558,24.6880027041,0.973970436651,0.463720150935,41.9695238325,0.040204665707,0.429572703284,0.999197009655,3.10458563574,1.0,616.16787272,1.29421037673
2964,3.72541733356,2.30278978661,24.7173144606,0.973481950604,0.463324076517,41.9618078148,0.0384950719517,0.428759208625,0.999263972687,3.10620242559,1.0,616.164692384,1.30653415138
2965,3.726674222,2.30082085839,24.7466472179,0.972996111456,0.46523104977,41.9540756802,0.0367907336333,0.431900360171,0.999327328784,3.10764241491,1.0,616.176906361,1.31748137581
2966,3.72793111044,2.29885156458,24.7760008549,0.972512911689,0.464832854226,41.9463274319,0.0350916356154,0.431078314162,0.999388127611,3.10924990476,1.0,616.173727156,1.32966867412
2967,3.72918799888,2.29688191882,24.8053752515,0.972032343798,0.464434587515,41.9385630734,0.0333977627886,0.430257843409,0.999445866119,3.11084876151,1.0,616.170541915,1.3417592558
2968,3.73044488732,2.29491193466,24.8347702874,0.971554400294,0.46403625238,41.9307826078,0.0317091000711,0.429438949063,0.999500572168,3.11243901524,1.0,616.16735064,1.35375588414
2969,3.73170177576,2.29294162563,24.8641858433,0.9710790737,0.463637851555,41.9229860387,0.0300256324083,0.428621632222,0.999552273474,3.11402069596,1.0,616.164153338,1.36566120953
2970,3.7329586642,2.2909710052,24.8936217999,0.970606356555,0.465532652027,41.9151733692,0.0283473447737,0.431734075602,0.999600703656,3.11546508968,1.0,616.176264245,1.37651344915
2971,3.73421555264,2.28900008679,24.9230780386,0.970136241408,0.465132155094,41.9073446028,0.0266742221686,0.430908311558,0.999646508388,3.117037466,1.0,616.173068168,1.38830357864
2972,3.73547244108,2.2870288838,24.9525544411,0.969668720827,0.464731600331,41.8994997427,0.0250062496224,0.430084166337,0.999689389336,3.1186013162,1.0,616.169866103,1.40000905862
2973,3.73672932951,2.28505740953,24.9820508895,0.969203787391,0.464330990445,41.8916387924,0.0233434121929,0.429261640765,0.999729373575,3.12015667021,1.0,616.166658054,1.41163218541
2974,3.73798621795,2.28308567728,25.0115672664,0.968741433695,0.463930328136,41.8837617552,0.0216856949664,0.428440735617,0.999766488039,3.1217035579,1.0,616.163444028,1.4231751701
2975,3.73924310639,2.28111370028,25.0411034548,0.968281652347,0.465813013184,41.8758686344,0.0200330830579,0.431524348928,0.999800611527,3.12315159885,1.0,616.175453669,1.43396861957
2976,3.74049999483,2.27914149171,25.0706593381,0.967824435971,0.465410279902,41.8679594335,0.0183855616112,0.430695102603,0.999832088436,3.12468918334,1.0,616.17224096,1.4454144284
2977,3.74175688327,2.27716906471,25.1002348,0.967369777204,0.465007502017,41.8600341558,0.0167431157993,0.429867517558,0.999860774002,3.12621834893,1.0,616.169022313,1.45678573254
2978,3.74301377171,2.27519643237,25.1298297249,0.966917668699,0.464604682199,41.8520928047,0.0151057308242,0.429041594296,0.999886694534,3.1277391254,1.0,616.165797732,1.4680844748
2979,3.74427066015,2.27322360772,25.1594439973,0.966468103123,0.464201823112,41.8441353836,0.0134733919174,0.428217333271,0.9999098762,3.12925154248,1.0,616.162567222,1.47931253257
2980,3.74552754859,2.27125060377,25.1890775024,0.966021073158,0.46607245153,41.836161896,0.01184608434,0.431272011911,0.999930292838,3.13070250446,1.0,616.174477362,1.49007910657
2981,3.74678443703,2.26927743344,25.2187301255,0.965576571502,0.465667546707,41.8281723452,0.0102237933827,0.430439517467,0.999948087549,3.13220562482,1.0,616.17124826,1.50122559027
2982,3.74804132547,2.26730410963,25.2484017527,0.965134590866,0.465262610391,41.8201667346,0.00860650436608,0.429608725628,0.999963219362,3.13370043369,1.0,616.168013269,1.51230625855
2983,3.74929821391,2.2653306452,25.2780922701,0.964695123978,0.464857645217,41.8121450677,0.00699420264074,0.428779636574,0.999975713832,3.13518696068,1.0,616.164772395,1.52332278298
2984,3.75055510235,2.26335705293,25.3078015645,0.964258163579,0.464452653811,41.804107348,0.00538687358741,0.427952250442,0.99998559638,3.13666523534,1.0,616.161525641,1.53427678441
2985,3.75181199078,2.26138334558,25.3375295229,0.963823702427,0.466311285775,41.7960535787,0.00378450261713,0.430977906743,0.999992886912,3.13811842186,1.0,616.173338006,1.54504543045
2986,3.75306887922,2.25940953585,25.3672760329,0.963391733295,0.465904273958,41.7879837635,0.00218707517138,0.430142396537,0.999997624884,3.13958741132,1.0,616.170092749,1.55593166159
2987,3.75432576766,2.25743563638,25.3970409824,0.962962248971,0.465497243638,41.7798979057,0.000594576722223,0.429308629108,0.999999824495,3.14104819678,1.0,616.166841652,1.56675965446
2988,3.7555826561,2.25546165979,25.4268242596,0.962535242259,0.465090197413,41.7717960089,-0.000993007227577,0.428476604317,0.999999510568,3.1425008077,1.0,616.16358472,1.56406178263
2989,3.75683954454,2.25348761862,25.4566257533,0.962110705977,0.466938881228,41.7636780764,-0.00257569114441,0.431482962632,0.999996705307,3.14395669398,1.0,616.175293621,1.553261627
2990,3.75809643298,2.25151352538,25.4864453526,0.96168863296,0.466529834882,41.7555441117,-0.00415348946369,0.430642884824,0.999991434176,3.14540001654,1.0,616.172038241,1.54254821098
2991,3.75935332142,2.24953939253,25.516282947,0.961269016059,0.466120780327,41.7473941184,-0.00572641658973,0.429804589205,0.999983721178,3.14683521333,1.0,616.168777064,1.53188763969
2992,3.76061020986,2.24756523248,25.5461384263,0.960851848138,0.465711720136,41.7392281,-0.00729448689563,0.428968075362,0.999973590548,3.14826231367,1.0,616.165510096,1.52127858087
2993,3.7618670983,2.24559105758,25.5760116809,0.960437122081,0.465302656869,41.7310460598,-0.00885771472315,0.428133342842,0.999961066387,3.14968134686,1.0,616.162237341,1.510719735
2994,3.76312398674,2.24361688016,25.6059026014,0.960024830784,0.467139455814,41.7228480015,-0.0104161143826,0.431110478768,0.999946131664,3.15113823607,1.0,616.173851779,1.49986998171
2995,3.76438087518,2.24164271246,25.6358110789,0.95961496716,0.466728417895,41.7146339285,-0.0119697001527,0.430267805566,0.999928878413,3.15254800109,1.0,616.170580663,1.48935720698
2996,3.76563776361,2.23966856671,25.6657370048,0.959207524139,0.466317384545,41.7064038444,-0.0135184862805,0.42942695268,0.99990930101,3.15394974804,1.0,616.167303799,1.47889106602
2997,3.76689465205,2.23769445506,25.6956802711,0.958802494666,0.465906358297,41.6981577527,-0.0150624869814,0.428587919382,0.999887422983,3.15534350609,1.0,616.164021193,1.46847035869
2998,3.76815154049,2.23572038965,25.7256407698,0.958399871702,0.465495341674,41.6898956568,-0.0166017164386,0.427750704905,0.999863267733,3.15672930433,1.0,616.160732849,1.4580939103
2999,3.76940842893,2.23374638252,25.7556183937,0.957999648224,0.467320319546,41.6816175605,-0.0181361888035,0.430698576858,0.999836732931,3.15818657785,1.0,616.172254446,1.44716901536
3000,3.77066531737,2.23177244571,25.7856130358,0.957601817226,0.466907353787,41.6733234671,-0.0196659181956,0.429853535226,0.999808069044,3.15956313238,1.0,616.168967826,1.43682760589
3001,3.77192220581,2.22979859119,25.8156245893,0.957206371717,0.466494405243,41.6650133803,-0.0211909187018,0.42901035083,0.999777195076,3.1609317765,1.0,616.165675507,1.42652713207
3002,3.77317909425,2.22782483087,25.8456529481,0.956813304723,0.466081476407,41.6566873036,-0.022711204377,0.428169022632,0.999744133866,3.16229253919,1.0,616.162377493,1.41626649369
3003,3.77443598269,2.22585117663,25.8756980064,0.956422609286,0.467896649013,41.6483452405,-0.0242267892438,0.431097211315,0.999708684325,3.16375098729,1.0,616.173800376,1.40525305433
3004,3.77569287113,2.22387764029,25.9057596586,0.956034278464,0.467481791525,41.6399871948,-0.0257376872921,0.430248131416,0.999671284799,3.16510251395,1.0,616.170504138,1.39501894654
3005,3.77694975957,2.22190423363,25.9358377995,0.955648305332,0.467066961296,41.6316131698,-0.0272439124794,0.429400945765,0.999631763421,3.16644620888,1.0,616.167202243,1.38482148615
3006,3.77820664801,2.21993096838,25.9659323246,0.955264682981,0.466652160793,41.6232231693,-0.0287454787305,0.428555653053,0.999590142482,3.16778210094,1.0,616.163894698,1.37465963017
3007,3.77946353645,2.21795785621,25.9960431294,0.954883404518,0.466237392469,41.6148171968,-0.0302423999376,0.427712251936,0.999546444152,3.16911021891,1.0,616.160581507,1.36453235103
3008,3.78072042488,2.21598490876,26.0261701099,0.954504463067,0.468040861876,41.606395256,-0.0317346899601,0.430611058725,0.999500302166,3.1705679646,1.0,616.171914661,1.3533971102
3009,3.78197731332,2.2140121376,26.0563131626,0.954127851769,0.467624190491,41.5979573503,-0.0332223626245,0.429760021718,0.999452472713,3.17188687843,1.0,616.168603329,1.34328586038
3010,3.78323420176,2.21203955428,26.086472184,0.953753563781,0.467207558778,41.5895034836,-0.0347054317243,0.428910913739,0.999402629129,3.1731980681,1.0,616.165286388,1.33320611173
3011,3.7844910902,2.21006717027,26.1166470715,0.953381592276,0.466790969162,41.5810336593,-0.0361839110202,0.428063733175,0.999350793047,3.17450156226,1.0,616.161963844,1.32315687421
3012,3.78574797864,2.20809499701,26.1468377225,0.953011930444,0.468584729354,41.5725478811,-0.0376578142397,0.430942643282,0.99929643946,3.17595957974,1.0,616.173201291,1.31189432956
3013,3.78700486708,2.20612304588,26.1770440347,0.952644571493,0.468166257243,41.5640461526,-0.0391271550771,0.430087904773,0.99924063227,3.17725388369,1.0,616.169880655,1.30185264569
3014,3.78826175552,2.20415132823,26.2072659065,0.952279508645,0.467747834679,41.5555284775,-0.0405919471938,0.429235130712,0.999182894176,3.17854054232,1.0,616.166554454,1.29183842492
3015,3.78951864396,2.20217985535,26.2375032363,0.95191673514,0.467329464058,41.5469948595,-0.0420522042176,0.428384319218,0.999123246288,3.17981958414,1.0,616.163222693,1.28185069972
3016,3.7907755324,2.20020863848,26.2677559232,0.951556244237,0.466911147764,41.5384453022,-0.0435079397432,0.427535468381,0.999061709597,3.18109103761,1.0,616.159885376,1.27188850964
3017,3.79203242084,2.1982376888,26.2980238664,0.951198029207,0.468693326294,41.5298798092,-0.0449591673319,0.430384929173,0.998997516728,3.18254734563,1.0,616.171036084,1.26045310618
3018,3.79328930928,2.19626701748,26.3283069656,0.950842083343,0.468273153128,41.5212983843,-0.0464059005115,0.42952863805,0.998932203506,3.18380964749,1.0,616.167700757,1.25048766735
3019,3.79454619771,2.19429663559,26.3586051207,0.95048839995,0.467853041675,41.5127010311,-0.0478481527765,0.428674343966,0.998865061052,3.18506441134,1.0,616.164359912,1.2405446953
3020,3.79580308615,2.1923265542,26.3889182322,0.950136972354,0.467432994291,41.5040877533,-0.0492859375877,0.427822044745,0.998796109847,3.18631166548,1.0,616.161013554,1.23062323325
3021,3.79705997459,2.1903567843,26.4192462007,0.949787793894,0.469205562648,41.4954585546,-0.0507192683724,0.430651436918,0.998724366732,3.18776740664,1.0,616.172071445,1.21901623092
3022,3.79831686303,2.18838733684,26.4495889273,0.949440857929,0.468783679008,41.4868134387,-0.0521481585244,0.429791777494,0.998651789209,3.18900552877,1.0,616.168727124,1.20908238214
3023,3.79957375147,2.18641822273,26.4799463134,0.949096157834,0.468361866776,41.4781524094,-0.0535726214037,0.428934148884,0.998577460921,3.19023619172,1.0,616.165377328,1.19916689056
3024,3.80083063991,2.18444945281,26.5103182608,0.948753687,0.467940128276,41.4694754702,-0.0549926703367,0.428078548648,0.998501401849,3.19145942368,1.0,616.162022061,1.18926878683
3025,3.80208752835,2.18248103791,26.5407046716,0.948413438836,0.467518465825,41.460782625,-0.056408318616,0.42722497432,0.998423631859,3.19267525273,1.0,616.15866133,1.17938710033
3026,3.80334441679,2.18051298878,26.5711054482,0.948075406767,0.469279577403,41.4520738775,-0.0578195795005,0.430024898052,0.998342850278,3.19412835168,1.0,616.169635353,1.16754725294
3027,3.80460130523,2.17854531612,26.6015204935,0.947739584236,0.468856104309,41.4433492315,-0.0592264662153,0.429164082607,0.998261636572,3.19533509339,1.0,616.166276737,1.15764113734
3028,3.80585819367,2.1765780306,26.6319497106,0.947405964703,0.468432714533,41.4346086905,-0.0606289919515,0.428305328343,0.998178768014,3.19653448283,1.0,616.162912693,1.14774811321
3029,3.80711508211,2.17461114284,26.662393003,0.947074541643,0.46800941036,41.4258522585,-0.0620271698666,0.427448632533,0.998094263985,3.19772654794,1.0,616.159543226,1.13786717484
3030,3.80837197054,2.1726446634,26.6928502746,0.946745308551,0.46976101354,41.4170799392,-0.0634210130842,0.430228355606,0.998006553311,3.19917830131,1.0,616.17042721,1.1258015877
3031,3.80962885898,2.1706786028,26.7233214294,0.946418258938,0.469335919357,41.4082917363,-0.0648105346936,0.429364500558,0.997918746477,3.20036130381,1.0,616.167059906,1.11588554053
3032,3.81088574742,2.16871297151,26.753806372,0.94609338633,0.468910917997,41.3994876537,-0.0661957477506,0.428502738776,0.997829358735,3.20153703276,1.0,616.163687215,1.10597802379
3033,3.81214263586,2.16674777996,26.7843050073,0.945770684272,0.468486011715,41.390667695,-0.0675766652769,0.427643067278,0.997738408991,3.20270551597,1.0,616.160309143,1.09607797477
3034,3.8133995243,2.16478303851,26.8148172404,0.945450146327,0.470228152736,41.3818318641,-0.0689533002601,0.43040251253,0.997644033207,3.2041555814,1.0,616.171104434,1.08375749731
3035,3.81465641274,2.16281875751,26.8453429768,0.945131766074,0.469801477082,41.3729801648,-0.0703256656539,0.429535764555,0.997549917597,3.20531502898,1.0,616.16772857,1.07381055955
3036,3.81591330118,2.16085494722,26.8758821224,0.944815537107,0.469374903675,41.3641126008,-0.071693774378,0.428671141202,0.997454293084,3.2064672817,1.0,616.164347362,1.0638672166
3037,3.81717018962,2.15889161787,26.9064345834,0.944501453041,0.468948434739,41.355229176,-0.0730576393179,0.427808639235,0.997357178103,3.20761236723,1.0,616.160960814,1.05392632193
3038,3.81842707806,2.15692877966,26.9370002663,0.944189507506,0.468522072485,41.3463298942,-0.0744172733253,0.426948255392,0.997258590983,3.20875031313,1.0,616.157568931,1.04398671055
3039,3.8196839665,2.15496644272,26.9675790779,0.943879694148,0.470252942676,41.3374147593,-0.0757726892177,0.42967824243,0.997156246079,3.21019649269,1.0,616.168284439,1.03131664279
3040,3.82094085494,2.15300461714,26.9981709253,0.943572006632,0.469824836593,41.328483775,-0.0771238997785,0.428810902803,0.9970546595,3.21132545551,1.0,616.164894841,1.02131379109
3041,3.82219774338,2.15104331296,27.0287757161,0.94326643864,0.469396844289,41.3195369452,-0.078470917757,0.427945714926,0.996951652104,3.21244732962,1.0,616.161499944,1.01130782137
3042,3.82345463181,2.14908254017,27.0593933582,0.942962983871,0.468968967945,41.3105742737,-0.0798137558685,0.427082675289,0.996847241764,3.21356214245,1.0,616.158099755,1.00129744233
3043,3.82471152025,2.14712230873,27.0900237595,0.942661636039,0.470690481305,41.3015957643,-0.0811524267942,0.42979230765,0.996738797936,3.21500593572,1.0,616.168729191,0.988291198329
3044,3.82596840869,2.14516262852,27.1206668286,0.942362388879,0.470260881741,41.292601421,-0.0824869431811,0.42892239631,0.996631516478,3.21611179691,1.0,616.165331331,0.978202046881
3045,3.82722529713,2.14320350941,27.1513224743,0.94206523614,0.469831405179,41.2835912477,-0.0838173176423,0.42805466634,0.99652288201,3.2172106478,1.0,616.161928213,0.968103474109
3046,3.82848218557,2.1412449612,27.1819906056,0.94177017159,0.469402053769,41.274565248,-0.0851435627566,0.427189113979,0.996412911963,3.21830251566,1.0,616.158519844,0.957994014926
3047,3.82973907401,2.13928699365,27.2126711321,0.941477189012,0.471114258066,41.2655234261,-0.0864656910687,0.429878338943,0.996298609742,3.21974361516,1.0,616.169064479,0.944604611513
3048,3.83099596245,2.13732961646,27.2433639633,0.941186282208,0.470683204031,41.2564657857,-0.0877837150893,0.429005999635,0.99618589325,3.22082656478,1.0,616.165658483,0.934398250884
3049,3.83225285089,2.13537283931,27.2740690095,0.940897444998,0.470252282135,41.2473923307,-0.0890976472951,0.428135870562,0.996071889759,3.22190258241,1.0,616.162247271,0.924175172608
3050,3.83350973933,2.1334166718,27.3047861809,0.940610671215,0.469821494497,41.238303065,-0.0904075001284,0.427267947719,0.995956616262,3.22297169516,1.0,616.158830848,0.913933672836
3051,3.83476662777,2.13146112352,27.3355153882,0.940325954715,0.469390843223,41.2291979925,-0.0917132859977,0.426402227084,0.995840089653,3.22403393007,1.0,616.15540922,0.903671990411
3052,3.83602351621,2.12950620397,27.3662565424,0.940043289365,0.471091968245,41.2200771173,-0.0930150172773,0.429062095494,0.995718790465,3.22547003349,1.0,616.165877923,0.889744890303
3053,3.83728040464,2.12755192265,27.3970095549,0.939762669054,0.470659639744,41.210940443,-0.0943127063075,0.428189709408,0.995599668877,3.22652340948,1.0,616.162458741,0.879359548483
3054,3.83853729308,2.12559828898,27.4277743372,0.939484087686,0.470227454517,41.2017879738,-0.0956063653945,0.427319557414,0.995479341114,3.22756995861,1.0,616.159034389,0.868946809684
3055,3.83979418152,2.12364531233,27.4585508012,0.939207539182,0.469795414639,41.1926197135,-0.0968960068104,0.426451635251,0.995357823644,3.22860970777,1.0,616.155604872,0.858504558445
3056,3.84105106996,2.12169300206,27.4893388592,0.93893301748,0.471487338989,41.1834356661,-0.0981816427934,0.429091071051,0.995231180851,3.23004249219,1.0,616.16599125,0.844052647805
3057,3.8423079584,2.11974136745,27.5201384238,0.938660516536,0.471053642408,41.1742358355,-0.0994632855475,0.428216569064,0.995107185151,3.23107341969,1.0,616.162564222,0.833459326908
3058,3.84356484684,2.11779041774,27.5509494076,0.938390030323,0.470620098028,41.1650202257,-0.100740947243,0.427344328269,0.9949820454,3.23209759821,1.0,616.159132064,0.822827640456
3059,3.84482173528,2.11584016213,27.581771724,0.93812155283,0.470186707893,41.1557888407,-0.102014640016,0.426474344166,0.994855777652,3.23311505447,1.0,616.155694782,0.812154972566
3060,3.84607862372,2.11389060977,27.6126052863,0.937855078065,0.471869480646,41.1465416843,-0.103284375968,0.429093317554,0.994724009885,3.23454424422,1.0,616.166000035,0.797088844938
3061,3.84733551216,2.11194176978,27.6434500082,0.93759060005,0.4714344543,41.1372787607,-0.104550167169,0.42821683973,0.994595377283,3.23555291779,1.0,616.162565284,0.786230786788
3062,3.8485924006,2.10999365119,27.6743058039,0.937328112826,0.470999588991,41.1280000737,-0.105812025651,0.427342649428,0.99446566109,3.23655492009,1.0,616.159125444,0.795475754249
3063,3.84984928904,2.10804626304,27.7051725875,0.937067610453,0.47056488673,41.1187056274,-0.107069963416,0.426470741913,0.994334876958,3.23755027769,1.0,616.155680521,0.806441465406
3064,3.85110617748,2.10609961428,27.7360502739,0.936809087004,0.472238557335,41.1093954258,-0.10832399243,0.429069229983,0.994198196446,3.23897560645,1.0,616.165905828,0.822236123042
3065,3.85236306591,2.10415371384,27.7669387779,0.936552536571,0.471802239319,41.1000694729,-0.109574124626,0.428190915268,0.994065157545,3.23996222195,1.0,616.162463477,0.833431426487
3066,3.85361995435,2.10220857059,27.7978380146,0.936297953264,0.471366091083,41.0907277726,-0.110820371902,0.42731491363,0.993931093892,3.24094224373,1.0,616.159016077,0.844696795961
3067,3.85487684279,2.10026419336,27.8287478998,0.936045331208,0.470930114607,41.081370329,-0.112062746124,0.426441220106,0.993796020743,3.24191569816,1.0,616.155563633,0.856036658994
3068,3.85613373123,2.09832059094,27.8596683491,0.935794664546,0.472594732867,41.0719971462,-0.113301259123,0.429019206704,0.993654633455,3.24333690874,1.0,616.165710153,0.872710278926
3069,3.85739061967,2.09637777206,27.8905992786,0.935545947439,0.472157161047,41.0626082282,-0.114535922697,0.428139192858,0.993517412421,3.24430166323,1.0,616.162260322,0.884338605799
3070,3.85864750811,2.09443574542,27.9215406048,0.935299174063,0.471719767659,41.053203579,-0.115766748609,0.427261516867,0.993379223889,3.24525990133,1.0,616.158805482,0.896061166116
3071,3.85990439655,2.09249451966,27.9524922443,0.935054338611,0.47128255465,41.0437832026,-0.116993748589,0.426386173543,0.993240082726,3.24621164926,1.0,616.155345639,0.907884091735
3072,3.86116128499,2.09055410338,27.983454114,0.934811435295,0.4729381707,41.0343471031,-0.118216934334,0.428943649126,0.993094188521,3.24762849332,1.0,616.165414508,0.925641825682
3073,3.86241817343,2.08861450515,28.0144261313,0.934570458342,0.472499382711,41.0248952846,-0.119436317507,0.428062072659,0.992953003238,3.24857158496,1.0,616.161957318,0.937834935595
3074,3.86367506187,2.08667573346,28.0454082137,0.934331401996,0.47206078171,41.0154277512,-0.120651909737,0.427182858047,0.992810906167,3.24950823732,1.0,616.158495159,0.950156459761
3075,3.86493195031,2.0847377968,28.0764002789,0.934094260519,0.471622369612,41.0059445069,-0.12186372262,0.426305999877,0.992667911794,3.25043847645,1.0,616.155028037,0.962615368497
3076,3.86618883874,2.08280070358,28.1074022451,0.933859028189,0.471184148322,40.9964455558,-0.123071767718,0.425431492729,0.992524034516,3.25136232832,1.0,616.151555956,0.975221455432
3077,3.86744572718,2.08086446217,28.1384140307,0.933625699301,0.472829067138,40.986930902,-0.12427605656,0.427959957479,0.992372766793,3.2527723422,1.0,616.161555942,0.994698771832
3078,3.86870261562,2.07892908091,28.1694355542,0.933394268166,0.472389295821,40.9774005496,-0.125476600641,0.427079338665,0.99222697144,3.25368760773,1.0,616.158086583,1.00782726038
3079,3.86995950406,2.07699456808,28.2004667348,0.933164729114,0.471949721836,40.9678545027,-0.126673411423,0.426201099291,0.992080332615,3.25459653675,1.0,616.1546123,1.02114962329
3080,3.8712163925,2.07506093193,28.2315074915,0.932937076489,0.471510347055,40.9582927655,-0.127866500335,0.42532523372,0.991932864346,3.25549915505,1.0,616.151133099,1.03468154451
3081,3.87247328094,2.07312818066,28.2625577438,0.932711304655,0.473146376719,40.9487153419,-0.129055878772,0.427833252446,0.991777515961,3.25690430126,1.0,616.161057645,1.05610582296
3082,3.87373016938,2.07119632241,28.2936174116,0.932487407989,0.472705472134,40.9391222362,-0.130241558095,0.42695136248,0.991628226656,3.25779837975,1.0,616.157581205,1.07036969685
3083,3.87498705782,2.0692653653,28.3246864148,0.932265380887,0.472264773213,40.9295134525,-0.131423549635,0.426071874172,0.991478146247,3.2586861982,1.0,616.15409988,1.08492168444
3084,3.87624394626,2.06733531738,28.3557646738,0.932045217761,0.471824281797,40.919888995,-0.132601864686,0.425194781673,0.991327288398,3.25956778222,1.0,616.150613676,1.09978981573
3085,3.8775008347,2.06540618669,28.3868521092,0.931826913041,0.47345147337,40.9102488677,-0.13377651451,0.427682364694,0.991168040302,3.26096783916,1.0,616.160463858,1.12399148169
3086,3.87875772314,2.06347798119,28.4179486418,0.931610461172,0.473009472309,40.9005930749,-0.134947510338,0.4267993352,0.9910154556,3.26184093119,1.0,616.156980454,1.13996762087
3087,3.88001461157,2.06155070881,28.4490541927,0.931395856615,0.472567685148,40.8909216207,-0.136114863365,0.425918728804,0.990862130731,3.26270783937,1.0,616.153492205,1.15641173439
3088,3.88127150001,2.05962437745,28.4801686833,0.931183093851,0.472126113695,40.8812345092,-0.137278584755,0.425040539447,0.990708079009,3.26356858917,1.0,616.149999115,1.17338339962
3089,3.88252838845,2.05769899495,28.5112920354,0.930972167374,0.473744518496,40.8715317447,-0.138438685637,0.427507703047,0.990545106652,3.26496334313,1.0,616.159775991,1.20199155406
3090,3.88378527689,2.0557745691,28.5424241707,0.930763071696,0.47330145749,40.8618133313,-0.13959517711,0.426623664173,0.990389419476,3.26581564997,1.0,616.156285739,1.22088417899
3091,3.88504216533,2.05385110767,28.5735650116,0.930555801345,0.472858618523,40.8520792732,-0.140748070238,0.425742069058,0.990233041679,3.26666184891,1.0,616.152790682,1.2406777781
3092,3.88629905377,2.05192861837,28.6047144804,0.930350350867,0.472416003368,40.8423295746,-0.141897376052,0.424862911438,0.990075986229,3.26750196521,1.0,616.149290823,1.26154712131
3093,3.88755594221,2.05000710887,28.6358724999,0.930146714823,0.474025672953,40.8325642398,-0.143043105552,0.427309677715,0.989909459702,3.26889121018,1.0,616.158995429,1.29876658697
3094,3.88881283065,2.04808658678,28.667038993,0.92994488779,0.473581588267,40.8227832729,-0.144185269704,0.426424758085,0.989750857491,3.26972293373,1.0,616.155498446,1.32411899334
3095,3.89006971909,2.0461670597,28.698213883,0.929744864363,0.473137733658,40.8129866781,-0.145323879442,0.425542302097,0.989591612847,3.27054862502,1.0,616.151996696,1.3521335212
3096,3.89132660753,2.04424853517,28.7293970935,0.929546639154,0.472694110868,40.8031744597,-0.146458945665,0.424662303284,0.989431738398,3.27136830915,1.0,616.148490184,1.3840069851
3097,3.89258349597,2.04233102068,28.760588548,0.929350206787,0.47429509702,40.7933466219,-0.147590479244,0.427088700002,0.989261822566,3.2727518466,1.0,616.158123539,1.45446233544
3098,3.89384038441,2.04041452368,28.7917881707,0.929155561908,0.473850024644,40.783503169,-0.148718491014,0.426203026668,0.989100487418,3.2735631893,1.0,616.15461994,1.54256396648
3099,3.89509727284,2.03849905159,28.8229958858,0.928962699176,0.473405190284,40.7736441051,-0.149842991778,0.42531983608,0.988938556696,3.27436857508,0.0,0.0,0.0
3100,3.89635416128,2.03658461176,28.8542116178,0.928771613266,0.47296059565,40.7637694346,-0.150963992308,0.424439121578,0.9887760427,3.27516802885,0.0,0.0,0.0
3101,3.89761104972,2.03467121154,28.8854352915,0.928582298872,0.474552950358,40.7538791617,-0.152081503342,0.426845182012,0.988602897345,3.27654566756,0.0,0.0,0.0
3102,3.89886793816,2.03275885819,28.916666832,0.928394750701,0.474106926004,40.7439732907,-0.153195535587,0.425958880409,0.98843900615,3.27733683229,0.0,0.0,0.0
3103,3.9001248266,2.03084755897,28.9479061645,0.928208963479,0.473661147505,40.7340518258,-0.154306099717,0.425075079883,0.988274564947,3.27812211514,0.0,0.0,0.0
3104,3.90138171504,2.02893732105,28.9791532146,0.928024931946,0.473215616541,40.7241147713,-0.155413206374,0.424193773582,0.988109585712,3.27890154083,0.0,0.0,0.0
3105,3.90263860348,2.02702815161,29.010407908,0.927842650859,0.474799391982,40.7141621316,-0.156516866169,0.42657953637,0.987933365666,3.28027309667,0.0,0.0,0.0
3106,3.90389549192,2.02512005776,29.0416701707,0.927662114992,0.474352451079,40.7041939109,-0.157617089679,0.425692730276,0.987767090243,3.28104428671,0.0,0.0,0.0
3107,3.90515238036,2.02321304656,29.072939929,0.927483319134,0.473905763771,40.6942101135,-0.158713887451,0.424808442819,0.987600309116,3.28180966957,0.0,0.0,0.0
3108,3.9064092688,2.02130712504,29.1042171095,0.927306258089,0.473459331703,40.6842107438,-0.159807269998,0.423926666959,0.987433033944,3.28256926981,0.0,0.0,0.0
3109,3.90766615724,2.01940230019,29.135501639,0.927130926681,0.475034580231,40.674195806,-0.160897247803,0.426292175946,0.98725388922,3.28393456555,0.0,0.0,0.0
3110,3.90892304567,2.01749857896,29.1667934443,0.926957319745,0.474586757919,40.6641653045,-0.161983831316,0.425404987445,0.987085396448,3.28468598448,0.0,0.0,0.0
3111,3.91017993411,2.01559596825,29.1980924528,0.926785432135,0.47413919684,40.6541192435,-0.163067030955,0.424520334372,0.986916441044,3.28543167062,0.0,0.0,0.0
3112,3.91143682255,2.01369447491,29.229398592,0.926615258721,0.473691898609,40.6440576275,-0.164146857109,0.423638209505,0.986747034357,3.28617164832,0.0,0.0,0.0
3113,3.91269371099,2.01179410578,29.2607117896,0.926446794387,0.475258672736,40.6339804609,-0.165223320132,0.425983513593,0.986565110287,3.28753051347,0.0,0.0,0.0
3114,3.91395059943,2.00989486763,29.2920319736,0.926280034035,0.474810003863,40.6238877478,-0.166296430348,0.425096063036,0.986394562232,3.28826236513,0.0,0.0,0.0
3115,3.91520748787,2.00799676719,29.3233590722,0.926114972582,0.474361603759,40.6137794928,-0.167366198049,0.424211163936,0.986223593415,3.28898855802,0.0,0.0,0.0
3116,3.91646437631,2.00609981117,29.3546930138,0.92595160496,0.473913474008,40.6036557001,-0.168432633497,0.423328808891,0.986052214882,3.28970911632,0.0,0.0,0.0
3117,3.91772126475,2.00420400621,29.3860337272,0.925789926119,0.47547182639,40.5935163742,-0.16949574692,0.425653961886,0.985867652241,3.29106138698,0.0,0.0,0.0
3118,3.91897815319,2.00230935894,29.4173811412,0.925629931021,0.475022345506,40.5833615194,-0.170555548518,0.424766367861,0.985695206282,3.29177387536,0.0,0.0,0.0
3119,3.92023504163,2.00041587592,29.448735185,0.925471614648,0.474573140827,40.5731911401,-0.171612048457,0.423881340562,0.985522380259,3.29248077865,0.0,0.0,0.0
3120,3.92149193007,1.9985235637,29.4800957881,0.925314971994,0.474124213902,40.5630052407,-0.172665256873,0.422998872413,0.985349184919,3.29318212083,0.0,0.0,0.0
3121,3.92274881851,1.99663242875,29.51146288,0.925159998072,0.475674197326,40.5528038256,-0.173715183871,0.425303932874,0.985162120056,3.29452763946,0.0,0.0,0.0
3122,3.92400570694,1.99474247754,29.5428363906,0.925006687908,0.475223938679,40.5425868993,-0.174761839524,0.424416312174,0.984987929006,3.29522096868,0.0,0.0,0.0
3123,3.92526259538,1.99285371647,29.57421625,0.924855036545,0.47477396357,40.5323544661,-0.175805233876,0.423531272713,0.984813397443,3.29590878612,0.0,0.0,0.0
3124,3.92651948382,1.99096615192,29.6056023885,0.92470503904,0.474324273516,40.5221065304,-0.176845376938,0.422648806749,0.984638535826,3.29659111557,0.0,0.0,0.0
3125,3.92777637226,1.98907979022,29.6369947366,0.924556690468,0.475865940882,40.5118430968,-0.177882278692,0.424933837838,0.984449100788,3.29792973086,0.0,0.0,0.0
3126,3.9290332607,1.98719463765,29.6683932252,0.924409985918,0.475414938415,40.5015641696,-0.178915949087,0.424046305432,0.984273313012,3.29860410508,0.0,0.0,0.0
3127,3.93029014914,1.98531070047,29.6997977852,0.924264920494,0.474964226718,40.4912697532,-0.179946398043,0.42316136803,0.984097223157,3.29927304045,0.0,0.0,0.0
3128,3.93154703758,1.98342798489,29.7312083479,0.924121489316,0.476499220666,40.4809598522,-0.18097363545,0.425434034166,0.983906129825,3.30060711414,0.0,0.0,0.0
3129,3.93280392602,1.98154649708,29.7626248446,0.923979687519,0.476047211582,40.470634471,-0.181997671164,0.42454408706,0.983729164055,3.3012681273,0.0,0.0,0.0
3130,3.93406081446,1.97966624317,29.7940472072,0.923839510255,0.475595498931,40.460293614,-0.183018515016,0.423656756066,0.983551923585,3.30192375066,0.0,0.0,0.0
3131,3.9353177029,1.97778722925,29.8254753674,0.923700952689,0.475144084176,40.4499372858,-0.184036176801,0.4227720331,0.983374418381,3.30257400773,0.0,0.0,0.0
3132,3.93657459134,1.97590946138,29.8569092574,0.923564010003,0.476670856113,40.4395654907,-0.185050666288,0.425024736483,0.983181177706,3.30390090672,0.0,0.0,0.0
3133,3.93783147977,1.97403294556,29.8883488096,0.923428677393,0.476218163109,40.4291782334,-0.186061993213,0.424135089593,0.9830028625,3.30454330075,0.0,0.0,0.0
3134,3.93908836821,1.97215768779,29.9197939565,0.92329495007,0.475765773595,40.4187755183,-0.187070167282,0.423248071257,0.982824309147,3.30518037733,0.0,0.0,0.0
3135,3.94034525665,1.97028369397,29.9512446308,0.923162823263,0.475313689002,40.4083573498,-0.188075198173,0.422363673237,0.982645527341,3.30581215979,0.0,0.0,0.0
3136,3.94160214509,1.96841097003,29.9827007657,0.923032292213,0.476832292097,40.3979237326,-0.189077095531,0.424596489637,0.982450260141,3.30713174944,0.0,0.0,0.0
3137,3.94285903353,1.9665395218,30.0141622942,0.922903352177,0.476378948283,40.387474671,-0.190075868973,0.423707253047,0.982270732244,3.30775572869,0.0,0.0,0.0
3138,3.94411592197,1.96466935511,30.0456291499,0.922775998428,0.475925914911,40.3770101697,-0.191071528087,0.422820656721,0.982091001708,3.30837446245,0.0,0.0,0.0
3139,3.94537281041,1.96280047575,30.0771012664,0.922650226252,0.475473193383,40.3665302332,-0.192064082428,0.421936692271,0.98191107796,3.30898797386,0.0,0.0,0.0
3140,3.94662969885,1.96093288944,30.1085785775,0.922526030952,0.476983680867,40.356034866,-0.193053541523,0.424149701504,0.981713901198,3.31030012519,0.0,0.0,0.0
3141,3.94788658729,1.9590666019,30.1400610174,0.922403407846,0.476529719032,40.3455240727,-0.19403991487,0.42326098338,0.981533293324,3.31090589383,0.0,0.0,0.0
3142,3.94914347573,1.95720161879,30.1715485202,0.922282352266,0.476076074491,40.3349978577,-0.195023211937,0.422374916504,0.981352517302,3.31150648854,0.0,0.0,0.0
3143,3.95040036417,1.95533794573,30.2030410206,0.922162859558,0.475622748612,40.3244562257,-0.196003442161,0.421491492341,0.981171582294,3.31210193227,0.0,0.0,0.0
3144,3.95165725261,1.95347558831,30.2345384531,0.922044925085,0.477125173767,40.3138991813,-0.19698061495,0.423684778129,0.980972609193,3.31340652178,0.0,0.0,0.0
3145,3.95291414104,1.95161455209,30.2660407528,0.921928544223,0.476670626381,40.3033267289,-0.197954739685,0.422796684698,0.980791050131,3.31399428378,0.0,0.0,0.0
3146,3.95417102948,1.94975484257,30.2975478548,0.921813712365,0.476216403036,40.2927388732,-0.198925825715,0.42191125278,0.980609356415,3.31457694299,0.0,0.0,0.0
3147,3.95542791792,1.94789646524,30.3290596944,0.921700424915,0.475762505069,40.2821356188,-0.199893882361,0.421028473701,0.980427536951,3.31515452217,0.0,0.0,0.0
3148,3.95668480636,1.94603942552,30.3605762072,0.921588677296,0.477256921213,40.2715169703,-0.200858918913,0.423202123521,0.980226877106,3.31645143174,0.0,0.0,0.0
3149,3.9579416948,1.94418372883,30.3920973288,0.921478464943,0.476801820422,40.2608829322,-0.201820944635,0.422314759058,0.980044491822,3.31702139077,0.0,0.0,0.0
3150,3.95919858324,1.94232938051,30.4236229953,0.921369783306,0.476347050314,40.2502335092,-0.202779968759,0.421430065664,0.979862004405,3.31758631774,0.0,0.0,0.0
3151,3.96045547168,1.9404763859,30.4551531428,0.92126262785,0.477835030995,40.2395687059,-0.20373600049,0.42359136155,0.979660194235,3.3188780083,0.0,0.0,0.0
3152,3.96171236012,1.93862475029,30.4866877077,0.921156994054,0.477379072676,40.2288885269,-0.204689049003,0.422702139473,0.979477183,3.31943535193,0.0,0.0,0.0
3153,3.96296924856,1.93677447892,30.5182266266,0.921052877414,0.476923450297,40.2181929768,-0.205639123445,0.421815606288,0.979294092732,3.31998771136,0.0,0.0,0.0
3154,3.964226137,1.93492557701,30.5497698361,0.920950273436,0.476468165142,40.2074820603,-0.206586232934,0.420931753027,0.979110931903,3.32053510904,0.0,0.0,0.0
3155,3.96548302544,1.93307804974,30.5813172734,0.920849177644,0.477948231543,40.1967557821,-0.207530386558,0.423073524136,0.978907619914,3.32181890637,0.0,0.0,0.0
3156,3.96673991387,1.93123190225,30.6128688755,0.920749585575,0.477491776658,40.1860141467,-0.208471593378,0.422185225381,0.978723990414,3.32235878334,0.0,0.0,0.0
3157,3.96799680231,1.92938713965,30.6444245798,0.920651492781,0.477035664182,40.1752571588,-0.209409862427,0.421299623809,0.978540312769,3.32289374617,0.0,0.0,0.0
3158,3.96925369075,1.92754376699,30.6759843239,0.920554894828,0.476579895367,40.1644848231,-0.210345202707,0.420416710322,0.978356595209,3.32342381712,0.0,0.0,0.0
3159,3.97051057919,1.92570178931,30.7075480456,0.920459787297,0.478052100869,40.1536971443,-0.211277623196,0.422539054467,0.978151881538,3.32469961747,0.0,0.0,0.0
3160,3.97176746763,1.92386121162,30.7391156828,0.920366165781,0.47759518068,40.1428941271,-0.212207132838,0.421651778072,0.977967748754,3.3252222308,0.0,0.0,0.0
3161,3.97302435607,1.92202203886,30.7706871736,0.92027402589,0.477138609265,40.132075776,-0.213133740553,0.420767206461,0.977783597802,3.32573999961,0.0,0.0,0.0
3162,3.97428124451,1.92018427596,30.8022624565,0.920183363247,0.476682387845,40.121242096,-0.214057455233,0.419885330415,0.977599436676,3.32625294597,0.0,0.0,0.0
3163,3.97553813295,1.91834792781,30.8338414699,0.920094173488,0.478146785823,40.1103930915,-0.214978285738,0.421988348639,0.977393418232,3.32752065044,0.0,0.0,0.0
3164,3.97679502139,1.91651299927,30.8654241527,0.920006452265,0.47768943126,40.0995287673,-0.215896240905,0.421102191641,0.977208893675,3.32802620269,0.0,0.0,0.0
3165,3.97805190983,1.91467949513,30.8970104436,0.919920195244,0.477232431732,40.0886491283,-0.216811329539,0.42021874635,0.97702438004,3.32852697961,0.0,0.0,0.0
3166,3.97930879827,1.9128474202,30.928600282,0.919835398103,0.47677578843,40.0777541789,-0.21772356042,0.419338003429,0.976839885085,3.32902300307,0.0,0.0,0.0
3167,3.9805656867,1.91101677921,30.960193607,0.919752056537,0.47823243224,40.0668439241,-0.218632942299,0.421421799868,0.976632655645,3.33028251748,0.0,0.0,0.0
3168,3.98182257514,1.90918757687,30.9917903582,0.919670166251,0.477774673897,40.0559183686,-0.2195394839,0.420536857297,0.976447847447,3.33077121074,0.0,0.0,0.0
3169,3.98307946358,1.90735981787,31.0233904752,0.919589722969,0.477317276748,40.044977517,-0.220443193917,0.419654632687,0.976263078392,3.3312551974,0.0,0.0,0.0
3170,3.98433635202,1.90553350683,31.054993898,0.919510722423,0.478767682895,40.0340213741,-0.22134408102,0.421726166602,0.97605505246,3.33250903826,0.0,0.0,0.0
3171,3.98559324046,1.90370864836,31.0866005667,0.919433160365,0.478309184922,40.0230499447,-0.22224215385,0.420839798333,0.975870006314,3.33298573394,0.0,0.0,0.0
3172,3.9868501289,1.90188524704,31.1182104213,0.919357032555,0.477851053059,40.0120632336,-0.22313742102,0.419956163211,0.975685019314,3.33345776975,0.0,0.0,0.0
3173,3.98810701734,1.9000633074,31.1498234025,0.919282334771,0.477393288444,40.0010612455,-0.224029891116,0.419075251645,0.975500098827,3.33392516725,0.0,0.0,0.0
3174,3.98936390578,1.89824283394,31.1814394509,0.919209062804,0.47883603518,39.9900439852,-0.224919572699,0.421127705907,0.975291020102,3.33517064683,0.0,0.0,0.0
3175,3.99062079422,1.89642383113,31.2130585072,0.919137212456,0.478377187625,39.9790114575,-0.225806474298,0.420242731045,0.975105870017,3.33563081802,0.0,0.0,0.0
3176,3.99187768266,1.8946063034,31.2446805124,0.919066779545,0.477918712162,39.9679636672,-0.226690604421,0.419360494381,0.974920805842,3.33608639736,0.0,0.0,0.0
3177,3.9931345711,1.89279025516,31.2763054077,0.918997759903,0.477460609901,39.956900619,-0.227571971544,0.418480986222,0.974735834723,3.33653740622,0.0,0.0,0.0
3178,3.99439145954,1.89097569075,31.3079331345,0.918930149374,0.478895750496,39.9458223179,-0.228450584118,0.420514473514,0.974525788823,3.33777444306,0.0,0.0,0.0
3179,3.99564834797,1.88916261453,31.3395636343,0.918863943817,0.478436583043,39.9347287685,-0.229326450568,0.4196309817,0.974340634112,3.33821829059,0.0,0.0,0.0
3180,3.99690523641,1.88735103077,31.3711968489,0.918799139104,0.477977793563,39.9236199758,-0.230199579292,0.418750232495,0.97415559126,3.33865761383,0.0,0.0,0.0
3181,3.99816212485,1.88554094375,31.4028327201,0.918735731118,0.477519383136,39.9124959446,-0.23106997866,0.417872216105,0.973970667197,3.33909243395,0.0,0.0,0.0
3182,3.99941901329,1.88373235769,31.43447119,0.91867371576,0.478946970803,39.9013566796,-0.231937657016,0.419886851705,0.973759736962,3.34032095089,0.0,0.0,0.0
3183,4.00067590173,1.8819252768,31.4661122008,0.918613088942,0.478487512797,39.8902021857,-0.232802622679,0.419004930563,0.973574673869,3.34074867495,0.0,0.0,0.0
3184,4.00193279017,1.88011970522,31.497755695,0.918553846587,0.478028438543,39.8790324679,-0.233664883939,0.418125755807,0.973389747787,3.34117194181,0.0,0.0,0.0
3185,4.00318967861,1.8783156471,31.5294016153,0.918495984636,0.479449944928,39.8678475309,-0.234524449062,0.420128243627,0.973178264057,3.34239448495,0.0,0.0,0.0
3186,4.00444656705,1.87651310653,31.5610499043,0.918439499041,0.478989836974,39.8566473795,-0.235381326286,0.419245219203,0.972993231016,3.3428106965,0.0,0.0,0.0
3187,4.00570345549,1.87471208757,31.5927005051,0.918384385765,0.47853011742,39.8454320188,-0.236235523824,0.418364954338,0.972808352792,3.3432224966,0.0,0.0,0.0
3188,4.00696034393,1.87291259426,31.6243533607,0.918330640788,0.478070787295,39.8342014535,-0.237087049862,0.417487439018,0.972623635954,3.34362990613,0.0,0.0,0.0
3189,4.00821723237,1.87111463059,31.6560084145,0.918278260101,0.47948483523,39.8229556886,-0.23793591256,0.41947123824,0.972411407612,3.34484378804,0.0,0.0,0.0
3190,4.0094741208,1.86931820052,31.68766561,0.918227239709,0.479024488787,39.8116947289,-0.238782120054,0.418589951054,0.972226625954,3.3452442081,0.0,0.0,0.0
3191,4.01073100924,1.86752330799,31.7193248909,0.918177575629,0.478564536347,39.8004185793,-0.239625680451,0.417711426061,0.972042022933,3.34564028306,0.0,0.0,0.0
3192,4.01198789768,1.86572995691,31.7509862008,0.918129263892,0.478104978912,39.7891272448,-0.240466601835,0.416835653162,0.971857604914,3.34603203358,0.0,0.0,0.0
3193,4.01324478612,1.86393815113,31.7826494839,0.918082300542,0.479511621419,39.7778207302,-0.241304892262,0.41880088628,0.971644707563,3.34723718863,0.0,0.0,0.0
3194,4.01450167456,1.86214789449,31.8143146843,0.918036681635,0.479051064908,39.7664990405,-0.242140559763,0.417921418523,0.971460265527,3.34762201575,0.0,0.0,0.0
3195,4.015758563,1.86035919081,31.8459817463,0.917992403241,0.478590907903,39.7551621806,-0.242973612345,0.417044714994,0.971276025199,3.34800256362,0.0,0.0,0.0
3196,4.01701545144,1.85857204384,31.8776506144,0.917949461443,0.479991583846,39.7438101554,-0.243804057988,0.418997901246,0.971062734526,3.34920155302,0.0,0.0,0.0
3197,4.01827233988,1.85678645734,31.9093212334,0.917907852335,0.479530441386,39.7324429699,-0.244631904646,0.418117557136,0.970878499529,3.34957521918,0.0,0.0,0.0
3198,4.01952922832,1.855002435,31.9409935479,0.917867572025,0.479069702885,39.721060629,-0.245457160249,0.417239988993,0.970694482559,3.34994465112,0.0,0.0,0.0
3199,4.02078611676,1.85321998052,31.9726675031,0.917828616636,0.478609369294,39.7096631378,-0.246279832702,0.416365186519,0.97051068964,3.3503098692,0.0,0.0,0.0
3200,4.0220430052,1.85143909752,32.0043430441,0.917790982299,0.480002733937,39.6982505011,-0.247099929883,0.418299983461,0.970296857448,3.35150001071,0.0,0.0,0.0
3201,4.02329989364,1.84965978964,32.0360201162,0.917754665161,0.479541431893,39.6868227239,-0.247917459646,0.417421616213,0.970113108421,3.35185841358,0.0,0.0,0.0
3202,4.02455678207,1.84788206044,32.0676986649,0.917719661382,0.479080539138,39.6753798112,-0.248732429821,0.416546025868,0.969929599244,3.35221264733,0.0,0.0,0.0
3203,4.02581367051,1.84610591349,32.0993786359,0.917685967133,0.478620056595,39.663921768,-0.249544848211,0.415673202053,0.969746335746,3.3525627321,0.0,0.0,0.0
3204,4.02707055895,1.8443313523,32.131059975,0.917653578597,0.4800061627,39.6524485992,-0.250354722596,0.417589738458,0.969532031019,3.35374397084,0.0,0.0,0.0
3205,4.02832744739,1.84255838037,32.1627426282,0.917622491971,0.479544728563,39.64096031,-0.25116206073,0.416713424839,0.969348848736,3.35408730706,0.0,0.0,0.0
3206,4.02958433583,1.84078700115,32.1944265416,0.917592703465,0.479083708947,39.6294569052,-0.251966870343,0.415839888486,0.969165927422,3.35442653875,0.0,0.0,0.0
3207,4.03084122427,1.83901721808,32.2261116615,0.9175642093,0.480463962814,39.61793839,-0.252769159139,0.417744498227,0.96895137546,3.35560144494,0.0,0.0,0.0
3208,4.03209811271,1.83724903455,32.2577979344,0.91753700571,0.480002004955,39.6064047692,-0.253568934798,0.416867525398,0.968768562191,3.35593397056,0.0,0.0,0.0
3209,4.03335500115,1.83548245394,32.289485307,0.917511088941,0.479540465875,39.594856048,-0.254366204978,0.415993340185,0.968586024821,3.3562624359,0.0,0.0,0.0
3210,4.03461188959,1.83371747957,32.3211737259,0.917486455253,0.479079346447,39.5832922314,-0.25516097731,0.415121932041,0.968403768852,3.35658686082,0.0,0.0,0.0
3211,4.03586877803,1.83195411477,32.3528631381,0.917463100915,0.480452435429,39.5717133244,-0.2559532594,0.417008470133,0.96818886065,3.35775276213,0.0,0.0,0.0
3212,4.03712566647,1.8301923628,32.3845534908,0.917441022211,0.479990394372,39.5601193321,-0.256743058831,0.416133699194,0.968006747977,3.35807054796,0.0,0.0,0.0
3213,4.0383825549,1.82843222691,32.4162447311,0.917420215438,0.479528777153,39.5485102595,-0.257530383163,0.415261715188,0.967824931146,3.35838433732,0.0,0.0,0.0
3214,4.03963944334,1.82667371033,32.4479368066,0.917400676901,0.479067584616,39.5368861117,-0.25831523993,0.414392507502,0.967643415479,3.35869414988,0.0,0.0,0.0
3215,4.04089633178,1.82491681624,32.4796296647,0.917382402922,0.480433561151,39.5252468938,-0.259097636643,0.416261108113,0.967428213974,3.35985100139,0.0,0.0,0.0
3216,4.04215322022,1.82316154781,32.5113232531,0.917365389832,0.479971463455,39.5135926109,-0.259877580788,0.415388610442,0.967246875704,3.36015424192,0.0,0.0,0.0
3217,4.04341010866,1.82140790816,32.5430175198,0.917349633975,0.479509794558,39.5019232679,-0.260655079828,0.414518898478,0.967065852562,3.36045354929,0.0,0.0,0.0
3218,4.0446669971,1.81965590039,32.5747124127,0.917335131707,0.480870032646,39.4902388701,-0.261430141203,0.416375710041,0.966850537006,3.36160392469,0.0,0.0,0.0
3219,4.04592388554,1.81790552757,32.6064078801,0.917321879397,0.480407471663,39.4785394225,-0.262202772327,0.415502760339,0.966669715764,3.36189670315,0.0,0.0,0.0
3220,4.04718077398,1.81615679276,32.6381038702,0.917309873423,0.479945343543,39.4668249302,-0.262972980593,0.414632605353,0.966489223273,3.36218559193,0.0,0.0,0.0
3221,4.04843766242,1.81440969896,32.6698003316,0.917299110179,0.479483649085,39.4550953984,-0.263740773368,0.413765234318,0.966309064551,3.36247061037,0.0,0.0,0.0
3222,4.04969455086,1.81266424915,32.7014972129,0.917289586068,0.480836867797,39.4433508322,-0.264506157997,0.415604307846,0.966093561755,3.36361185147,0.0,0.0,0.0
3223,4.0509514393,1.81092044629,32.7331944628,0.917281297505,0.48037429747,39.4315912366,-0.265269141801,0.414733770524,0.965913637112,3.36389040829,0.0,0.0,0.0
3224,4.05220832773,1.80917829332,32.7648920303,0.917274240919,0.4799121648,39.4198166169,-0.266029732078,0.413866025696,0.965734059404,3.36416513792,0.0,0.0,0.0
3225,4.05346521617,1.80743779313,32.7965898644,0.917268412748,0.479450470554,39.4080269781,-0.266787936103,0.413001062545,0.96555483347,3.36443605952,0.0,0.0,0.0
3226,4.05472210461,1.80569894859,32.8282879144,0.917263809443,0.480796721944,39.3962223254,-0.267543761128,0.414822536757,0.965339200847,3.36556813072,0.0,0.0,0.0
3227,4.05597899305,1.80396176254,32.8599861297,0.917260427467,0.480334167901,39.3844026641,-0.26829721438,0.413954477868,0.96516024011,3.365832658,0.0,0.0,0.0
3228,4.05723588149,1.8022262378,32.8916844597,0.917258263295,0.479872056208,39.3725679991,-0.269048303064,0.41308920874,0.964981643868,3.3660934201,0.0,0.0,0.0
3229,4.05849276993,1.80049237715,32.9233828542,0.917257313412,0.481212682273,39.3607183358,-0.269797034364,0.414899047135,0.964766018577,3.36721889335,0.0,0.0,0.0
3230,4.05974965837,1.79876018336,32.955081263,0.917257574315,0.480749723572,39.3488536793,-0.270543415439,0.414030733331,0.96458770988,3.36747330477,0.0,0.0,0.0
3231,4.06100654681,1.79702965915,32.9867796359,0.917259042515,0.480287211097,39.3369740347,-0.271287453424,0.413165217006,0.96440977808,3.36772399365,0.0,0.0,0.0
3232,4.06226343525,1.79530080724,33.0184779231,0.917261714531,0.479825145569,39.3250794073,-0.272029155435,0.412302487213,0.964232227728,3.36797097884,0.0,0.0,0.0
3233,4.06352032369,1.79357363028,33.0501760749,0.917265586896,0.481158896697,39.3131698023,-0.272768528563,0.414094934837,0.964016569326,3.36908721408,0.0,0.0,0.0
3234,4.06477721213,1.79184813094,33.0818740416,0.917270656153,0.480695999977,39.3012452248,-0.273505579875,0.4132292295,0.963839335854,3.36932791602,0.0,0.0,0.0
3235,4.06603410057,1.79012431184,33.1135717738,0.917276918857,0.480233554011,39.2893056802,-0.274240316419,0.412366317966,0.963662495803,3.3695649566,0.0,0.0,0.0
3236,4.067290989,1.78840217556,33.1452692221,0.917284371575,0.479771559494,39.2773511735,-0.274972745217,0.411506189253,0.963486053558,3.36979835448,0.0,0.0,0.0
3237,4.06854787744,1.78668172468,33.1769663373,0.917293010884,0.481098487303,39.2653817101,-0.275702873272,0.413281388582,0.963270414415,3.37090532471,0.0,0.0,0.0
3238,4.06980476588,1.78496296173,33.2086630704,0.917302833372,0.48063567726,39.2533972951,-0.276430707562,0.412418352531,0.963094317397,3.37113250674,0.0,0.0,0.0
3239,4.07106165432,1.78324588923,33.2403593725,0.917313835641,0.480173322403,39.2413979339,-0.277156255045,0.411558106133,0.962918629738,3.37135608808,0.0,0.0,0.0
3240,4.07231854276,1.78153050966,33.2720551948,0.917326014301,0.481494737218,39.2293836316,-0.277879522655,0.413321836766,0.962703108518,3.3724563588,0.0,0.0,0.0
3241,4.0735754312,1.7798168255,33.3037504887,0.917339365975,0.481031579335,39.2173543936,-0.278600517305,0.412458732813,0.962527786441,3.37267376831,0.0,0.0,0.0
3242,4.07483231964,1.77810483916,33.3354452057,0.917353887297,0.480568880324,39.205310225,-0.279319245885,0.411598424993,0.962352884977,3.37288761894,0.0,0.0,0.0
3243,4.07608920808,1.77639455305,33.3671392974,0.917369574911,0.480106640836,39.1932511312,-0.280035715264,0.41074090221,0.962178408238,3.37309792903,0.0,0.0,0.0
3244,4.07734609652,1.77468596957,33.3988327156,0.917386425474,0.481421323941,39.1811771174,-0.280749932289,0.412487600813,0.96196299446,3.3741888819,0.0,0.0,0.0
3245,4.07860298496,1.77297909105,33.4305254123,0.917404435652,0.480958296836,39.169088189,-0.281461903786,0.411627287222,0.961788909997,3.3743930876,0.0,0.0,0.0
3246,4.0798598734,1.77127391984,33.4622173394,0.917423602124,0.480495732873,39.1569843511,-0.282171636557,0.410769764723,0.961615261109,3.37459379425,0.0,0.0,0.0
3247,4.08111676183,1.76957045822,33.4939084493,0.917443921577,0.481804974469,39.1448656092,-0.282879137385,0.412505098591,0.961400030632,3.37567798955,0.0,0.0,0.0
3248,4.08237365027,1.76786870849,33.5255986941,0.917465390713,0.481341635203,39.1327319685,-0.283584413031,0.411644834257,0.961226793186,3.37587263604,0.0,0.0,0.0
3249,4.08363053871,1.76616867289,33.5572880264,0.917488006241,0.480878762647,39.1205834343,-0.284287470232,0.410787366728,0.96105400188,3.37606382476,0.0,0.0,0.0
3250,4.08488742715,1.76447035365,33.5889763987,0.917511764884,0.480416357408,39.108420012,-0.284988315706,0.409932684807,0.960881660562,3.37625157376,0.0,0.0,0.0
3251,4.08614431559,1.76277375297,33.6206637638,0.917536663373,0.48171895837,39.0962417069,-0.285686956149,0.411651207538,0.960666620647,3.37732640764,0.0,0.0,0.0
3252,4.08740120403,1.76107887302,33.6523500746,0.917562698452,0.481255792978,39.0840485243,-0.286383398237,0.410793849041,0.960494715887,3.37750816389,0.0,0.0,0.0
3253,4.08865809247,1.75938571595,33.6840352839,0.917589866874,0.480793098403,39.0718404695,-0.287077648623,0.409939281452,0.96032327129,3.37768652136,0.0,0.0,0.0
3254,4.08991498091,1.75769428389,33.715719345,0.917618165405,0.480330875228,39.059617548,-0.287769713939,0.409087493555,0.960152290552,3.3778614979,0.0,0.0,0.0
3255,4.09117186935,1.75600457894,33.7474022111,0.917647590819,0.481626886359,39.047379765,-0.288459600797,0.410789352432,0.95993748624,3.37892695628,0.0,0.0,0.0
3256,4.09242875779,1.75431660316,33.7790838356,0.917678139903,0.48116391803,39.035127126,-0.289147315787,0.409934952273,0.959766966301,3.37909600738,0.0,0.0,0.0
3257,4.09368564623,1.75263035863,33.810764172,0.917709809453,0.480701424533,39.0228596363,-0.289832865479,0.409083336703,0.959596920017,3.37926171819,0.0,0.0,0.0
3258,4.09494253467,1.75094584735,33.8424431739,0.917742596276,0.481992104963,39.0105773012,-0.290516256423,0.410774017582,0.959382393879,3.38032034787,0.0,0.0,0.0
3259,4.0961994231,1.74926307132,33.8741207951,0.91777649719,0.48152887833,38.9982801263,-0.291197495145,0.409919837321,0.959212825797,3.38048017766,0.0,0.0,0.0
3260,4.09745631154,1.74758203254,33.9057969894,0.917811509022,0.481066129915,38.9859681168,-0.291876588154,0.409068446214,0.959043740901,3.38063670758,0.0,0.0,0.0
3261,4.09871319998,1.74590273294,33.937471711,0.917847628613,0.480603860255,38.9736412781,-0.292553541936,0.408219832965,0.958875142632,3.38078995515,0.0,0.0,0.0
3262,4.09997008842,1.74422517445,33.969144914,0.917884852809,0.481888041021,38.9612996158,-0.293228362958,0.409894076512,0.958660927867,3.38183917928,0.0,0.0,0.0
3263,4.10122697686,1.74254935898,34.0008165526,0.917923178472,0.481425052964,38.9489431351,-0.293901057664,0.409042961372,0.958492830575,3.38198661304,0.0,0.0,0.0
3264,4.1024838653,1.74087528842,34.0324865813,0.917962602471,0.480962546981,38.9365718415,-0.294571632482,0.408194628266,0.958325229076,3.38213080455,0.0,0.0,0.0
3265,4.10374075374,1.7392029646,34.0641549545,0.918003121685,0.482241467487,38.9241857405,-0.295240093815,0.409857809589,0.958111348525,3.38317316049,0.0,0.0,0.0
3266,4.10499764218,1.73753238938,34.095821627,0.918044733006,0.481778254936,38.9117848374,-0.295906448048,0.409007021284,0.957944264356,3.38331158271,0.0,0.0,0.0
3267,4.10625453062,1.73586356454,34.1274865534,0.918087433333,0.481315527731,38.8993691378,-0.296570701546,0.408159018867,0.957777684884,3.38344680256,0.0,0.0,0.0
3268,4.10751141906,1.73419649189,34.1591496888,0.918131219579,0.480853286364,38.886938647,-0.297232860654,0.407313790973,0.957611613311,3.38357883726,0.0,0.0,0.0
3269,4.1087683075,1.73253117318,34.1908109881,0.918176088663,0.482125796758,38.8744933706,-0.297892931696,0.408960764839,0.957398115542,3.38461176584,0.0,0.0,0.0
3270,4.11002519593,1.73086761015,34.2224704065,0.918222037518,0.481662863302,38.862033314,-0.298550920976,0.408113143019,0.957232582673,3.38473809831,0.0,0.0,0.0
3271,4.11128208437,1.72920580451,34.2541278993,0.918269063084,0.48120041889,38.8495584826,-0.299206834779,0.4072682992,0.957067566258,3.38486128518,0.0,0.0,0.0
3272,4.11253897281,1.72754575796,34.2857834218,0.918317162312,0.480738463993,38.8370688819,-0.29986067937,0.406426222016,0.956903069357,3.38498134348,0.0,0.0,0.0
3273,4.11379586125,1.72588747216,34.3174369296,0.918366332165,0.482004614157,38.8245645175,-0.300512460993,0.408057138718,0.9566899931,3.38600484199,0.0,0.0,0.0
3274,4.11505274969,1.72423094876,34.3490883782,0.918416569614,0.481541981497,38.8120453949,-0.301162185875,0.407212727927,0.956526055499,3.38611926494,0.0,0.0,0.0
3275,4.11630963813,1.72257618939,34.3807377235,0.918467871641,0.481079841491,38.7995115194,-0.301809860219,0.406371086882,0.956362645624,3.38623059854,0.0,0.0,0.0
3276,4.11756652657,1.72092319564,34.4123849213,0.918520235235,0.482340840423,38.7869628967,-0.302455490214,0.407991143667,0.9561499849,3.38724718481,0.0,0.0,0.0
3277,4.11882341501,1.71927196909,34.4440299277,0.9185736574,0.481878034183,38.7743995322,-0.303099082024,0.407147214218,0.955987149118,3.38735292761,0.0,0.0,0.0
3278,4.12008030345,1.7176225113,34.4756726986,0.918628135146,0.481415723691,38.7618214315,-0.303740641798,0.406306057318,0.955824849029,3.38745562005,0.0,0.0,0.0
3279,4.12133719189,1.71597482379,34.5073131904,0.918683665495,0.480953909376,38.7492286001,-0.304380175663,0.405467661548,0.955663087466,3.38755527887,0.0,0.0,0.0
3280,4.12259408033,1.71432890809,34.5389513595,0.918740245476,0.482208636608,38.7366210436,-0.305017689728,0.407071894804,0.95545091333,3.38856242521,0.0,0.0,0.0
3281,4.12385096876,1.71268476568,34.5705871622,0.918797872131,0.481746170124,38.7239987674,-0.305653190081,0.406231269413,0.955289745151,3.38865655988,0.0,0.0,0.0
3282,4.1251078572,1.71104239802,34.6022205551,0.91885654251,0.481284202845,38.7113617771,-0.306286682794,0.405393407603,0.955129123136,3.38874769959,0.0,0.0,0.0
3283,4.12636474564,1.70940180656,34.633851495,0.918916253674,0.48253384809,38.6987100784,-0.306918173916,0.406986906052,0.954917412523,3.3897479107,0.0,0.0,0.0
3284,4.12762163408,1.70776299273,34.6654799386,0.918977002691,0.48207123998,38.6860436767,-0.307547669481,0.406146858895,0.954757397753,3.38983357082,0.0,0.0,0.0
3285,4.12887852252,1.70612595792,34.6971058429,0.919038786642,0.481609134057,38.6733625777,-0.308175175501,0.405309577469,0.954597936551,3.38991627442,0.0,0.0,0.0
3286,4.13013541096,1.70449070351,34.728729165,0.919101602615,0.481147530711,38.6606667868,-0.30880069797,0.404475050317,0.954439031526,3.38999603791,0.0,0.0,0.0
3287,4.1313922994,1.70285723086,34.760349862,0.919165447709,0.482390992109,38.6479563098,-0.309424242864,0.406052961088,0.954227868816,3.39098680651,0.0,0.0,0.0
3288,4.13264918784,1.70122554131,34.7919678911,0.919230319033,0.481928761736,38.6352311521,-0.310045816139,0.40521630583,0.954069589082,3.39106115681,0.0,0.0,0.0
3289,4.13390607628,1.69959563617,34.8235832098,0.919296213703,0.481467036856,38.6224913195,-0.310665423733,0.404382406658,0.953911872612,3.39113260511,0.0,0.0,0.0
3290,4.13516296472,1.69796751673,34.8551957755,0.919363128848,0.481005817837,38.6097368175,-0.311283071567,0.403551252127,0.953754721887,3.39120116765,0.0,0.0,0.0
3291,4.13641985316,1.69634118428,34.8868055459,0.919431061603,0.482243144256,38.5969676516,-0.311898765539,0.405113726941,0.953544140371,3.39218250106,0.0,0.0,0.0
3292,4.1376767416,1.69471664005,34.9184124786,0.919500009114,0.481781311864,38.5841838277,-0.312512511534,0.4042805006,0.953387632288,3.39224571657,0.0,0.0,0.0
3293,4.13893363003,1.69309388529,34.9500165316,0.919569968538,0.481319988187,38.5713853512,-0.313124315414,0.403450020381,0.953231696725,3.39230608408,0.0,0.0,0.0
3294,4.14019051847,1.69147292119,34.9816176628,0.919640937038,0.482552339651,38.5585722278,-0.313734183026,0.405001974593,0.953021648363,3.39328046224,0.0,0.0,0.0
3295,4.14144740691,1.68985374896,35.0132158301,0.919712911789,0.482090413639,38.5457444632,-0.314342120196,0.404169465295,0.952866367915,3.39333552717,0.0,0.0,0.0
3296,4.14270429535,1.68823636976,35.0448109919,0.919785889975,0.481628999152,38.532902063,-0.314948132733,0.403339703315,0.952711666544,3.39338778164,0.0,0.0,0.0
3297,4.14396118379,1.68662078473,35.0764031063,0.919859868787,0.481168096517,38.5200450329,-0.315552226429,0.402512677186,0.952557546518,3.39343724159,0.0,0.0,0.0
3298,4.14521807223,1.68500699502,35.1079921318,0.919934845428,0.482394399738,38.5071733785,-0.316154407056,0.404049433401,0.952348135203,3.39440219252,0.0,0.0,0.0
3299,4.14647496067,1.68339500171,35.1395780268,0.920010817109,0.481932908161,38.4942871055,-0.316754680369,0.40322043295,0.952194686482,3.39444641572,0.0,0.0,0.0
3300,4.14773184911,1.6817848059,35.1711607499,0.920087781049,0.481471931184,38.4813862197,-0.317353052104,0.40239416923,0.952041825364,3.39448788161,0.0,0.0,0.0
3301,4.14898873755,1.68017640867,35.20274026,0.920165734479,0.482693327372,38.4684707266,-0.317949527982,0.403920537058,0.951832988243,3.39544586891,0.0,0.0,0.0
3302,4.15024562599,1.67856981105,35.2343165156,0.920244674636,0.4822317723,38.455540632,-0.318544113702,0.403092340788,0.951680810073,3.39548214241,0.0,0.0,0.0
3303,4.15150251443,1.67696501407,35.2658894759,0.920324598768,0.48177073453,38.4425959416,-0.319136814948,0.402266881854,0.951529225551,3.39551569556,0.0,0.0,0.0
3304,4.15275940286,1.67536201874,35.2974590999,0.920405504131,0.481310214351,38.4296366611,-0.319727637386,0.401444148773,0.951378236745,3.395546544,0.0,0.0,0.0
3305,4.1540162913,1.67376082605,35.3290253465,0.920487387992,0.482525648302,38.4166627962,-0.320316586663,0.402955557781,0.951170089274,3.39649511844,0.0,0.0,0.0
3306,4.15527317974,1.67216143697,35.3605881752,0.920570247624,0.482064563162,38.4036743526,-0.320903668411,0.402130945374,0.951019798493,3.39652083997,0.0,0.0,0.0
3307,4.15653006818,1.67056385245,35.3921475453,0.920654080311,0.481603998254,38.3906713361,-0.321488888241,0.401309059123,0.950870109183,3.39654389342,0.0,0.0,0.0
3308,4.15778695662,1.66896807341,35.4237034162,0.920738883346,0.481143953847,38.3776537524,-0.32207225175,0.400489887573,0.950721023294,3.39656429424,0.0,0.0,0.0
3309,4.15904384506,1.66737410077,35.4552557475,0.920824654028,0.48235347334,38.3646216073,-0.322653764515,0.401986489534,0.950513594066,3.39750347194,0.0,0.0,0.0
3310,4.1603007335,1.66578193542,35.4868044988,0.920911389669,0.481892876956,38.3515749065,-0.323233432098,0.401165490955,0.950365220658,3.39751881106,0.0,0.0,0.0
3311,4.16155762194,1.66419157822,35.5183496299,0.920999087588,0.481432803654,38.3385136558,-0.323811260041,0.400347207083,0.950217456145,3.39753153384,0.0,0.0,0.0
3312,4.16281451038,1.66260303004,35.5498911006,0.921087745111,0.482637520971,38.3254378609,-0.32438725387,0.401833643478,0.950010660648,3.39846374917,0.0,0.0,0.0
3313,4.16407139882,1.66101629171,35.5814288711,0.921177359575,0.48217690624,38.3123475276,-0.324961419096,0.401013572781,0.949863619025,3.39847145436,0.0,0.0,0.0
3314,4.16532828726,1.65943136404,35.6129629012,0.921267928326,0.481716817127,38.2992426617,-0.325533761211,0.400196216538,0.949717191571,3.39847657928,0.0,0.0,0.0
3315,4.1665851757,1.65784824783,35.6444931513,0.921359448717,0.481257253863,38.286123269,-0.326104285688,0.399381563295,0.949571380046,3.39847913908,0.0,0.0,0.0
3316,4.16784206413,1.65626694386,35.6760195815,0.921451918111,0.482456141536,38.2729893553,-0.326672997986,0.400853432491,0.94936535067,3.39940198129,0.0,0.0,0.0
3317,4.16909895257,1.65468745289,35.7075421523,0.921545333879,0.48199604957,38.2598409264,-0.327239903547,0.400037043202,0.949220275451,3.39939958828,0.0,0.0,0.0
3318,4.17035584101,1.65310977565,35.7390608241,0.9216396934,0.481536485931,38.2466779881,-0.327805007796,0.399223356377,0.949075821162,3.39939466589,0.0,0.0,0.0
3319,4.17161272945,1.65153391288,35.7705755575,0.921734994062,0.482730637923,38.2335005462,-0.328368316138,0.400685197329,0.948870460552,3.4003105503,0.0,0.0,0.0
3320,4.17286961789,1.64995986527,35.8020863132,0.921831233263,0.48227055594,38.2203086066,-0.328929833966,0.399869813691,0.948726752238,3.40030071906,0.0,0.0,0.0
3321,4.17412650633,1.64838763352,35.833593052,0.921928408408,0.481811004717,38.207102175,-0.329489566654,0.399057131733,0.948583669667,3.40028839392,0.0,0.0,0.0
3322,4.17538339477,1.64681721829,35.8650957348,0.922026516911,0.48135198445,38.1938812574,-0.33004751956,0.398247140011,0.948441214411,3.40027358974,0.0,0.0,0.0
3323,4.17664028321,1.64524862024,35.8965943225,0.922125556193,0.482540390837,38.1806458596,-0.330603698024,0.399694653958,0.948236664988,3.40118013026,0.0,0.0,0.0
3324,4.17789717165,1.64368183999,35.9280887762,0.922225523686,0.482080864698,38.1673959873,-0.331158107371,0.398883014692,0.948094968128,3.40116048157,0.0,0.0,0.0
3325,4.17915406009,1.64211687816,35.959579057,0.922326416829,0.48162187189,38.1541316466,-0.331710752911,0.398074064608,0.947953903133,3.40113838898,0.0,0.0,0.0
3326,4.18041094853,1.64055373535,35.9910651263,0.922428233069,0.481163412587,38.1408528433,-0.332261639934,0.397267792303,0.947813471467,3.40111386719,0.0,0.0,0.0
3327,4.18166783696,1.63899241214,36.0225469455,0.922530969861,0.482346119999,38.1275595831,-0.332810773717,0.398701129897,0.947609757752,3.40201108764,0.0,0.0,0.0
3328,4.1829247254,1.63743290909,36.0540244759,0.92263462467,0.481887167151,38.1142518722,-0.333358159519,0.397893258417,0.947470096346,3.40198178534,0.0,0.0,0.0
3329,4.18418161384,1.63587522675,36.0854976792,0.922739194968,0.481428750125,38.1009297162,-0.333903802583,0.3970880634,0.947331072561,3.40195008865,0.0,0.0,0.0
3330,4.18543850228,1.63431936564,36.1169665169,0.922844678236,0.482606824394,38.0875931211,-0.334447708137,0.398511601283,0.947128078411,3.4028403713,0.0,0.0,0.0
3331,4.18669539072,1.63276532629,36.1484309509,0.922951071963,0.482147923882,38.0742420929,-0.334989881392,0.397704844756,0.946989833452,3.40280393772,0.0,0.0,0.0
3332,4.18795227916,1.63121310917,36.1798909431,0.923058373645,0.481689561469,38.0608766374,-0.335530327543,0.396900763142,0.946852230229,3.40276514431,0.0,0.0,0.0
3333,4.1892091676,1.62966271476,36.2113464552,0.923166580788,0.481231737297,38.0474967606,-0.336069051769,0.396099345061,0.946715270031,3.40272400546,0.0,0.0,0.0
3334,4.19046605604,1.62811414354,36.2427974495,0.923275690904,0.48240419538,38.0341024683,-0.336606059234,0.397508946222,0.946513152554,3.40360500537,0.0,0.0,0.0
3335,4.19172294448,1.62656739593,36.2742438879,0.923385701516,0.481945899793,38.0206937666,-0.337141355086,0.396706013516,0.946376982113,3.40355919315,0.0,0.0,0.0
3336,4.19297983292,1.62502247237,36.3056857328,0.923496610153,0.481488144664,38.0072706613,-0.337674944456,0.395905742545,0.946241458564,3.40351106973,0.0,0.0,0.0
3337,4.19423672136,1.62347937327,36.3371229465,0.923608414351,0.482656034586,37.9938331585,-0.338206832461,0.397305684668,0.946040090481,3.40438514783,0.0,0.0,0.0
3338,4.1954936098,1.62193809902,36.3685554913,0.923721111658,0.482197817917,37.980381264,-0.338737024201,0.396503935767,0.945905364593,3.40433239443,0.0,0.0,0.0
3339,4.19675049823,1.62039864999,36.3999833298,0.923834699625,0.481740143882,37.9669149839,-0.339265524761,0.395704846576,0.945771289291,3.40427736383,0.0,0.0,0.0
3340,4.19800738667,1.61886102655,36.4314064245,0.923949175815,0.481283012589,37.9534343241,-0.339792339211,0.394908405746,0.945637865694,3.40422007011,0.0,0.0,0.0
3341,4.19926427511,1.61732522904,36.4628247382,0.924064537797,0.482445368307,37.9399392906,-0.340317472604,0.39629465038,0.945437412803,3.40508490769,0.0,0.0,0.0
3342,4.20052116355,1.61579125779,36.4942382336,0.924180783149,0.481987787294,37.9264298893,-0.34084092998,0.395496777039,0.945304796906,3.405023047,0.0,0.0,0.0
3343,4.20177805199,1.61425911312,36.5256468736,0.924297909455,0.481530751144,37.9129061264,-0.341362716362,0.394701549799,0.945172836171,3.40495895685,0.0,0.0,0.0
3344,4.20303494043,1.61272879531,36.5570506212,0.924415914308,0.481074259946,37.8993680077,-0.341882836757,0.39390895736,0.945041531618,3.40489265117,0.0,0.0,0.0
3345,4.20429182887,1.61120030465,36.5884494394,0.924534795309,0.482231126894,37.8858155393,-0.342401296159,0.395281653044,0.944842014896,3.40574827872,0.0,0.0,0.0
3346,4.20554871731,1.6096736414,36.6198432914,0.924654550067,0.481774197653,37.8722487272,-0.342918099545,0.394487672646,0.944711527582,3.40567746871,0.0,0.0,0.0
3347,4.20680560575,1.60814880581,36.6512321403,0.924775176199,0.481317815431,37.8586675774,-0.343433251878,0.393696324563,0.944581699673,3.40560447649,0.0,0.0,0.0
3348,4.20806249419,1.60662579812,36.6826159495,0.924896671328,0.482470214321,37.845072096,-0.343946758105,0.395059592915,0.944382975557,3.40645321869,0.0,0.0,0.0
3349,4.20931938263,1.60510461854,36.7139946824,0.925019033085,0.482013403636,37.8314622889,-0.344458623158,0.394266892017,0.944253971803,3.40637576508,0.0,0.0,0.0
3350,4.21057627106,1.60358526727,36.7453683026,0.925142259112,0.481557141994,37.8178381623,-0.344968851955,0.393476820736,0.944125630514,3.40629616234,0.0,0.0,0.0
3351,4.2118331595,1.60206774451,36.7767367735,0.925266347054,0.481101429452,37.8041997222,-0.345477449398,0.392689367813,0.943997952554,3.40621442408,0.0,0.0,0.0
3352,4.21309004794,1.60055205041,36.8081000589,0.925391294567,0.482248420259,37.7905469747,-0.345984420376,0.39403932484,0.943800199552,3.40705400552,0.0,0.0,0.0
3353,4.21434693638,1.59903818515,36.8394581225,0.925517099312,0.481792290684,37.7768799257,-0.346489769762,0.39325056222,0.943673354447,3.40696786797,0.0,0.0,0.0
3354,4.21560382482,1.59752614885,36.8708109282,0.925643758961,0.481336712181,37.7631985815,-0.346993502413,0.392464415044,0.943547175507,3.40687962765,0.0,0.0,0.0
3355,4.21686071326,1.59601594165,36.9021584399,0.925771271189,0.480881684787,37.749502948,-0.347495623173,0.391680872109,0.943421663501,3.40678929803,0.0,0.0,0.0
3356,4.2181176017,1.59450756366,36.9335006217,0.925899633683,0.482023312195,37.7357930314,-0.347996136871,0.393017664542,0.943224900649,3.40761975279,0.0,0.0,0.0
3357,4.21937449014,1.59300101497,36.9648374375,0.926028844135,0.481567879058,37.7220688378,-0.348495048322,0.392232854186,0.943100229731,3.40752508558,0.0,0.0,0.0
3358,4.22063137858,1.59149629567,36.9961688517,0.926158900245,0.481112998949,37.7083303732,-0.348992362326,0.391450644949,0.942976228364,3.40742836145,0.0,0.0,0.0
3359,4.22188826702,1.58999340582,37.0274948285,0.92628979972,0.482250256871,37.6945776438,-0.349488083667,0.392778242405,0.942780297191,3.4082519763,0.0,0.0,0.0
3360,4.22314515546,1.58849234547,37.0588153323,0.926421540275,0.481794980309,37.6808106557,-0.349982217118,0.391994799361,0.942657142902,3.40815095704,0.0,0.0,0.0
3361,4.22440204389,1.58699311467,37.0901303275,0.926554119632,0.481340258654,37.6670294151,-0.350474767434,0.391213954119,0.942534660628,3.40804791303,0.0,0.0,0.0
3362,4.22565893233,1.58549571343,37.1214397786,0.926687535521,0.480886091913,37.653233928,-0.350965739358,0.390435695525,0.942412850988,3.40794285746,0.0,0.0,0.0
3363,4.22691582077,1.58400014177,37.1527436503,0.926821785679,0.482018065808,37.6394242006,-0.351455137619,0.391750363861,0.942217941615,3.40875740131,0.0,0.0,0.0
3364,4.22817270921,1.58250639968,37.1840419073,0.92695686785,0.481563513659,37.625600239,-0.351942966931,0.390970912336,0.942096986501,3.40864811171,0.0,0.0,0.0
3365,4.22942959765,1.58101448714,37.2153345144,0.927092779785,0.481109518251,37.6117620494,-0.352429231993,0.390194043947,0.941976706275,3.40853684237,0.0,0.0,0.0
3366,4.23068648609,1.57952440411,37.2466214363,0.927229519243,0.482237185076,37.597909638,-0.35291393749,0.391499660127,0.941782651405,3.40934457773,0.0,0.0,0.0
3367,4.23194337453,1.57803615056,37.2779026382,0.92736708399,0.48178281337,37.584043011,-0.353397088096,0.390721631476,0.94166323114,3.4092291165,0.0,0.0,0.0
3368,4.23320026297,1.57654972641,37.3091780849,0.9275054718,0.481329000193,37.5701621744,-0.353878688468,0.389946182257,0.941544487867,3.4091117071,0.0,0.0,0.0
3369,4.23445715141,1.5750651316,37.3404477417,0.927644680452,0.48087574552,37.5562671346,-0.354358743249,0.389173301377,0.941426422061,3.40899236245,0.0,0.0,0.0
3370,4.23571403985,1.57358236603,37.3717115737,0.927784707734,0.481998206843,37.5423578976,-0.354837257071,0.390466222557,0.941233418668,3.40979108641,0.0,0.0,0.0
3371,4.23697092829,1.57210142961,37.4029695462,0.927925551442,0.481544586677,37.5284344698,-0.355314234548,0.389692220915,0.941116219519,3.40966761037,0.0,0.0,0.0
3372,4.23822781673,1.57062232221,37.4342216245,0.928067209375,0.481091526752,37.5144968572,-0.355789680283,0.388920783724,0.940999699739,3.40954223031,0.0,0.0,0.0
3373,4.23948470516,1.5691450437,37.4654677742,0.928209679344,0.480639027031,37.5005450661,-0.356263598866,0.388151899954,0.94088385972,3.40941495895,0.0,0.0,0.0
3374,4.2407415936,1.56766959395,37.4967079606,0.928352959164,0.481756326294,37.4865791028,-0.356735994872,0.389432269515,0.940691923975,3.41020471085,0.0,0.0,0.0
3375,4.24199848204,1.5661959728,37.5279421495,0.928497046658,0.481303471745,37.4725989735,-0.357206872861,0.388662303682,0.940576956884,3.41007336821,0.0,0.0,0.0
3376,4.24325537048,1.56472418007,37.5591703065,0.928641939656,0.480851179085,37.4586046843,-0.357676237382,0.387894887203,0.940462671258,3.40994016517,0.0,0.0,0.0
3377,4.24451225892,1.56325421559,37.5903923973,0.928787635995,0.481964267286,37.4445962416,-0.35814409297,0.389166436781,0.940271622991,3.41072316723,0.0,0.0,0.0
3378,4.24576914736,1.56178607916,37.6216083879,0.928934133519,0.481511628625,37.4305736516,-0.358610444145,0.388397969423,0.940158214897,3.41058593448,0.0,0.0,0.0
3379,4.2470260358,1.56031977056,37.652818244,0.929081430077,0.481059553503,37.4165369205,-0.359075295415,0.387632047179,0.940045489834,3.41044687201,0.0,0.0,0.0
3380,4.24828292424,1.55885528958,37.6840219318,0.929229523529,0.480608041849,37.4024860547,-0.359538651274,0.386868659086,0.939933448054,3.41030599228,0.0,0.0,0.0
3381,4.24953981268,1.55739263598,37.7152194173,0.929378411739,0.481716045174,37.3884210603,-0.360000516204,0.388127888243,0.939743494213,3.41108008739,0.0,0.0,0.0
3382,4.25079670112,1.55593180952,37.7464106666,0.929528092577,0.48126419795,37.3743419438,-0.360460894671,0.387363486632,0.939632335533,3.41093523739,0.0,0.0,0.0
3383,4.25205358956,1.55447280993,37.7775956461,0.929678563922,0.480812915794,37.3602487113,-0.360919791131,0.386601614765,0.939521861512,3.41078860045,0.0,0.0,0.0
3384,4.25331047799,1.55301563694,37.8087743219,0.929829823659,0.480362198624,37.3461413692,-0.361377210026,0.385842261746,0.939412072326,3.41064018886,0.0,0.0,0.0
3385,4.25456736643,1.55156029027,37.8399466605,0.929981869681,0.481465159746,37.3320199237,-0.361833155782,0.387089311433,0.939223227505,3.41140541916,0.0,0.0,0.0
3386,4.25582425487,1.55010676961,37.8711126283,0.930134699884,0.4810141173,37.3178843812,-0.362287632816,0.386328981484,0.939114326587,3.41125309634,0.0,0.0,0.0
3387,4.25708114331,1.54865507466,37.902272192,0.930288312175,0.48056364139,37.303734748,-0.362740645529,0.385571165815,0.939006111694,3.41109902885,0.0,0.0,0.0
3388,4.25833803175,1.54720520509,37.933425318,0.930442704466,0.481662485867,37.2895710304,-0.363192198312,0.386809626561,0.93881818397,3.41185757508,0.0,0.0,0.0
3389,4.25959492019,1.54575716058,37.9645719732,0.930597874675,0.481211693229,37.2753932348,-0.36364229554,0.386050863691,0.93871086117,3.41169963732,0.0,0.0,0.0
3390,4.26085180863,1.54431094076,37.9957121242,0.930753820728,0.480761468641,37.2612013675,-0.364090941577,0.385294610371,0.93860422545,3.41153998466,0.0,0.0,0.0
3391,4.26210869707,1.54286654528,38.0268457379,0.930910540556,0.480311811991,37.2469954348,-0.364538140774,0.384540855779,0.93849827686,3.41137862912,0.0,0.0,0.0
3392,4.26336558551,1.54142397378,38.0579727813,0.931068032098,0.481405690098,37.2327754431,-0.364983897469,0.385767364941,0.938311482247,3.41212838068,0.0,0.0,0.0
3393,4.26462247395,1.53998322586,38.0890932213,0.9312262933,0.480955726784,37.2185413987,-0.365428215987,0.385012698442,0.938206430257,3.41196321322,0.0,0.0,0.0
3394,4.26587936239,1.53854430113,38.120207025,0.931385322112,0.480506332875,37.2042933081,-0.365871100641,0.384260525791,0.938102066275,3.41179637229,0.0,0.0,0.0
3395,4.26713625083,1.53710719919,38.1513141595,0.931545116493,0.480057508244,37.1900311776,-0.366312555731,0.383510836239,0.937998390276,3.41162786975,0.0,0.0,0.0
3396,4.26839313926,1.53567191961,38.1824145921,0.931705674409,0.481146461883,37.1757550136,-0.366752585545,0.384725532162,0.937812741897,3.41236887127,0.0,0.0,0.0
3397,4.2696500277,1.53423846197,38.2135082901,0.931866993829,0.480697340519,37.1614648225,-0.367191194357,0.383974965251,0.937709966634,3.41219661474,0.0,0.0,0.0
3398,4.27090691614,1.53280682582,38.2445952208,0.932029072733,0.480248789854,37.1471606107,-0.367628386429,0.383226876415,0.937607880057,3.41202272568,0.0,0.0,0.0
3399,4.27216380458,1.5313770107,38.2756753516,0.932191909103,0.479800809744,37.1328423845,-0.368064166013,0.382481254974,0.937506482071,3.41184721576,0.0,0.0,0.0
3400,4.27342069302,1.52994901617,38.3067486501,0.932355500931,0.480884880534,37.1185101505,-0.368498537346,0.383684274877,0.937321992543,3.41257951269,0.0,0.0,0.0
3401,4.27467758146,1.52852284173,38.3378150838,0.932519846214,0.480436613494,37.104163915,-0.368931504654,0.382937809893,0.937221499062,3.41240030628,0.0,0.0,0.0
3402,4.2759344699,1.5270984869,38.3688746205,0.932684942955,0.479988918382,37.0898036844,-0.369363072148,0.382193807141,0.937121694704,3.41221950777,0.0,0.0,0.0
3403,4.27719135834,1.52567595119,38.3999272278,0.932850789164,0.481068998192,37.0754294652,-0.369793244032,0.383388554483,0.936938157766,3.41294522216,0.0,0.0,0.0
3404,4.27844824678,1.52425523407,38.4309728735,0.933017382856,0.480621024326,37.0610412639,-0.370222024492,0.38264373598,0.93683926075,3.41276076722,0.0,0.0,0.0
3405,4.27970513522,1.52283633503,38.4620115256,0.933184722055,0.480173623729,37.0466390869,-0.370649417707,0.381901374403,0.93674105327,3.41257474869,0.0,0.0,0.0
3406,4.28096202366,1.52141925355,38.4930431519,0.933352804788,0.479726796233,37.0322229406,-0.37107542784,0.381161459155,0.936643535112,3.41238717799,0.0,0.0,0.0
3407,4.28221891209,1.52000398906,38.5240677205,0.933521629091,0.480802067175,37.0177928316,-0.371500059045,0.382344753083,0.936461177757,3.41310426393,0.0,0.0,0.0
3408,4.28347580053,1.51859054103,38.5550851994,0.933691193006,0.4803549705,37.0033487662,-0.371923315461,0.381604054666,0.936364570105,3.4129130936,0.0,0.0,0.0
3409,4.28473268897,1.51717890889,38.5860955568,0.933861494578,0.479908448219,36.988890751,-0.372345201218,0.380865797144,0.936268652024,3.41272039927,0.0,0.0,0.0
3410,4.28598957741,1.51576909205,38.617098761,0.934032531862,0.479462500151,36.9744187925,-0.372765720431,0.380129969996,0.936173423235,3.41252619221,0.0,0.0,0.0
3411,4.28724646585,1.51436108994,38.6480947802,0.934204302919,0.480533003071,36.9599328971,-0.373184877207,0.381301944934,0.935992256745,3.41323469732,0.0,0.0,0.0
3412,4.28850335429,1.51295490196,38.6790835828,0.934376805812,0.480086795272,36.9454330714,-0.373602675637,0.380565366492,0.935897941284,3.41303694697,0.0,0.0,0.0
3413,4.28976024273,1.51155052749,38.7100651372,0.934550038615,0.479641162935,36.9309193219,-0.374019119804,0.379831212866,0.935804315202,3.41283771174,0.0,0.0,0.0
3414,4.29101713117,1.51014796594,38.741039412,0.934723999406,0.480707765483,36.9163916551,-0.374434213777,0.380995141299,0.935624123939,3.41353971443,0.0,0.0,0.0
3415,4.29227401961,1.50874721665,38.7720063756,0.934898686269,0.480261881326,36.9018500775,-0.374847961613,0.380260262807,0.935531413352,3.41333697529,0.0,0.0,0.0
3416,4.29353090805,1.507348279,38.8029659969,0.935074097295,0.479816573847,36.8872945956,-0.37526036736,0.379527803439,0.935439392121,3.41313277888,0.0,0.0,0.0
3417,4.29478779649,1.50595115234,38.8339182444,0.935250230579,0.479371842838,36.8727252161,-0.375671435052,0.378797752765,0.935348059857,3.4129271362,0.0,0.0,0.0
3418,4.29604468492,1.50455583601,38.8648630869,0.935427084224,0.480433749981,36.8581419454,-0.376081168712,0.379950580789,0.935169077921,3.41362063814,0.0,0.0,0.0
3419,4.29730157336,1.50316232934,38.8958004933,0.935604656338,0.47998877638,36.8435447901,-0.376489572352,0.379219835936,0.935078663404,3.41341154718,0.0,0.0,0.0
3420,4.2985584618,1.50177063165,38.9267304325,0.935782945036,0.479544380421,36.8289337568,-0.376896649972,0.378491493972,0.934988937677,3.41320103722,0.0,0.0,0.0
3421,4.29981535024,1.50038074226,38.9576528735,0.935961948438,0.479100561885,36.814308852,-0.37730240556,0.377765544541,0.934899900288,3.41298911912,0.0,0.0,0.0
3422,4.30107223868,1.49899266045,38.9885677853,0.936141664671,0.480157813696,36.7996700823,-0.377706843096,0.378907403672,0.934722137715,3.41367416986,0.0,0.0,0.0
3423,4.30232912712,1.49760638554,39.0194751371,0.936322091866,0.47971376167,36.7850174544,-0.378109966544,0.378180790075,0.934634020005,3.41345885864,0.0,0.0,0.0
3424,4.30358601556,1.49622191679,39.050374898,0.936503228161,0.479270288196,36.7703509748,-0.37851177986,0.377456563099,0.934546590306,3.41324216622,0.0,0.0,0.0
3425,4.304842904,1.49483925347,39.0812670373,0.936685071701,0.478827393041,36.75567065,-0.378912286988,0.376734712466,0.934459848106,3.41302410329,0.0,0.0,0.0
3426,4.30609979244,1.49345839486,39.1121515242,0.936867620635,0.47988002931,36.7409764868,-0.379311491859,0.377865733014,0.934283314498,3.41370075299,0.0,0.0,0.0
3427,4.30735668088,1.49207934021,39.1430283283,0.937050873119,0.479436909646,36.7262684917,-0.379709398396,0.377143247561,0.934197493596,3.41347935166,0.0,0.0,0.0
3428,4.30861356932,1.49070208875,39.1738974188,0.937234827314,0.478994369387,36.7115466714,-0.380106010508,0.376423132436,0.93411235972,3.41325660644,0.0,0.0,0.0
3429,4.30987045776,1.48932663972,39.2047587654,0.937419481388,0.480043225737,36.6968110324,-0.380501332096,0.377546413823,0.933936828094,3.41392687247,0.0,0.0,0.0
3430,4.31112734619,1.48795299234,39.2356123376,0.937604833513,0.479600468526,36.6820615815,-0.380895367047,0.376825688502,0.933852616834,3.41370082723,0.0,0.0,0.0
3431,4.31238423463,1.48658114584,39.2664581051,0.937790881868,0.479158291774,36.6672983253,-0.381288119238,0.376107327375,0.933769092024,3.41347346451,0.0,0.0,0.0
3432,4.31364112307,1.48521109941,39.2972960375,0.937977624638,0.478716695228,36.6525212703,-0.381679592536,0.37539132026,0.933686253053,3.41324479471,0.0,0.0,0.0
3433,4.31489801151,1.48384285225,39.3281261046,0.938165060012,0.4797610068,36.6377304234,-0.382069790797,0.376503975594,0.933511965994,3.41390674441,0.0,0.0,0.0
3434,4.31615489995,1.48247640355,39.3589482763,0.938353186187,0.479319202067,36.6229257911,-0.382458717865,0.375787386504,0.933430050737,3.41367482857,0.0,0.0,0.0
3435,4.31741178839,1.4811117525,39.3897625225,0.938542001364,0.478877978552,36.6081073802,-0.382846377574,0.3750731452,0.933348820602,3.41344163173,0.0,0.0,0.0
3436,4.31866867683,1.47974889825,39.4205688131,0.93873150375,0.478437335986,36.5932751973,-0.383232773747,0.374361241577,0.933268274921,3.41320716417,0.0,0.0,0.0
3437,4.31992556527,1.47838783996,39.4513671181,0.938921691559,0.4794771418,36.5784292491,-0.383617910197,0.375463398144,0.933095240891,3.41386084933,0.0,0.0,0.0
3438,4.32118245371,1.4770285768,39.4821574077,0.939112563008,0.479036299694,36.5635695424,-0.384001790725,0.37475094013,0.933015619729,3.41362318923,0.0,0.0,0.0
3439,4.32243934215,1.47567110791,39.512939652,0.939304116321,0.478596039511,36.5486960837,-0.384384419123,0.374040813482,0.932936682169,3.41338428414,0.0,0.0,0.0
3440,4.32369623059,1.4743154324,39.5437138212,0.939496349728,0.47815636097,36.5338088799,-0.384765799171,0.373333008173,0.932858427488,3.41314414418,0.0,0.0,0.0
3441,4.32495311902,1.47296154942,39.5744798856,0.939689261464,0.479191699766,36.5189079377,-0.385145934639,0.374424792031,0.93268665455,3.41378961711,0.0,0.0,0.0
3442,4.32621000746,1.47160945809,39.6052378156,0.93988284977,0.478751830211,36.5039932637,-0.385524829287,0.373716459291,0.932609324907,3.41354633766,0.0,0.0,0.0
3443,4.3274668959,1.47025915749,39.6359875814,0.940077112891,0.478312543232,36.4890648648,-0.385902486863,0.37301044149,0.932532677158,3.41330184876,0.0,0.0,0.0
3444,4.32872378434,1.46891064675,39.6667291537,0.94027204908,0.477873838535,36.4741227477,-0.386278911107,0.37230672868,0.932456710525,3.41305616038,0.0,0.0,0.0
3445,4.32998067278,1.46756392494,39.6974625029,0.940467656593,0.478904748776,36.4591669191,-0.386654105746,0.373388264656,0.932286206353,3.41369347384,0.0,0.0,0.0
3446,4.33123756122,1.46621899116,39.7281875996,0.940663933692,0.478465861475,36.4441973857,-0.387028074499,0.37268405076,0.932211164998,3.41344469854,0.0,0.0,0.0
3447,4.33249444966,1.46487584447,39.7589044145,0.940860878647,0.478027557351,36.4292141545,-0.387400821074,0.371982135374,0.932136803644,3.41319474886,0.0,0.0,0.0
3448,4.3337513381,1.46353448394,39.7896129183,0.94105848973,0.479054835574,36.414217232,-0.387772349166,0.373056314332,0.931967329086,3.4138258414,0.0,0.0,0.0
3449,4.33500822654,1.46219490864,39.8203130817,0.94125676522,0.47861635597,36.3992066252,-0.388142662465,0.372353920317,0.931893893353,3.41357284184,0.0,0.0,0.0
3450,4.33626511498,1.4608571176,39.8510048756,0.941455703401,0.478178460406,36.3841823408,-0.388511764646,0.371653818228,0.931821136417,3.41331869278,0.0,0.0,0.0
3451,4.33752200342,1.45952110988,39.8816882709,0.941655302562,0.477741148569,36.3691443856,-0.388879659378,0.370955998225,0.931749057415,3.41306340391,0.0,0.0,0.0
3452,4.33877889186,1.4581868845,39.9123632385,0.941855560998,0.478764066667,36.3540927664,-0.389246350315,0.372020133605,0.931580863945,3.41368642653,0.0,0.0,0.0
3453,4.34003578029,1.4568544405,39.9430297494,0.94205647701,0.478326587554,36.3390274901,-0.389611841106,0.371321860271,0.931509710336,3.4134281396,0.0,0.0,0.0
3454,4.34129266873,1.45552377688,39.9736877748,0.942258048902,0.477889692994,36.3239485634,-0.389976135387,0.370625862367,0.931439233331,3.41316873743,0.0,0.0,0.0
3455,4.34254955717,1.45419489267,40.0043372857,0.942460274986,0.477453382662,36.3088559931,-0.390339236785,0.369932130131,0.931369432018,3.41290822959,0.0,0.0,0.0
3456,4.34380644561,1.45286778686,40.0349782534,0.942663153577,0.478471978332,36.2937497862,-0.390701148916,0.370986343647,0.931202526282,3.41352323635,0.0,0.0,0.0
3457,4.34506333405,1.45154245845,40.065610649,0.942866682997,0.478035508815,36.2786299495,-0.391061875387,0.370292182793,0.931133649874,3.41325978178,0.0,0.0,0.0
3458,4.34632022249,1.45021890642,40.096234444,0.943070861571,0.477599624314,36.2634964897,-0.391421419796,0.369600280884,0.931065447708,3.41299524577,0.0,0.0,0.0
3459,4.34757711093,1.44889712976,40.1268496096,0.943275687632,0.477164324491,36.2483494138,-0.39177978573,0.368910628238,0.930997918821,3.41272963774,0.0,0.0,0.0
3460,4.34883399937,1.44757712743,40.1574561173,0.943481159516,0.478178635157,36.2331887287,-0.392136976766,0.369955040361,0.930832307108,3.41333668311,0.0,0.0,0.0
3461,4.35009088781,1.4462588984,40.1880539386,0.943687275565,0.477743184127,36.2180144412,-0.392492996472,0.369264983233,0.930765702384,3.41306817922,0.0,0.0,0.0
3462,4.35134777625,1.44494244163,40.218643045,0.943894034126,0.477308318527,36.2028265582,-0.392847848406,0.368577168581,0.930699769374,3.41279862722,0.0,0.0,0.0
3463,4.35260466469,1.44362775607,40.2492234081,0.944101433551,0.47687403801,36.1876250865,-0.393201536116,0.367891586803,0.93063450707,3.41252803639,0.0,0.0,0.0
3464,4.35386155312,1.44231484065,40.2797949997,0.944309472198,0.47788410082,36.1724100332,-0.393554063141,0.368926316763,0.930470195315,3.41312717521,0.0,0.0,0.0
3465,4.35511844156,1.44100369432,40.3103577913,0.944518148429,0.47744967696,36.157181405,-0.393905433011,0.368240354074,0.930405856181,3.41285373891,0.0,0.0,0.0
3466,4.35637533,1.439694316,40.3409117548,0.944727460611,0.477015838898,36.141939209,-0.394255649245,0.367556617411,0.930342186072,3.41257928737,0.0,0.0,0.0
3467,4.35763221844,1.43838670461,40.371456862,0.944937407117,0.476582586276,36.1266834519,-0.394604715353,0.366875097255,0.930279183936,3.41230382974,0.0,0.0,0.0
3468,4.35888910688,1.43708085907,40.4019930848,0.945147986325,0.477588438105,36.1114141409,-0.394952634836,0.367900263039,0.930116177731,3.41289511718,0.0,0.0,0.0
3469,4.36014599532,1.43577677827,40.4325203951,0.945359196616,0.477155049893,36.0961312827,-0.395299411184,0.367218384987,0.93005409753,3.41261686398,0.0,0.0,0.0
3470,4.36140288376,1.43447446113,40.4630387649,0.945571036379,0.4767222478,36.0808348843,-0.395645047881,0.366538716536,0.929992683511,3.41233762797,0.0,0.0,0.0
3471,4.3626597722,1.43317390653,40.4935481664,0.945783504006,0.476290031457,36.0655249528,-0.395989548398,0.365861248248,0.929931934576,3.41205741814,0.0,0.0,0.0
3472,4.36391666064,1.43187511336,40.5240485715,0.945996597895,0.477291708908,36.050201495,-0.396332916198,0.366876966605,0.929770239174,3.41264090969,0.0,0.0,0.0
3473,4.36517354908,1.4305780805,40.5545399526,0.946210316447,0.47685936462,36.0348645179,-0.396675154735,0.366199162891,0.929710410704,3.41235795373,0.0,0.0,0.0
3474,4.36643043752,1.42928280681,40.5850222817,0.946424658071,0.476427606725,36.0195140285,-0.397016267455,0.365523552381,0.929651245419,3.41207404691,0.0,0.0,0.0
3475,4.36768732596,1.42798929117,40.6154955312,0.946639621179,0.475996434844,36.0041500337,-0.397356257792,0.364850125717,0.929592742181,3.41178919808,0.0,0.0,0.0
3476,4.36894421439,1.42669753243,40.6459596734,0.946855204187,0.476993974249,35.9887725407,-0.397695129172,0.365856512158,0.929432362505,3.41236494955,0.0,0.0,0.0
3477,4.37020110283,1.42540752944,40.6764146807,0.947071405518,0.47656268196,35.9733815563,-0.398032885014,0.365182772004,0.929374778029,3.41207740356,0.0,0.0,0.0
3478,4.37145799127,1.42411928106,40.7068605256,0.947288223599,0.476131976293,35.9579770875,-0.398369528724,0.364511208689,0.929317853596,3.41178893821,0.0,0.0,0.0
3479,4.37271487971,1.42283278611,40.7372971805,0.947505656861,0.475701856861,35.9425591414,-0.398705063701,0.363841812935,0.929261588027,3.41149956222,0.0,0.0,0.0
3480,4.37397176815,1.42154804343,40.7677246181,0.947723703741,0.47669529428,35.9271277251,-0.399039493337,0.364838981737,0.929102528675,3.41206762969,0.0,0.0,0.0
3481,4.37522865659,1.42026505185,40.7981428108,0.947942362681,0.476265061867,35.9116828454,-0.399372821011,0.364169293904,0.92904717994,3.41177560501,0.0,0.0,0.0
3482,4.37648554503,1.41898381018,40.8285517314,0.948161632126,0.475835416263,35.8962245096,-0.399705050096,0.363501766578,0.928992487964,3.41148269204,0.0,0.0,0.0
3483,4.37774243347,1.41770431724,40.8589513526,0.948381510528,0.476825480503,35.8807527245,-0.400036183955,0.364492255351,0.92883449311,3.41204486636,0.0,0.0,0.0
3484,4.37899932191,1.41642657183,40.8893416471,0.948601996342,0.476395728294,35.8652674973,-0.400366225941,0.363824454773,0.928780716779,3.41174933914,0.0,0.0,0.0
3485,4.38025621035,1.41515057276,40.9197225879,0.948823088028,0.475966563442,35.849768835,-0.400695179401,0.363158807576,0.92872759503,3.41145294576,0.0,0.0,0.0
3486,4.38151309879,1.41387631882,40.9500941477,0.949044784052,0.47553798554,35.8342567448,-0.401023047671,0.362495304596,0.928675126617,3.41115569469,0.0,0.0,0.0
3487,4.38276998722,1.4126038088,40.9804562995,0.949267082884,0.476524012001,35.8187312335,-0.401349834078,0.36347676387,0.928518459175,3.4117102807,0.0,0.0,0.0
3488,4.38402687566,1.41133304148,41.0108090163,0.949489982998,0.476095334736,35.8031923085,-0.401675541943,0.362813008147,0.928466904106,3.41141046308,0.0,0.0,0.0
3489,4.3852837641,1.41006401563,41.041152271,0.949713482873,0.475667244936,35.7876399767,-0.402000174574,0.362151389474,0.928416000099,3.4111098096,0.0,0.0,0.0
3490,4.38654065254,1.40879673003,41.0714860369,0.949937580993,0.475239742186,35.7720742452,-0.402323735274,0.361491898768,0.92836574587,3.41080832858,0.0,0.0,0.0
3491,4.38779754098,1.40753118344,41.101810287,0.950162275847,0.476221766187,35.7564951211,-0.402646227336,0.362464439679,0.92821040958,3.41135538314,0.0,0.0,0.0
3492,4.38905442942,1.40626737462,41.1321249946,0.950387565928,0.47579417121,35.7409026117,-0.402967654045,0.361804716242,0.928161066183,3.41105138279,0.0,0.0,0.0
3493,4.39031131786,1.40500530233,41.1624301329,0.950613449733,0.475367163766,35.7252967239,-0.403288018675,0.361147113569,0.928112370199,3.41074657644,0.0,0.0,0.0
3494,4.3915682063,1.4037449653,41.1927256751,0.950839925765,0.47494074343,35.7096774649,-0.403607324496,0.360491622657,0.928064320306,3.41044097228,0.0,0.0,0.0
3495,4.39282509474,1.40248636228,41.2230115947,0.95106699253,0.475918800022,35.6940448419,-0.403925574764,0.361455355114,0.927910318604,3.41098055242,0.0,0.0,0.0
3496,4.39408198318,1.401229492,41.2532878649,0.951294648541,0.475492294493,35.678398862,-0.404242772732,0.360799650995,0.927863176829,3.41067247566,0.0,0.0,0.0
3497,4.39533887162,1.3999743532,41.2835544594,0.951522892313,0.475066376522,35.6627395323,-0.404558921641,0.360146051401,0.927816678688,3.41036362231,0.0,0.0,0.0
3498,4.39659576005,1.3987209446,41.3138113516,0.951751722366,0.474641045675,35.64706686,-0.404874024724,0.359494547412,0.927770822827,3.41005400044,0.0,0.0,0.0
3499,4.39785264849,1.39746926492,41.344058515,0.951981137227,0.475615169644,35.6313808523,-0.405188085207,0.360449580104,0.927618158853,3.41058616341,0.0,0.0,0.0
3500,4.39910953693,1.39621931286,41.3742959233,0.952211135423,0.475189760537,35.6156815164,-0.405501106307,0.35979788195,0.927573208196,3.4102741152,0.0,0.0,0.0
3501,4.40036642537,1.39497108715,41.40452355,0.952441715489,0.474764938972,35.5999688594,-0.405813091233,0.359148272135,0.927528897272,3.40996131938,0.0,0.0,0.0
3502,4.40162331381,1.39372458647,41.434741369,0.952672875964,0.474340704509,35.5842428886,-0.406124043184,0.358500741818,0.927485224694,3.40964778388,0.0,0.0,0.0
3503,4.40288020225,1.39247980954,41.464949354,0.95290461539,0.475310930379,35.5685036111,-0.406433965354,0.35944718222,0.9273339013,3.41017258709,0.0,0.0,0.0
3504,4.40413709069,1.39123675503,41.4951474787,0.953136932315,0.474886624486,35.5527510341,-0.406742860926,0.358799476311,0.927291130818,3.40985667103,0.0,0.0,0.0
3505,4.40539397913,1.38999542164,41.525335717,0.953369825291,0.474462906081,35.5369851649,-0.407050733075,0.358153842608,0.927248996052,3.40954003591,0.0,0.0,0.0
3506,4.40665086757,1.38875580804,41.555514043,0.953603292873,0.474039774713,35.5212060106,-0.407357584971,0.357510272351,0.927207495581,3.40922268953,0.0,0.0,0.0
3507,4.40790775601,1.38751791292,41.5856824304,0.953837333622,0.475006136745,35.5054135786,-0.407663419772,0.358448226729,0.92705751533,3.40974019054,0.0,0.0,0.0
3508,4.40916464445,1.38628173494,41.6158408533,0.954071946103,0.47458294068,35.4896078761,-0.40796824063,0.357804498991,0.927016913659,3.4094205089,0.0,0.0,0.0
3509,4.41042153289,1.38504727277,41.6459892858,0.954307128885,0.47416033201,35.4737889102,-0.408272050689,0.357162827383,0.92697694357,3.40910013632,0.0,0.0,0.0
3510,4.41167842132,1.38381452507,41.6761277019,0.954542880541,0.473738310275,35.4579566883,-0.408574853084,0.356523203225,0.926937603611,3.40877908046,0.0,0.0,0.0
3511,4.41293530976,1.3825834905,41.7062560759,0.954779199651,0.473316875016,35.4421112177,-0.408876650943,0.355885617885,0.926898892322,3.40845734894,0.0,0.0,0.0
3512,4.4141921982,1.3813541677,41.7363743819,0.955016084795,0.474278762668,35.4262525055,-0.409177447386,0.356813012662,0.926750524152,3.40896599067,0.0,0.0,0.0
3513,4.41544908664,1.38012655533,41.7664825941,0.95525353456,0.473857270132,35.4103805591,-0.409477245524,0.356175288796,0.926712706852,3.40864198112,0.0,0.0,0.0
3514,4.41670597508,1.37890065202,41.796580687,0.955491547537,0.473436364391,35.3944953857,-0.409776048462,0.355539596443,0.926675515408,3.40831731585,0.0,0.0,0.0
3515,4.41796286352,1.37767645641,41.8266686348,0.955730122321,0.473016044977,35.3785969927,-0.410073859296,0.354905927051,0.92663894833,3.40799200237,0.0,0.0,0.0
3516,4.41921975196,1.37645396714,41.8567464119,0.955969257512,0.473974143214,35.3626853874,-0.410370681114,0.355825077807,0.926491928246,3.40849347432,0.0,0.0,0.0
3517,4.4204766404,1.37523318282,41.8868139928,0.956208951711,0.473553773038,35.346760577,-0.410666516997,0.355191287007,0.926456251454,3.40816592698,0.0,0.0,0.0
3518,4.42173352884,1.37401410208,41.9168713519,0.956449203529,0.473133989481,35.3308225689,-0.410961370017,0.354559511845,0.926421196137,3.40783775106,0.0,0.0,0.0
3519,4.42299041728,1.37279672354,41.9469184638,0.956690011575,0.472714792066,35.3148713705,-0.411255243241,0.353929743848,0.926386760777,3.40750895393,0.0,0.0,0.0
3520,4.42424730572,1.37158104581,41.9769553032,0.956931374467,0.473669134308,35.298906989,-0.411548139725,0.354840752764,0.92624109045,3.40800331399,0.0,0.0,0.0
3521,4.42550419415,1.3703670675,42.0069818445,0.957173290824,0.47324989255,35.2829294317,-0.41184006252,0.354210880046,0.926207541501,3.40767232671,0.0,0.0,0.0
3522,4.42676108259,1.36915478721,42.0369980626,0.957415759271,0.472831237195,35.2669387061,-0.412131014668,0.353583007155,0.926174609545,3.40734073756,0.0,0.0,0.0
3523,4.42801797103,1.36794420355,42.0670039321,0.957658778436,0.472413167762,35.2509348195,-0.412420999204,0.352957125698,0.926142293036,3.4070085538,0.0,0.0,0.0
3524,4.42927485947,1.3667353151,42.0969994278,0.957902346952,0.473363787176,35.2349177793,-0.412710019155,0.35386009378,0.925997973875,3.40749585991,0.0,0.0,0.0
3525,4.43053174791,1.36552812046,42.1269845246,0.958146463456,0.472945679723,35.2188875928,-0.41299807754,0.353234123865,0.925966539735,3.40716152923,0.0,0.0,0.0
3526,4.43178863635,1.36432261822,42.1569591973,0.958391126589,0.472528158425,35.2028442674,-0.413285177373,0.352610138032,0.925935718008,3.40682662299,0.0,0.0,0.0
3527,4.43304552479,1.36311880695,42.1869234208,0.958636334996,0.472111222791,35.1867878106,-0.413571321657,0.351988127967,0.925905507121,3.4064911483,0.0,0.0,0.0
3528,4.43430241323,1.36191668524,42.2168771701,0.958882087325,0.473058152285,35.1707182296,-0.413856513391,0.352883155052,0.925762540273,3.4069714585,0.0,0.0,0.0
3529,4.43555930167,1.36071625165,42.2468204202,0.95912838223,0.472641184863,35.154635532,-0.414140755564,0.35226107238,0.925733207551,3.40663387965,0.0,0.0,0.0
3530,4.43681619011,1.35951750476,42.2767531462,0.959375218367,0.47222480331,35.1385397251,-0.41442405116,0.351640958113,0.925704482566,3.40629575113,0.0,0.0,0.0
3531,4.43807307855,1.35832044313,42.3066753231,0.959622594398,0.471809007128,35.1224308163,-0.414706403153,0.351022804015,0.925676363721,3.40595707993,0.0,0.0,0.0
3532,4.43932996699,1.35712506532,42.3365869261,0.959870508989,0.47275227936,35.1063088132,-0.414987814512,0.35190998878,0.925534750081,3.40643045229,0.0,0.0,0.0
3533,4.44058685542,1.35593136989,42.3664879305,0.960118960807,0.472336457529,35.090173723,-0.415268288197,0.351291777521,0.92550750504,3.40608971921,0.0,0.0,0.0
3534,4.44184374386,1.3547393554,42.3963783113,0.960367948527,0.471921221248,35.0740255533,-0.415547827163,0.350675519059,0.92548086297,3.40574846194,0.0,0.0,0.0
3535,4.4431006323,1.35354902038,42.426258044,0.960617470826,0.471506570012,35.0578643116,-0.415826434355,0.350061205239,0.925454822249,3.40540668735,0.0,0.0,0.0
3536,4.44435752074,1.35236036339,42.4561271039,0.960867526383,0.472446217384,35.0416900052,-0.416104112714,0.350940645207,0.925314562461,3.40587317999,0.0,0.0,0.0
3537,4.44561440918,1.35117338297,42.4859854662,0.961118113885,0.472031546546,35.0255026417,-0.41638086517,0.350326289274,0.925289391031,3.40552938533,0.0,0.0,0.0
3538,4.44687129762,1.34998807766,42.5158331065,0.96136923202,0.471617460905,35.0093022285,-0.41665669465,0.349713870604,0.925264817718,3.40518509155,0.0,0.0,0.0
3539,4.44812818606,1.34880444598,42.5456700002,0.961620879482,0.471203959948,34.9930887731,-0.416931604072,0.349103381119,0.925240840876,3.40484030541,0.0,0.0,0.0
3540,4.4493850745,1.34762248646,42.5754961228,0.961873054966,0.472140014613,34.976862283,-0.417205596345,0.349975172668,0.925101935339,3.40529997647,0.0,0.0,0.0
3541,4.45064196294,1.34644219765,42.6053114499,0.962125757173,0.471726500012,34.9606227658,-0.417478674375,0.349364655729,0.925078823127,3.40495321159,0.0,0.0,0.0
3542,4.45189885138,1.34526357804,42.6351159571,0.962378984809,0.471313570222,34.9443702288,-0.417750841058,0.348756060594,0.925056304094,3.40460597227,0.0,0.0,0.0
3543,4.45315573982,1.34408662618,42.6649096199,0.96263273658,0.470901224723,34.9281046797,-0.418022099284,0.34814937926,0.925034376573,3.40425826513,0.0,0.0,0.0
3544,4.45441262825,1.34291134056,42.6946924141,0.9628870112,0.470489462994,34.911826126,-0.418292451936,0.347544603772,0.925013038893,3.40391009675,0.0,0.0,0.0
3545,4.45566951669,1.3417377197,42.7244643155,0.963141807384,0.471421365309,34.8955345752,-0.418561901891,0.348406923125,0.924875757747,3.40436152778,0.0,0.0,0.0
3546,4.45692640513,1.34056576211,42.7542252997,0.963397123853,0.471009596425,34.8792300348,-0.418830452018,0.347802135035,0.92485527821,3.40401143261,0.0,0.0,0.0
3547,4.45818329357,1.33939546629,42.7839753427,0.963652959329,0.470598411408,34.8629125125,-0.419098105179,0.347199245441,0.924835385146,3.40366089377,0.0,0.0,0.0
3548,4.45944018201,1.33822683074,42.8137144202,0.96390931254,0.47018780973,34.8465820156,-0.41936486423,0.346598246462,0.924816076863,3.40330991773,0.0,0.0,0.0
3549,4.46069707045,1.33705985397,42.8434425081,0.964166182218,0.471116189108,34.8302385519,-0.41963073202,0.347453135887,0.924680150161,3.40375465987,0.0,0.0,0.0
3550,4.46195395889,1.33589453445,42.8731595825,0.964423567097,0.470705586036,34.8138821289,-0.419895711392,0.346852138136,0.924661695042,3.40340179728,0.0,0.0,0.0
3551,4.46321084733,1.3347308707,42.9028656193,0.964681465917,0.470295566374,34.7975127542,-0.42015980518,0.346253023651,0.924643821279,3.40304851478,0.0,0.0,0.0
3552,4.46446773577,1.33356886118,42.9325605945,0.964939877418,0.469886129588,34.7811304354,-0.420423016213,0.345655784628,0.924626527161,3.40269481871,0.0,0.0,0.0
3553,4.46572462421,1.33240850439,42.9622444842,0.965198800349,0.470811017383,34.76473518,-0.420685347314,0.346503336677,0.924491954532,3.40313293005,0.0,0.0,0.0
3554,4.46698151265,1.3312497988,42.9919172645,0.965458233458,0.470401584879,34.7483269957,-0.420946801298,0.345906112348,0.924475508465,3.40277738721,0.0,0.0,0.0
3555,4.46823840108,1.3300927429,43.0215789116,0.965718175499,0.469992735296,34.7319058901,-0.421207380974,0.345310756134,0.924459638565,3.40242144783,0.0,0.0,0.0
3556,4.46949528952,1.32893733516,43.0512294017,0.965978625229,0.469584468095,34.7154718708,-0.421467089144,0.344717260309,0.924444343103,3.40206511813,0.0,0.0,0.0
3557,4.47075217796,1.32778357404,43.080868711,0.96623958141,0.470505895416,34.6990249455,-0.421725928604,0.345557566429,0.924311123948,3.4024966567,0.0,0.0,0.0
3558,4.4720090664,1.32663145802,43.1104968159,0.966501042806,0.470097638087,34.6825651218,-0.421983902144,0.344964098408,0.924296671295,3.40213851955,0.0,0.0,0.0
3559,4.47326595484,1.32548098556,43.1401136925,0.966763008185,0.469689963162,34.6660924073,-0.422241012546,0.344372483432,0.92428278955,3.40178000883,0.0,0.0,0.0
3560,4.47452284328,1.32433215513,43.1697193174,0.967025476319,0.469282870094,34.6496068097,-0.422497262586,0.343782713851,0.924269476966,3.40142113066,0.0,0.0,0.0
3561,4.47577973172,1.32318496517,43.1993136669,0.967288445983,0.468876358339,34.6331083366,-0.422752655034,0.343194782052,0.92425673179,3.40106189111,0.0,0.0,0.0
3562,4.47703662016,1.32203941416,43.2288967175,0.967551915958,0.469793790118,34.6165969958,-0.423007192654,0.344026135381,0.92412513532,3.4014855077,0.0,0.0,0.0
3563,4.4782935086,1.32089550053,43.2584684457,0.967815885024,0.469387294284,34.6000727949,-0.423260878202,0.343438244424,0.924113225761,3.40112450996,0.0,0.0,0.0
3564,4.47955039704,1.31975322274,43.2880288279,0.96808035197,0.468981379755,34.5835357417,-0.423513714431,0.342852183949,0.92410188002,3.40076316725,0.0,0.0,0.0
3565,4.48080728548,1.31861257924,43.3175778409,0.968345315583,0.468576045978,34.5669858437,-0.423765704083,0.342267946419,0.92409109633,3.40040148551,0.0,0.0,0.0
3566,4.48206417392,1.31747356847,43.3471154611,0.968610774659,0.469490084755,34.5504231087,-0.424016849897,0.343092260699,0.923960851339,3.40081866133,0.0,0.0,0.0
3567,4.48332106235,1.31633618887,43.3766416653,0.968876727994,0.469084772306,34.5338475444,-0.424267154606,0.342508076365,0.923950897747,3.40045525965,0.0,0.0,0.0
3568,4.48457795079,1.31520043888,43.4061564302,0.969143174388,0.468680040578,34.5172591586,-0.424516620934,0.341925707684,0.923941502569,3.40009153509,0.0,0.0,0.0
3569,4.48583483923,1.31406631694,43.4356597324,0.969410112645,0.468275889015,34.500657959,-0.424765251601,0.341345147193,0.92393266402,3.39972749351,0.0,0.0,0.0
3570,4.48709172767,1.31293382148,43.4651515488,0.969677541574,0.469186565122,34.4840439533,-0.42501304932,0.342162510197,0.923803769197,3.40013828635,0.0,0.0,0.0
3571,4.48834861611,1.31180295092,43.4946318563,0.969945459984,0.468782440209,34.4674171492,-0.425260016799,0.341582014928,0.923795755113,3.3997725626,0.0,0.0,0.0
3572,4.48960550455,1.31067370371,43.5241006316,0.970213866691,0.468378895408,34.4507775545,-0.425506156738,0.341003320564,0.923788293979,3.3994065377,0.0,0.0,0.0
3573,4.49086239299,1.30954607826,43.5535578516,0.970482760513,0.467975930156,34.4341251771,-0.425751471832,0.340426419719,0.923781383995,3.39904021739,0.0,0.0,0.0
3574,4.49211928143,1.30842007299,43.5830034934,0.97075214027,0.467573543889,34.4174600245,-0.42599596477,0.339851305044,0.923775023359,3.39867360735,0.0,0.0,0.0
3575,4.49337616987,1.30729568632,43.6124375339,0.971022004788,0.468480340326,34.4007821047,-0.426239638235,0.340660094238,0.92364774655,3.39907671983,0.0,0.0,0.0
3576,4.49463305831,1.30617291668,43.64185995,0.971292352896,0.468077986441,34.3840914255,-0.426482494903,0.340085056561,0.923642202715,3.39870847488,0.0,0.0,0.0
3577,4.49588994675,1.30505176248,43.671270719,0.971563183424,0.467676211461,34.3673879945,-0.426724537446,0.339511797816,0.923637204496,3.39833995575,0.0,0.0,0.0
3578,4.49714683518,1.30393222212,43.7006698178,0.971834495209,0.467275014817,34.3506718196,-0.426965768527,0.338940310729,0.923632750077,3.39797116803,0.0,0.0,0.0
3579,4.49840372362,1.30281429403,43.7300572236,0.972106287088,0.468178514346,34.3339429087,-0.427206190806,0.339742346916,0.923506819876,3.39836802865,0.0,0.0,0.0
3580,4.49966061206,1.3016979766,43.7594329136,0.972378557904,0.46777735523,34.3172012696,-0.427445806935,0.339170948149,0.923503176378,3.39799764274,0.0,0.0,0.0
3581,4.5009175005,1.30058326824,43.788796865,0.972651306502,0.467376774349,34.30044691,-0.427684619562,0.338601313814,0.923500072908,3.39762700353,0.0,0.0,0.0
3582,4.50217438894,1.29947016736,43.8181490551,0.972924531731,0.46697677113,34.2836798378,-0.427922631328,0.338033436709,0.923497507639,3.3972561165,0.0,0.0,0.0
3583,4.50343127738,1.29835867236,43.8474894611,0.973198232442,0.467877003321,34.2669000609,-0.428159844868,0.338828804112,0.923372922061,3.39764678271,0.0,0.0,0.0
3584,4.50468816582,1.29724878163,43.8768180605,0.973472407491,0.467477042697,34.2501075872,-0.428396262812,0.338261026343,0.92337116173,3.39727433376,0.0,0.0,0.0
3585,4.50594505426,1.29614049357,43.9061348305,0.973747055738,0.467077659613,34.2333024244,-0.428631887783,0.337694998591,0.923369935792,3.39690165201,0.0,0.0,0.0
3586,4.5072019427,1.29503380657,43.9354397486,0.974022176043,0.466678853488,34.2164845805,-0.428866722399,0.337130713728,0.923369242405,3.39652874284,0.0,0.0,0.0
3587,4.50845883114,1.29392871903,43.9647327922,0.974297767273,0.466280623743,34.1996540633,-0.429100769272,0.336568164661,0.923369079727,3.39615561159,0.0,0.0,0.0
3588,4.50971571958,1.29282522933,43.9940139389,0.974573828296,0.467177089141,34.1828108807,-0.42933403101,0.337355320729,0.923246104735,3.39653883674,0.0,0.0,0.0
3589,4.51097260802,1.29172333587,44.0232831661,0.974850357983,0.46677890742,34.1659550407,-0.429566510212,0.336792881608,0.923246738914,3.39616418883,0.0,0.0,0.0
3590,4.51222949645,1.29062303703,44.0525404514,0.975127355211,0.466381301931,34.1490865511,-0.429798209475,0.336232171123,0.923247899949,3.39578933355,0.0,0.0,0.0
3591,4.51348638489,1.28952433118,44.0817857725,0.975404818858,0.465984272092,34.1322054198,-0.430029131387,0.335673182252,0.923249585987,3.39541427612,0.0,0.0,0.0
3592,4.51474327333,1.28842721672,44.1110191069,0.975682747804,0.466877534244,34.1153116548,-0.430259278533,0.336453859508,0.923127950583,3.39579143687,0.0,0.0,0.0
3593,4.51600016177,1.28733169202,44.1402404324,0.975961140936,0.466480557325,34.0984052639,-0.43048865349,0.335894990948,0.923130427279,3.39541489802,0.0,0.0,0.0
3594,4.51725705021,1.28623775546,44.1694497266,0.976239997142,0.466084155889,34.0814862553,-0.430717258833,0.335337836858,0.923133425093,3.39503817148,0.0,0.0,0.0
3595,4.51851393865,1.28514540542,44.1986469674,0.976519315313,0.465688329345,34.0645546366,-0.430945097128,0.334782390288,0.923136942162,3.39466126237,0.0,0.0,0.0
3596,4.51977082709,1.28405464026,44.2278321324,0.976799094343,0.465293077105,34.0476104161,-0.431172170937,0.334228644326,0.923140976621,3.39428417579,0.0,0.0,0.0
3597,4.52102771553,1.28296545836,44.2570051996,0.97707933313,0.46618264828,34.0306536015,-0.431398482816,0.335001353346,0.923020945162,3.39465406,0.0,0.0,0.0
3598,4.52228460397,1.28187785808,44.2861661468,0.977360030576,0.465787454187,34.0136842009,-0.431624035317,0.334447737559,0.923025761938,3.39427553591,0.0,0.0,0.0
3599,4.52354149241,1.28079183781,44.3153149519,0.977641185585,0.465392834207,33.9967022222,-0.431848830984,0.333895815289,0.92303109218,3.39389684847,0.0,0.0,0.0
3600,4.52479838085,1.27970739589,44.3444515929,0.977922797063,0.464998787745,33.9797076735,-0.432072872358,0.33334557969,0.923036934016,3.3935180027,0.0,0.0,0.0
3601,4.52605526928,1.2786245307,44.3735760477,0.978204863922,0.465885218636,33.9627005627,-0.432296161974,0.334111994225,0.922918236139,3.39388195162,0.0,0.0,0.0
3602,4.52731215772,1.2775432406,44.4026882943,0.978487385075,0.465491235056,33.9456808979,-0.432518702361,0.33356189855,0.922924853894,3.39350170254,0.0,0.0,0.0
3603,4.52856904616,1.27646352395,44.4317883108,0.978770359438,0.465097824784,33.928648687,-0.432740496042,0.333013482476,0.922931979291,3.393121309,0.0,0.0,0.0
3604,4.5298259346,1.2753853791,44.4608760753,0.979053785932,0.464704987224,33.9116039381,-0.432961545537,0.332466739228,0.922939610447,3.3927407759,0.0,0.0,0.0
3605,4.53108282304,1.27430880443,44.4899515659,0.97933766348,0.464312721775,33.8945466593,-0.433181853359,0.331921662068,0.92294774548,3.3923601081,0.0,0.0,0.0
3606,4.53233971148,1.27323379827,44.5190147608,0.979621991008,0.465195536139,33.8774768584,-0.433401422016,0.332680343882,0.922830643711,3.39271694353,0.0,0.0,0.0
3607,4.53359659992,1.27216035898,44.5480656382,0.979906767444,0.464803338603,33.8603945437,-0.433620254012,0.332135415808,0.922839546088,3.39233491498,0.0,0.0,0.0
3608,4.53485348836,1.27108848493,44.5771041762,0.980191991722,0.464411712947,33.8432997232,-0.433838351844,0.331592146805,0.922848948357,3.39195276531,0.0,0.0,0.0
3609,4.5361103768,1.27001817445,44.6061303532,0.980477662776,0.464020658567,33.8261924048,-0.434055718004,0.331050530204,0.922858848628,3.39157049928,0.0,0.0,0.0
3610,4.53736726524,1.2689494259,44.6351441475,0.980763779545,0.463630174862,33.8090725968,-0.434272354981,0.330510559369,0.92286924501,3.3911881216,0.0,0.0,0.0
3611,4.53862415368,1.26788223762,44.6641455374,0.98105034097,0.46450941261,33.7919403072,-0.434488265255,0.331261638015,0.922753734543,3.39153793392,0.0,0.0,0.0
3612,4.53988104211,1.26681660796,44.6931345013,0.981337345996,0.464119001745,33.774795544,-0.434703451306,0.330721825067,0.922764889575,3.39115423732,0.0,0.0,0.0
3613,4.54113793055,1.26575253527,44.7221110176,0.98162479357,0.4637291613,33.7576383154,-0.434917915604,0.330183650923,0.922776536703,3.39077044234,0.0,0.0,0.0
3614,4.54239481899,1.26469001789,44.7510750647,0.981912682642,0.463339890667,33.7404686295,-0.435131660617,0.329647109017,0.92278867403,3.39038655363,0.0,0.0,0.0
3615,4.54365170743,1.26362905416,44.7800266212,0.982201012167,0.464216083182,33.7232864944,-0.435344688807,0.330392170625,0.922674486032,3.39073062981,0.0,0.0,0.0
3616,4.54490859587,1.26256964242,44.8089656655,0.9824897811,0.463826889881,33.7060919182,-0.435557002631,0.329855795464,0.922687375342,3.39034545481,0.0,0.0,0.0
3617,4.54616548431,1.26151178101,44.8378921763,0.982778988402,0.46343826612,33.6888849091,-0.435768604541,0.329321045602,0.922700750815,3.3899601991,0.0,0.0,0.0
3618,4.54742237275,1.26045546827,44.866806132,0.983068633034,0.46305021129,33.6716654752,-0.435979496984,0.328787914538,0.922714610547,3.38957486721,0.0,0.0,0.0
3619,4.54867926119,1.25940070254,44.8957075113,0.983358713961,0.46266272478,33.6544336247,-0.436189682402,0.328256395808,0.922728952636,3.38918946366,0.0,0.0,0.0
3620,4.54993614963,1.25834748215,44.924596293,0.983649230153,0.463535413059,33.6371893657,-0.436399163233,0.32899407829,0.922616346342,3.38952667722,0.0,0.0,0.0
3621,4.55119303807,1.25729580543,44.9534724555,0.983940180581,0.463148008622,33.6199327064,-0.436607941908,0.328462734461,0.922631431521,3.38914002788,0.0,0.0,0.0
3622,4.55244992651,1.25624567072,44.9823359778,0.984231564218,0.462761172212,33.6026636549,-0.436816020856,0.327932996084,0.922646994996,3.38875331961,0.0,0.0,0.0
3623,4.55370681495,1.25519707634,45.0111868386,0.984523380042,0.462374903213,33.5853822195,-0.437023402499,0.327404856758,0.922663034859,3.3883665568,0.0,0.0,0.0
3624,4.55496370338,1.25415002064,45.0400250166,0.984815627033,0.463244606431,33.5680884084,-0.437230089255,0.328136692703,0.922551742726,3.38869816054,0.0,0.0,0.0
3625,4.55622059182,1.25310450193,45.0688504907,0.985108304174,0.462858423846,33.5507822297,-0.437436083537,0.327608736599,0.922568518859,3.3883101836,0.0,0.0,0.0
3626,4.55747748026,1.25206051855,45.0976632398,0.985401410451,0.462472808364,33.5334636916,-0.437641387752,0.327082372689,0.9225857673,3.38792216464,0.0,0.0,0.0
3627,4.5587343687,1.25101806883,45.1264632427,0.985694944852,0.462087759365,33.5161328025,-0.437846004306,0.32655759464,0.922603486138,3.38753410796,0.0,0.0,0.0
3628,4.55999125714,1.24997715108,45.1552504785,0.985988906369,0.461703276233,33.4987895705,-0.438049935596,0.326034396151,0.922621673461,3.38714601785,0.0,0.0,0.0
3629,4.56124814558,1.24893776364,45.1840249259,0.986283293997,0.462569546293,33.4814340038,-0.438253184016,0.326759070018,0.922511952365,3.38747091773,0.0,0.0,0.0
3630,4.56250503402,1.24789990482,45.2127865642,0.986578106732,0.462185154139,33.4640661108,-0.438455751957,0.326236062301,0.92253086689,3.38708165271,0.0,0.0,0.0
3631,4.56376192246,1.24686357295,45.2415353722,0.986873343576,0.461801327522,33.4466858996,-0.438657641802,0.325714627345,0.922550245801,3.38669236648,0.0,0.0,0.0
3632,4.5650188109,1.24582876636,45.2702713292,0.98716900353,0.46141806582,33.4292933785,-0.438858855932,0.325194758915,0.922570087182,3.38630306321,0.0,0.0,0.0
3633,4.56627569934,1.24479548335,45.2989944141,0.987465085602,0.461035368411,33.4118885558,-0.439059396723,0.324676450805,0.92259038912,3.38591374708,0.0,0.0,0.0
3634,4.56753258778,1.24376372226,45.3277046061,0.987761588798,0.461898243398,33.3944714398,-0.439259266545,0.325394081807,0.922482232736,3.38623203087,0.0,0.0,0.0
3635,4.56878947621,1.2427334814,45.3564018844,0.988058512132,0.461515641437,33.3770420388,-0.439458467764,0.32487597171,0.922503252721,3.38584157834,0.0,0.0,0.0
3636,4.57004636465,1.24170475909,45.3850862282,0.988355854616,0.461133603421,33.3596003611,-0.439657002743,0.324359415196,0.922524729145,3.38545112486,0.0,0.0,0.0
3637,4.57130325309,1.24067755364,45.4137576167,0.988653615269,0.460752128726,33.3421464149,-0.439854873839,0.323844406125,0.922546660093,3.38506067451,0.0,0.0,0.0
3638,4.57256014153,1.23965186338,45.4424160292,0.988951793109,0.460371216726,33.3246802087,-0.440052083405,0.323330938387,0.922569043647,3.38467023133,0.0,0.0,0.0
3639,4.57381702997,1.23862768661,45.471061445,0.98925038716,0.461230734343,33.3072017506,-0.440248633788,0.324041643549,0.92246244534,3.38498198617,0.0,0.0,0.0
3640,4.57507391841,1.23760502166,45.4996938434,0.989549396447,0.460849922167,33.2897110492,-0.440444527334,0.323528380766,0.922485537705,3.38459044439,0.0,0.0,0.0
3641,4.57633080685,1.23658386682,45.5283132039,0.989848819997,0.46046967232,33.2722081126,-0.440639766381,0.323016652637,0.922509078545,3.38419892141,0.0,0.0,0.0
3642,4.57758769529,1.23556422043,45.5569195057,0.990148656842,0.460089984173,33.2546929493,-0.440834353264,0.322506453118,0.922533065943,3.3838074212,0.0,0.0,0.0
3643,4.57884458373,1.23454608079,45.5855127284,0.990448906015,0.460946638955,33.2371655677,-0.441028290314,0.323211657675,0.922427761697,3.38411382928,0.0,0.0,0.0
3644,4.58010147217,1.23352944621,45.6140928515,0.990749566552,0.460567054672,33.219625976,-0.441221579857,0.3227016704,0.922452450819,3.38372126007,0.0,0.0,0.0
3645,4.58135836061,1.232514315,45.6426598543,0.991050637493,0.460188031708,33.2020741827,-0.441414224216,0.322193205084,0.922477582358,3.38332872504,0.0,0.0,0.0
3646,4.58261524905,1.23150068547,45.6712137165,0.991352117878,0.459809569432,33.1845101962,-0.441606225708,0.321686255742,0.922503154393,3.38293622804,0.0,0.0,0.0
3647,4.58387213748,1.23048855593,45.6997544175,0.991654006753,0.459431667212,33.1669340248,-0.441797586646,0.321180816424,0.922529165008,3.38254377293,0.0,0.0,0.0
3648,4.58512902592,1.2294779247,45.7282819371,0.991956303163,0.460285033045,33.149345677,-0.44198830934,0.321879297912,0.922425406072,3.38284380687,0.0,0.0,0.0
3649,4.58638591436,1.22846879007,45.7567962549,0.99225900616,0.4599072389,33.1317451612,-0.442178396094,0.321374077244,0.922452109043,3.38245031934,0.0,0.0,0.0
3650,4.5876428028,1.22746115035,45.7852973504,0.992562114796,0.459530004412,33.1141324858,-0.442367849209,0.320870360009,0.922479246441,3.38205688482,0.0,0.0,0.0
3651,4.58889969124,1.22645500386,45.8137852034,0.992865628124,0.459153328949,33.0965076592,-0.442556670981,0.320368140316,0.922506816348,3.38166350708,0.0,0.0,0.0
3652,4.59015657968,1.2254503489,45.8422597936,0.993169545204,0.458777211876,33.07887069,-0.442744863702,0.319867412306,0.922534816849,3.38127018983,0.0,0.0,0.0
3653,4.59141346812,1.22444718377,45.8707211009,0.993473865094,0.459627325408,33.0612215864,-0.442932429661,0.320559281966,0.922432595772,3.38156393502,0.0,0.0,0.0
3654,4.59267035656,1.22344550678,45.8991691048,0.993778586859,0.459251320532,33.0435603571,-0.443119371142,0.320058778738,0.922461279195,3.38116962122,0.0,0.0,0.0
3655,4.593927245,1.22244531623,45.9276037854,0.994083709564,0.45887587363,33.0258870104,-0.443305690423,0.319559760664,0.922490389051,3.3807753788,0.0,0.0,0.0
3656,4.59518413344,1.22144661044,45.9560251224,0.994389232277,0.458500984066,33.0082015549,-0.443491389782,0.319062221943,0.922519923423,3.38038121138,0.0,0.0,0.0
3657,4.59644102188,1.22044938769,45.9844330957,0.994695154068,0.458126651204,32.990503999,-0.443676471489,0.318566156806,0.922549880397,3.37998712257,0.0,0.0,0.0
3658,4.59769791031,1.2194536463,46.0128276853,0.995001474012,0.458973548719,32.9727943513,-0.443860937812,0.319251523849,0.922449189451,3.38027466373,0.0,0.0,0.0
3659,4.59895479875,1.21845938456,46.0412088711,0.995308191183,0.45859933209,32.9550726201,-0.444044791015,0.318755689365,0.922479819857,3.37987961358,0.0,0.0,0.0
3660,4.60021168719,1.21746660079,46.069576633,0.995615304661,0.45822567173,32.9373388141,-0.444228033357,0.318261321996,0.9225108687,3.37948465265,0.0,0.0,0.0
3661,4.60146857563,1.21647529328,46.0979309511,0.995922813526,0.457852567001,32.9195929418,-0.444410667094,0.317768416033,0.922542334064,3.37908978447,0.0,0.0,0.0
3662,4.60272546407,1.21548546033,46.1262718054,0.996230716863,0.457480017262,32.9018350118,-0.444592694476,0.317276965795,0.92257421404,3.37869501254,0.0,0.0,0.0
3663,4.60398235251,1.21449710024,46.1545991759,0.996539013757,0.458323734682,32.8840650324,-0.444774117753,0.317955937443,0.922475045227,3.37897643372,0.0,0.0,0.0
3664,4.60523924095,1.21351021132,46.1829130429,0.996847703297,0.45795130513,32.8662830124,-0.444954939167,0.317464723475,0.922507589091,3.37858073498,0.0,0.0,0.0
3665,4.60649612939,1.21252479187,46.2112133864,0.997156784575,0.457579430121,32.8484889602,-0.445135160959,0.316974958824,0.922540543397,3.37818514282,0.0,0.0,0.0
3666,4.60775301783,1.21154084019,46.2395001866,0.997466256684,0.457208109015,32.8306828844,-0.445314785363,0.316486637869,0.922573906235,3.37778966067,0.0,0.0,0.0
3667,4.60900990627,1.21055835457,46.2677734236,0.99777611872,0.456837341169,32.8128647937,-0.445493814613,0.315999755017,0.922607675695,3.37739429192,0.0,0.0,0.0
3668,4.61026679471,1.20957733332,46.2960330778,0.998086369782,0.457677914056,32.7950346965,-0.445672250937,0.316672436541,0.922510020756,3.37766967652,0.0,0.0,0.0
3669,4.61152368315,1.20859777473,46.3242791293,0.998397008972,0.457307270267,32.7771926016,-0.445850096558,0.31618579533,0.922544444516,3.37727341483,0.0,0.0,0.0
3670,4.61278057158,1.20761967711,46.3525115584,0.998708035393,0.456937179275,32.7593385174,-0.446027353697,0.315700585875,0.922579270729,3.37687727662,0.0,0.0,0.0
3671,4.61403746002,1.20664303875,46.3807303455,0.999019448152,0.456567640437,32.7414724526,-0.446204024572,0.315216802643,0.922614497489,3.3764812652,0.0,0.0,0.0
3672,4.61529434846,1.20566785796,46.4089354709,0.999331246358,0.45619865311,32.7235944159,-0.446380111394,0.314734440127,0.922650122892,3.37608538386,0.0,0.0,0.0
3673,4.6165512369,1.20469413303,46.437126915,0.999643429121,0.457036116676,32.7057044159,-0.446555616375,0.315400934888,0.922553973313,3.37635481457,0.0,0.0,0.0
3674,4.61780812534,1.20372186226,46.4653046582,0.999955995555,0.456667257195,32.6878024611,-0.446730541718,0.314918819146,0.922590243386,3.37595807351,0.0,0.0,0.0
3675,4.61906501378,1.20275104395,46.4934686809,1.00026894478,0.456298948746,32.6698885604,-0.446904889626,0.314438117835,0.922626907931,3.37556147236,0.0,0.0,0.0
3676,4.62032190222,1.20178167639,46.5216189636,1.0005822759,0.455931190685,32.6519627222,-0.447078662297,0.313958825506,0.922663965049,3.37516501432,0.0,0.0,0.0
3677,4.62157879066,1.20081375789,46.5497554868,1.00089598806,0.455563982366,32.6340249554,-0.447251861926,0.313480936737,0.922701412842,3.37476870258,0.0,0.0,0.0
3678,4.6228356791,1.19984728675,46.577878231,1.00121008036,0.456398371471,32.6160752685,-0.447424490703,0.314141346221,0.922606759867,3.37503226141,0.0,0.0,0.0
3679,4.62409256754,1.19888226126,46.6059871768,1.00152455194,0.456031294708,32.5981136703,-0.447596550817,0.313663709131,0.922644842663,3.37463512251,0.0,0.0,0.0
3680,4.62534945598,1.19791867971,46.6340823047,1.00183940193,0.455664767194,32.5801401695,-0.44776804445,0.313187469378,0.922683311966,3.37423813949,0.0,0.0,0.0
3681,4.62660634441,1.19695654042,46.6621635955,1.00215462945,0.455298788283,32.5621547747,-0.447938973783,0.312712621597,0.922722165882,3.37384131545,0.0,0.0,0.0
3682,4.62786323285,1.19599584167,46.6902310296,1.00247023364,0.454933357328,32.5441574948,-0.448109340992,0.312239160451,0.922761402519,3.37344465347,0.0,0.0,0.0
3683,4.62912012129,1.19503658177,46.7182845878,1.00278621363,0.455764706488,32.5261483383,-0.448279148251,0.312893584308,0.922668237149,3.37370242174,0.0,0.0,0.0
3684,4.63037700973,1.194078759,46.7463242508,1.00310256856,0.45539941072,32.5081273141,-0.448448397728,0.312420379524,0.922708099092,3.37330496454,0.0,0.0,0.0
3685,4.63163389817,1.19312237168,46.7743499994,1.00341929758,0.455034662402,32.4900944309,-0.448617091591,0.311948555212,0.922748339593,3.37290767872,0.0,0.0,0.0
3686,4.63289078661,1.1921674181,46.8023618142,1.00373639982,0.454670460884,32.4720496974,-0.448785232001,0.311478106091,0.922788956764,3.3725105673,0.0,0.0,0.0
3687,4.63414767505,1.19121389655,46.8303596761,1.00405387442,0.454306805519,32.4539931225,-0.448952821118,0.311009026903,0.92282994872,3.37211363325,0.0,0.0,0.0
3688,4.63540456349,1.19026180534,46.8583435659,1.00437172055,0.455135148909,32.4359247148,-0.449119861098,0.311657562985,0.922738261727,3.37236569159,0.0,0.0,0.0
3689,4.63666145193,1.18931114276,46.8863134645,1.00468993734,0.454771632287,32.4178444832,-0.449286354092,0.311188744629,0.922779869268,3.37196799363,0.0,0.0,0.0
3690,4.63791834037,1.18836190711,46.9142693527,1.00500852394,0.454408661298,32.3997524365,-0.44945230225,0.310721290109,0.922821847436,3.37157048212,0.0,0.0,0.0
3691,4.63917522881,1.18741409669,46.9422112114,1.00532747952,0.454046235292,32.3816485834,-0.449617707717,0.310255194222,0.922864194354,3.37117315999,0.0,0.0,0.0
3692,4.64043211724,1.1864677098,46.9701390216,1.00564680323,0.453684353618,32.3635329328,-0.449782572636,0.309790451794,0.922906908143,3.3707760301,0.0,0.0,0.0
3693,4.64168900568,1.18552274473,46.9980527643,1.00596649422,0.454509725074,32.3454054935,-0.449946899145,0.310433196186,0.922816690075,3.37102245842,0.0,0.0,0.0
3694,4.64294589412,1.1845791998,47.0259524203,1.00628655166,0.454147985624,32.3272662743,-0.45011068938,0.309968718853,0.922860009705,3.37062459531,0.0,0.0,0.0
3695,4.64420278256,1.18363707329,47.0538379708,1.00660697471,0.453786789975,32.3091152841,-0.450273945473,0.309505588941,0.922903692057,3.37022693328,0.0,0.0,0.0
3696,4.645459671,1.18269636351,47.0817093969,1.00692776254,0.453426137475,32.2909525317,-0.450436669554,0.30904380133,0.92294773526,3.36982947516,0.0,0.0,0.0
3697,4.64671655944,1.18175706875,47.1095666794,1.00724891431,0.453066027473,32.272778026,-0.450598863747,0.308583350922,0.922992137446,3.36943222374,0.0,0.0,0.0
3698,4.64797344788,1.18081918731,47.1374097997,1.0075704292,0.453888460497,32.2545917758,-0.450760530175,0.309220397982,0.922903378634,3.36967310126,0.0,0.0,0.0
3699,4.64923033632,1.17988271751,47.1652387388,1.00789230638,0.453528496127,32.23639379,-0.450921670959,0.308760216734,0.922948376901,3.36927514668,0.0,0.0,0.0
3700,4.65048722476,1.17894765762,47.1930534779,1.00821454502,0.45316907371,32.2181840775,-0.451082288213,0.308301366715,0.922993730011,3.3688774074,0.0,0.0,0.0
3701,4.6517441132,1.17801400597,47.2208539981,1.0085371443,0.452810192593,32.1999626472,-0.451242384051,0.307843842882,0.923039436102,3.36847988614,0.0,0.0,0.0
3702,4.65300100164,1.17708176084,47.2486402807,1.0088601034,0.452451852124,32.181729508,-0.451401960583,0.307387640217,0.923085493314,3.3680825856,0.0,0.0,0.0
3703,4.65425789008,1.17615092054,47.276412307,1.0091834215,0.452094051649,32.1634846689,-0.451561019915,0.306932753729,0.923131899791,3.36768550846,0.0,0.0,0.0
3704,4.65551477851,1.17522148338,47.3041700582,1.00950709778,0.45291318839,32.1452281387,-0.451719564151,0.307563152976,0.923044827404,3.36792001659,0.0,0.0,0.0
3705,4.65677166695,1.17429344764,47.3319135156,1.00983113143,0.452555536981,32.1269599263,-0.451877595391,0.307108538598,0.92309181792,3.36752227144,0.0,0.0,0.0
3706,4.65802855539,1.17336681165,47.3596426605,1.01015552164,0.45219842501,32.1086800408,-0.452035115733,0.306655234509,0.923139153577,3.36712475802,0.0,0.0,0.0
3707,4.65928544383,1.17244157369,47.3873574744,1.0104802676,0.451841851822,32.0903884911,-0.452192127271,0.306203235771,0.923186832524,3.36672747891,0.0,0.0,0.0
3708,4.66054233227,1.17151773207,47.4150579385,1.0108053685,0.451485816764,32.0720852861,-0.452348632096,0.305752537466,0.923234852916,3.36633043672,0.0,0.0,0.0
3709,4.66179922071,1.17059528509,47.4427440343,1.01113082353,0.452302086227,32.0537704349,-0.452504632297,0.306377442477,0.92314921787,3.36655956569,0.0,0.0,0.0
3710,4.66305610915,1.16967423107,47.4704157433,1.01145663189,0.451946203491,32.0354439463,-0.452660129959,0.305927019952,0.923197812526,3.36616188423,0.0,0.0,0.0
3711,4.66431299759,1.1687545683,47.4980730469,1.01178279279,0.451590858317,32.0171058294,-0.452815127165,0.305477892036,0.923246744515,3.36576444778,0.0,0.0,0.0
3712,4.66556988603,1.16783629509,47.5257159266,1.01210930542,0.451236050048,31.9987560932,-0.452969625993,0.305030053864,0.923296011999,3.36536725885,0.0,0.0,0.0
3713,4.66682677447,1.16691940974,47.5533443639,1.01243616898,0.450881778032,31.9803947468,-0.45312362852,0.304583500596,0.923345613141,3.36497031993,0.0,0.0,0.0
3714,4.66808366291,1.16600391056,47.5809583404,1.01276338269,0.451695212687,31.962021799,-0.453277136821,0.305203000356,0.923261405123,3.36519414664,0.0,0.0,0.0
3715,4.66934055134,1.16508979586,47.6085578376,1.01309094574,0.451341096181,31.943637259,-0.453430152964,0.30475672636,0.923311570753,3.36479659661,0.0,0.0,0.0
3716,4.67059743978,1.16417706394,47.6361428373,1.01341885735,0.450987515347,31.9252411359,-0.453582679018,0.304311731504,0.923362065944,3.36439930447,0.0,0.0,0.0
3717,4.67185432822,1.1632657131,47.6637133209,1.01374711673,0.450634469529,31.9068334386,-0.453734717049,0.303868010998,0.92341288887,3.36400227264,0.0,0.0,0.0
3718,4.67311121666,1.16235574167,47.6912692701,1.0140757231,0.450281958073,31.8884141762,-0.453886269117,0.303425560076,0.923464037705,3.36360550354,0.0,0.0,0.0
3719,4.6743681051,1.16144714794,47.7188106667,1.01440467567,0.449929980323,31.8699833577,-0.454037337283,0.302984373993,0.923515510626,3.36320899955,0.0,0.0,0.0
3720,4.67562499354,1.16053993023,47.7463374923,1.01473397365,0.450740237249,31.8515409924,-0.454187923602,0.303597573653,0.923432949764,3.36342675152,0.0,0.0,0.0
3721,4.67688188198,1.15963408685,47.7738497287,1.01506361628,0.450388418196,31.8330870892,-0.454338030129,0.303156669203,0.923484975142,3.36302966926,0.0,0.0,0.0
3722,4.67813877042,1.15872961609,47.8013473577,1.01539360276,0.450037132258,31.8146216573,-0.454487658914,0.302717023918,0.923537320533,3.36263285971,0.0,0.0,0.0
3723,4.67939565886,1.15782651628,47.828830361,1.01572393233,0.449686378779,31.7961447058,-0.454636812005,0.302278633103,0.923589984122,3.36223632521,0.0,0.0,0.0
3724,4.6806525473,1.15692478573,47.8562987204,1.01605460422,0.449336157103,31.7776562437,-0.454785491448,0.301841492087,0.923642964101,3.36184006805,0.0,0.0,0.0
3725,4.68190943574,1.15602442275,47.8837524179,1.01638561764,0.450143648172,31.7591562803,-0.454933699286,0.302449477933,0.923561807018,3.36205268415,0.0,0.0,0.0
3726,4.68316632418,1.15512542565,47.9111914352,1.01671697184,0.449793588239,31.7406448246,-0.455081437558,0.302012621693,0.923615329692,3.3616558756,0.0,0.0,0.0
3727,4.68442321261,1.15422779274,47.9386157544,1.01704866604,0.449444059509,31.7221218859,-0.455228708302,0.301577009637,0.923669164698,3.36125935178,0.0,0.0,0.0
3728,4.68568010105,1.15333152233,47.9660253572,1.01738069948,0.449095061324,31.7035874732,-0.455375513552,0.301142637144,0.923723310236,3.36086311493,0.0,0.0,0.0
3729,4.68693698949,1.15243661275,47.9934202256,1.0177130714,0.448746593029,31.6850415958,-0.455521855341,0.300709499613,0.923777764508,3.36046716728,0.0,0.0,0.0
3730,4.68819387793,1.15154306231,48.0208003417,1.01804578103,0.448398653968,31.6664842628,-0.455667735698,0.300277592468,0.923832525719,3.36007151102,0.0,0.0,0.0
3731,4.68945076637,1.15065086932,48.0481656874,1.01837882762,0.449203046149,31.6479154834,-0.45581315665,0.30087950583,0.923752987535,3.36027824933,0.0,0.0,0.0
3732,4.69070765481,1.1497600321,48.0755162448,1.01871221041,0.448855271859,31.6293352668,-0.455958120222,0.300447885465,0.923808279448,3.35988207298,0.0,0.0,0.0
3733,4.69196454325,1.14887054896,48.1028519958,1.01904592864,0.448508026191,31.6107436223,-0.456102628434,0.300017489956,0.92386387427,3.35948619516,0.0,0.0,0.0
3734,4.69322143169,1.14798241823,48.1301729227,1.01937998156,0.448161308488,31.592140559,-0.456246683306,0.299588314775,0.923919770216,3.359090618,0.0,0.0,0.0
3735,4.69447832013,1.14709563823,48.1574790074,1.01971436842,0.447815118095,31.5735260862,-0.456390286856,0.299160355413,0.923975965504,3.35869534363,0.0,0.0,0.0
3736,4.69573520857,1.14621020726,48.1847702322,1.02004908848,0.448616811913,31.5549002131,-0.456533441096,0.299757238788,0.923897807023,3.35889710883,0.0,0.0,0.0
3737,4.69699209701,1.14532612366,48.2120465792,1.02038414098,0.448270789201,31.536262949,-0.45667614804,0.299329569026,0.923954523285,3.35850134001,0.0,0.0,0.0
3738,4.69824898544,1.14444338574,48.2393080305,1.02071952517,0.447925293179,31.5176143031,-0.456818409695,0.298903109613,0.924011534879,3.35810588091,0.0,0.0,0.0
3739,4.69950587388,1.14356199182,48.2665545684,1.02105524033,0.447580323188,31.4989542847,-0.456960228069,0.298477856091,0.924068840035,3.35771073358,0.0,0.0,0.0
3740,4.70076276232,1.14268194024,48.2937861751,1.0213912857,0.447235878573,31.4802829031,-0.457101605166,0.29805380402,0.924126436982,3.35731590007,0.0,0.0,0.0
3741,4.70201965076,1.1418032293,48.321002833,1.02172766054,0.446891958677,31.4616001676,-0.457242542988,0.297630948984,0.924184323957,3.35692138239,0.0,0.0,0.0
3742,4.7032765392,1.14092585734,48.3482045241,1.02206436413,0.447690630763,31.4429060875,-0.457383043535,0.298221978281,0.924107755179,3.35711746222,0.0,0.0,0.0
3743,4.70453342764,1.14004982268,48.375391231,1.02240139571,0.447346881426,31.424200672,-0.457523108804,0.297799414521,0.924166151197,3.3567224799,0.0,0.0,0.0
3744,4.70579031608,1.13917512364,48.4025629358,1.02273875457,0.447003656179,31.4054839306,-0.45766274079,0.297378042411,0.924224833263,3.35632782011,0.0,0.0,0.0
3745,4.70704720452,1.13830175856,48.429719621,1.02307643997,0.446660954364,31.3867558725,-0.457801941485,0.296957857579,0.924283799621,3.3559334848,0.0,0.0,0.0
3746,4.70830409296,1.13742972575,48.456861269,1.02341445118,0.446318775326,31.3680165071,-0.45794071288,0.296538855676,0.924343048521,3.35553947592,0.0,0.0,0.0
3747,4.7095609814,1.13655902356,48.4839878621,1.02375278747,0.447114815122,31.3492658437,-0.458079056962,0.29712503155,0.924267834617,3.35573074175,0.0,0.0,0.0
3748,4.71081786984,1.1356896503,48.5110993829,1.02409144811,0.446772809425,31.3305038918,-0.458216975717,0.296706323445,0.924327582883,3.35533629269,0.0,0.0,0.0
3749,4.71207475827,1.13482160431,48.5381958137,1.02443043239,0.446431325867,31.3117306606,-0.458354471128,0.296288792941,0.924387609735,3.35494217654,0.0,0.0,0.0
3750,4.71333164671,1.13395488391,48.5652771371,1.02476973958,0.446090363791,31.2929461596,-0.458491545177,0.295872435734,0.924447913432,3.35454839519,0.0,0.0,0.0
3751,4.71458853515,1.13308948745,48.5923433355,1.02510936896,0.445749922539,31.2741503982,-0.458628199843,0.295457247542,0.924508492238,3.35415495051,0.0,0.0,0.0
3752,4.71584542359,1.13222541325,48.6193943915,1.02544931982,0.445410001458,31.2553433857,-0.458764437102,0.2950432241,0.92456934442,3.35376184435,0.0,0.0,0.0
3753,4.71710231203,1.13136265965,48.6464302878,1.02578959144,0.446203095038,31.2365251316,-0.458900258929,0.295623755521,0.924495690167,3.35394761272,0.0,0.0,0.0
3754,4.71835920047,1.13050122498,48.6734510067,1.02613018309,0.445863350032,31.2176956453,-0.459035667295,0.295210027256,0.924557029865,3.35355409475,0.0,0.0,0.0
3755,4.71961608891,1.12964110757,48.7004565311,1.02647109408,0.445524124549,31.1988549362,-0.459170664173,0.294797458498,0.924618639015,3.35316092157,0.0,0.0,0.0
3756,4.72087297735,1.12878230577,48.7274468434,1.0268123237,0.445185417933,31.1800030139,-0.459305251528,0.294386045028,0.924680515894,3.35276809495,0.0,0.0,0.0
3757,4.72212986579,1.12792481791,48.7544219264,1.02715387122,0.444847229528,31.1611398876,-0.459439431328,0.293975782647,0.924742658786,3.35237561667,0.0,0.0,0.0
3758,4.72338675423,1.12706864233,48.7813817628,1.02749573595,0.444509558679,31.142265567,-0.459573205536,0.293566667177,0.924805065976,3.35198348849,0.0,0.0,0.0
3759,4.72464364267,1.12621377737,48.8083263352,1.02783791718,0.445299745842,31.1233800615,-0.459706576114,0.294141665325,0.924732954689,3.35216385974,0.0,0.0,0.0
3760,4.72590053111,1.12536022137,48.8352556264,1.02818041421,0.44496225373,31.1044833805,-0.459839545022,0.293732846272,0.924795837601,3.35177134738,0.0,0.0,0.0
3761,4.72715741954,1.12450797267,48.8621696192,1.02852322634,0.444625278519,31.0855755337,-0.459972114218,0.293325168967,0.92485898092,3.35137919115,0.0,0.0,0.0
3762,4.72841430798,1.12365702962,48.8890682963,1.02886635286,0.444288819553,31.0666565304,-0.460104285657,0.292918629277,0.924922382943,3.35098739275,0.0,0.0,0.0
3763,4.72967119642,1.12280739055,48.9159516405,1.02920979309,0.443952876179,31.0477263802,-0.460236061292,0.292513223085,0.924986041973,3.35059595387,0.0,0.0,0.0
3764,4.73092808486,1.12195905382,48.9428196348,1.02955354632,0.44361744774,31.0287850927,-0.460367443076,0.292108946296,0.925049956313,3.35020487619,0.0,0.0,0.0
3765,4.7321849733,1.12111201776,48.9696722618,1.02989761186,0.444404767829,31.0098326774,-0.460498432959,0.292678519861,0.924979371092,3.35037994929,0.0,0.0,0.0
3766,4.73344186174,1.12026628073,48.9965095046,1.03024198902,0.444069520717,30.9908691437,-0.460629032887,0.292274540594,0.925043749422,3.34998851428,0.0,0.0,0.0
3767,4.73469875018,1.11942184107,49.0233313459,1.03058667711,0.44373478788,30.9718945014,-0.460759244807,0.291871685649,0.925108379206,3.34959744627,0.0,0.0,0.0
3768,4.73595563862,1.11857869713,49.0501377689,1.03093167544,0.443400568661,30.95290876,-0.460889070664,0.291469950972,0.925173258762,3.34920674688,0.0,0.0,0.0
3769,4.73721252706,1.11773684727,49.0769287563,1.03127698333,0.443066862408,30.933911929,-0.461018512398,0.29106933253,0.925238386412,3.3488164177,0.0,0.0,0.0
3770,4.7384694155,1.11689628982,49.1037042912,1.03162260008,0.443851682764,30.914904018,-0.46114757195,0.291634400492,0.925169102102,3.34898699731,0.0,0.0,0.0
3771,4.73972630394,1.11605702316,49.1304643565,1.03196852502,0.443518160375,30.8958850368,-0.461276251258,0.291234081561,0.925234684226,3.34859633289,0.0,0.0,0.0
3772,4.74098319237,1.11521904562,49.1572089354,1.03231475747,0.443185150281,30.8768549947,-0.461404552259,0.29083487384,0.925300510615,3.34820604432,0.0,0.0,0.0
3773,4.74224008081,1.11438235556,49.1839380108,1.03266129674,0.44285265183,30.8578139016,-0.461532476888,0.290436773337,0.925366579603,3.34781613314,0.0,0.0,0.0
3774,4.74349696925,1.11354695134,49.2106515658,1.03300814216,0.442520664367,30.8387617671,-0.461660027077,0.29003977608,0.925432889527,3.34742660088,0.0,0.0,0.0
3775,4.74475385769,1.11271283131,49.2373495835,1.03335529305,0.44218918724,30.8196986007,-0.461787204757,0.289643878113,0.925499438728,3.34703744906,0.0,0.0,0.0
3776,4.74601074613,1.11187999384,49.2640320471,1.03370274874,0.442971212776,30.8006244121,-0.461914011858,0.290203713956,0.925431648915,3.34720290899,0.0,0.0,0.0
3777,4.74726763457,1.11104843728,49.2906989396,1.03405050855,0.442639921974,30.7815392111,-0.462040450306,0.289808116359,0.925498640975,3.34681344747,0.0,0.0,0.0
3778,4.74852452301,1.11021815999,49.3173502442,1.03439857182,0.442309140832,30.7624430073,-0.462166522029,0.289413613107,0.925565868523,3.3464243718,0.0,0.0,0.0
3779,4.74978141145,1.10938916034,49.3439859442,1.03474693788,0.441978868697,30.7433358103,-0.46229222895,0.289020200288,0.925633329911,3.34603568345,0.0,0.0,0.0
3780,4.75103829989,1.10856143667,49.3706060227,1.03509560605,0.441649104916,30.72421763,-0.462417572991,0.288627874007,0.925701023497,3.34564738388,0.0,0.0,0.0
3781,4.75229518833,1.10773498737,49.3972104629,1.03544457568,0.441319848838,30.705088476,-0.462542556073,0.288236630386,0.925768947644,3.3452594745,0.0,0.0,0.0
3782,4.75355207677,1.1069098108,49.4237992482,1.03579384609,0.442099117633,30.685948358,-0.462667180115,0.288791336157,0.925702634888,3.34541990994,0.0,0.0,0.0
3783,4.75480896521,1.10608590531,49.4503723618,1.03614341664,0.441770050276,30.6667972857,-0.462791447034,0.28840039365,0.925770990355,3.34503171569,0.0,0.0,0.0
3784,4.75606585364,1.10526326928,49.4769297871,1.03649328665,0.44144148994,30.647635269,-0.462915358747,0.288010528936,0.925839572631,3.34464391685,0.0,0.0,0.0
3785,4.75732274208,1.10444190107,49.5034715072,1.03684345547,0.441113435972,30.6284623176,-0.463038917168,0.287621738181,0.925908380089,3.34425651481,0.0,0.0,0.0
3786,4.75857963052,1.10362179906,49.5299975057,1.03719392244,0.440785887723,30.6092784412,-0.463162124208,0.287234017565,0.925977411109,3.34386951094,0.0,0.0,0.0
3787,4.75983651896,1.10280296162,49.5565077658,1.03754468691,0.44045884454,30.5900836497,-0.463284981779,0.286847363288,0.926046664074,3.34348290659,0.0,0.0,0.0
3788,4.7610934074,1.10198538712,49.583002271,1.03789574822,0.441235394243,30.5708779528,-0.46340749179,0.287397038789,0.925981810772,3.34363841136,0.0,0.0,0.0
3789,4.76235029584,1.10116907393,49.6094810047,1.03824710572,0.440908542115,30.5516613602,-0.46352965615,0.28701068626,0.926051483597,3.34325154627,0.0,0.0,0.0
3790,4.76360718428,1.10035402042,49.6359439503,1.03859875876,0.440582194365,30.532433882,-0.463651476765,0.286625395279,0.926121374654,3.34286508571,0.0,0.0,0.0
3791,4.76486407272,1.09954022498,49.6623910914,1.03895070669,0.440256350345,30.5131955278,-0.463772955539,0.286241162087,0.92619148234,3.34247903098,0.0,0.0,0.0
3792,4.76612096116,1.09872768598,49.6888224113,1.03930294887,0.439931009404,30.4939463074,-0.463894094376,0.285857982939,0.926261805055,3.34209338339,0.0,0.0,0.0
3793,4.7673778496,1.0979164018,49.7152378936,1.03965548465,0.439606170892,30.4746862309,-0.464014895178,0.28547585411,0.926332341203,3.34170814421,0.0,0.0,0.0
3794,4.76863473804,1.09710637082,49.7416375218,1.04000831338,0.440380038731,30.4554153079,-0.464135359845,0.286020596957,0.926268929596,3.3418588108,0.0,0.0,0.0
3795,4.76989162647,1.09629759141,49.7680212796,1.04036143443,0.440055393545,30.4361335484,-0.464255490277,0.285638770407,0.926339874227,3.34147333433,0.0,0.0,0.0
3796,4.77114851491,1.09549006197,49.7943891504,1.04071484716,0.439731250096,30.4168409623,-0.464375288371,0.285257989461,0.92641102862,3.34108827108,0.0,0.0,0.0
3797,4.77240540335,1.09468378088,49.8207411179,1.04106855092,0.439407607734,30.3975375594,-0.464494756023,0.284878250432,0.926482391192,3.34070362227,0.0,0.0,0.0
3798,4.77366229179,1.09387874651,49.8470771657,1.04142254507,0.439084465812,30.3782233496,-0.464613895129,0.28449954965,0.926553960366,3.34031938914,0.0,0.0,0.0
3799,4.77491918023,1.09307495727,49.8733972774,1.041776829,0.438761823682,30.358898343,-0.464732707581,0.284121883462,0.926625734567,3.33993557288,0.0,0.0,0.0
3800,4.77617606867,1.09227241152,49.8997014368,1.04213140205,0.438439680696,30.3395625493,-0.464851195272,0.283745248231,0.926697712227,3.33955217468,0.0,0.0,0.0
3801,4.77743295711,1.09147110768,49.9259896274,1.0424862636,0.439210599873,30.3202159785,-0.464969360093,0.284284425666,0.926635918149,3.33969746172,0.0,0.0,0.0
3802,4.77868984555,1.09067104411,49.9522618331,1.04284141301,0.438888652374,30.3008586407,-0.465087203933,0.283908092144,0.926708290941,3.33931385245,0.0,0.0,0.0
3803,4.77994673399,1.08987221923,49.9785180376,1.04319684967,0.43856720332,30.2814905456,-0.465204728681,0.28353278496,0.926780863571,3.33893066582,0.0,0.0,0.0
3804,4.78120362243,1.08907463141,50.0047582245,1.04355257293,0.438246252066,30.2621117034,-0.465321936223,0.283158500517,0.926853634483,3.33854790299,0.0,0.0,0.0
3805,4.78246051087,1.08827827906,50.0309823778,1.04390858218,0.437925797966,30.242722124,-0.465438828445,0.282785235232,0.926926602124,3.33816556509,0.0,0.0,0.0
3806,4.7837173993,1.08748316056,50.0571904812,1.0442648768,0.437605840374,30.2233218174,-0.465555407232,0.282412985541,0.926999764947,3.33778365324,0.0,0.0,0.0
3807,4.78497428774,1.08668927433,50.0833825185,1.04462145615,0.43837415569,30.2039107936,-0.465671674468,0.28294743493,0.926939373709,3.33792429731,0.0,0.0,0.0
3808,4.78623117618,1.08589661875,50.1095584736,1.04497831962,0.438054395731,30.1844890626,-0.465787632033,0.282575487291,0.927012920488,3.3375421964,0.0,0.0,0.0
3809,4.78748806462,1.08510519222,50.1357183304,1.04533546658,0.437735131578,30.1650566344,-0.465903281809,0.282204550698,0.927086658871,3.33716052593,0.0,0.0,0.0
3810,4.78874495306,1.08431499315,50.1618620727,1.04569289643,0.437416362584,30.1456135191,-0.466018625676,0.281834621625,0.927160587326,3.33677928698,0.0,0.0,0.0
3811,4.7900018415,1.08352601994,50.1879896844,1.04605060854,0.437098088107,30.1261597268,-0.466133665513,0.281465696559,0.927234704321,3.33639848062,0.0,0.0,0.0
3812,4.79125872994,1.082738271,50.2141011496,1.0464086023,0.436780307502,30.1066952675,-0.466248403196,0.281097772003,0.927309008334,3.33601810789,0.0,0.0,0.0
3813,4.79251561838,1.08195174473,50.2401964521,1.0467668771,0.437546054899,30.0872201513,-0.466362840602,0.281627584376,0.927250001767,3.33615419732,0.0,0.0,0.0
3814,4.79377250682,1.08116643953,50.2662755759,1.04712543233,0.437228474019,30.0677343882,-0.466476979607,0.281259962128,0.927324678653,3.33577365692,0.0,0.0,0.0
3815,4.79502939526,1.08038235382,50.2923385051,1.04748426737,0.436911386304,30.0482379885,-0.466590822084,0.280893335919,0.927399539021,3.33539355437,0.0,0.0,0.0
3816,4.7962862837,1.079599486,50.3183852236,1.04784338161,0.436594791111,30.0287309621,-0.466704369906,0.280527702286,0.927474581359,3.33501389067,0.0,0.0,0.0
3817,4.79754317214,1.07881783449,50.3444157155,1.04820277446,0.436278687798,30.0092133192,-0.466817624947,0.280163057788,0.927549804163,3.33463466682,0.0,0.0,0.0
3818,4.79880006057,1.0780373977,50.3704299649,1.0485624453,0.435963075723,29.98968507,-0.466930589076,0.279799398994,0.927625205928,3.3342558838,0.0,0.0,0.0
3819,4.80005694901,1.07725817405,50.3964279558,1.04892239353,0.436726290749,29.9701462245,-0.467043264164,0.280324663422,0.927567565759,3.33438750564,0.0,0.0,0.0
3820,4.80131383745,1.07648016194,50.4224096725,1.04928261855,0.436410880435,29.950596793,-0.46715565208,0.279961307111,0.927643329414,3.33400857573,0.0,0.0,0.0
3821,4.80257072589,1.0757033598,50.4483750989,1.04964311976,0.436095960649,29.9310367857,-0.467267754692,0.279598932102,0.927719268541,3.33363009068,0.0,0.0,0.0
3822,4.80382761433,1.07492776605,50.4743242192,1.05000389656,0.435781530749,29.9114662126,-0.467379573868,0.279237535004,0.927795381652,3.33325205145,0.0,0.0,0.0
3823,4.80508450277,1.0741533791,50.5002570177,1.05036494834,0.435467590095,29.891885084,-0.467491111472,0.278877112438,0.927871667263,3.33287445895,0.0,0.0,0.0
3824,4.80634139121,1.07338019738,50.5261734785,1.05072627453,0.435154138046,29.8722934102,-0.467602369371,0.278517661043,0.927948123895,3.33249731411,0.0,0.0,0.0
3825,4.80759827965,1.07260821931,50.5520735858,1.05108787451,0.434841173963,29.8526912013,-0.467713349429,0.278159177472,0.928024750072,3.33212061783,0.0,0.0,0.0
3826,4.80885516809,1.07183744332,50.5779573239,1.05144974769,0.435601607556,29.8330784675,-0.46782405351,0.278679315879,0.927968639391,3.33224728255,0.0,0.0,0.0
3827,4.81011205653,1.07106786782,50.6038246771,1.0518118935,0.435288847145,29.8134552191,-0.467934483476,0.2783211339,0.928045614606,3.3318704625,0.0,0.0,0.0
3828,4.81136894497,1.07029949126,50.6296756295,1.05217431132,0.434976573987,29.7938214664,-0.468044641189,0.277963915433,0.928122755932,3.33149409484,0.0,0.0,0.0
3829,4.8126258334,1.06953231205,50.6555101656,1.05253700059,0.434664787442,29.7741772196,-0.468154528509,0.277607657165,0.928200061907,3.33111818046,0.0,0.0,0.0
3830,4.81388272184,1.06876632864,50.6813282696,1.0528999607,0.434353486874,29.754522489,-0.468264147298,0.277252355799,0.928277531075,3.33074272018,0.0,0.0,0.0
3831,4.81513961028,1.06800153944,50.7071299259,1.05326319107,0.434042671645,29.7348572849,-0.468373499415,0.276898008053,0.928355161985,3.33036771487,0.0,0.0,0.0
3832,4.81639649872,1.0672379429,50.7329151188,1.05362669112,0.434800647361,29.7151816176,-0.468482586717,0.277413785227,0.928300377899,3.33049009542,0.0,0.0,0.0
3833,4.81765338716,1.06647553745,50.7586838328,1.05399046026,0.434490037733,29.6954954974,-0.468591411064,0.277059739099,0.928378347092,3.33011498581,0.0,0.0,0.0
3834,4.8189102756,1.06571432152,50.7844360522,1.05435449792,0.434179912726,29.6757989346,-0.468699974311,0.276706642348,0.928456474637,3.32974033482,0.0,0.0,0.0
3835,4.82016716404,1.06495429356,50.8101717615,1.05471880352,0.433870271705,29.6560919397,-0.468808278316,0.276354491725,0.928534759096,3.32936614326,0.0,0.0,0.0
3836,4.82142405248,1.06419545201,50.8358909451,1.05508337646,0.433561114035,29.6363745228,-0.468916324934,0.276003283995,0.928613199036,3.32899241193,0.0,0.0,0.0
3837,4.82268094092,1.0634377953,50.8615935875,1.05544821619,0.433252439079,29.6166466945,-0.46902411602,0.275653015939,0.928691793029,3.3286191416,0.0,0.0,0.0
3838,4.82393782936,1.06268132188,50.8872796732,1.05581332212,0.432944246205,29.596908465,-0.469131653428,0.275303684352,0.928770539651,3.32824633305,0.0,0.0,0.0
3839,4.8251947178,1.06192603019,50.9129491866,1.05617869367,0.43369952379,29.5771598448,-0.469238939012,0.275814548582,0.928717238624,3.32836396527,0.0,0.0,0.0
3840,4.82645160624,1.06117191869,50.9386021124,1.05654433028,0.43339153831,29.5574008443,-0.469345974626,0.275465517602,0.928796310963,3.32799107405,0.0,0.0,0.0
3841,4.82770849467,1.06041898581,50.9642384351,1.05691023137,0.433084034192,29.5376314738,-0.469452762121,0.275117418934,0.928875532597,3.32761864808,0.0,0.0,0.0
3842,4.82896538311,1.05966723001,50.9898581392,1.05727639638,0.432777010802,29.5178517438,-0.46955930335,0.274770249406,0.928954902116,3.32724668809,0.0,0.0,0.0
3843,4.83022227155,1.05891664974,51.0154612094,1.05764282473,0.432470467508,29.4980616648,-0.469665600163,0.274424005861,0.929034418116,3.32687519482,0.0,0.0,0.0
3844,4.83147915999,1.05816724344,51.0410476303,1.05800951586,0.432164403677,29.4782612472,-0.469771654411,0.274078685156,0.929114079195,3.32650416897,0.0,0.0,0.0
3845,4.83273604843,1.05741900959,51.0666173864,1.05837646921,0.431858818678,29.4584505015,-0.469877467945,0.27373428416,0.929193883958,3.32613361124,0.0,0.0,0.0
3846,4.83399293687,1.05667194662,51.0921704625,1.0587436842,0.43261144155,29.4386294381,-0.469983042614,0.274240346087,0.929142040908,3.32624660421,0.0,0.0,0.0
3847,4.83524982531,1.055926053,51.1177068432,1.05911116027,0.432306065683,29.4187980675,-0.470088380267,0.273896244635,0.929222158985,3.32587598466,0.0,0.0,0.0
3848,4.83650671375,1.05518132718,51.1432265132,1.05947889687,0.432001167927,29.3989564003,-0.470193482753,0.273553058821,0.929302417469,3.32550583653,0.0,0.0,0.0
3849,4.83776360219,1.05443776763,51.1687294573,1.05984689343,0.431696747652,29.3791044469,-0.47029835192,0.273210785546,0.929382814977,3.32513616048,0.0,0.0,0.0
3850,4.83902049063,1.05369537282,51.1942156602,1.0602151494,0.431392804227,29.3592422178,-0.470402989616,0.272869421728,0.929463350134,3.32476695717,0.0,0.0,0.0
3851,4.84027737907,1.05295414119,51.2196851066,1.06058366421,0.431089337024,29.3393697237,-0.470507397687,0.272528964297,0.929544021566,3.32439822725,0.0,0.0,0.0
3852,4.8415342675,1.05221407122,51.2451377813,1.06095243731,0.431839612747,29.3194869751,-0.470611577982,0.273030935706,0.929493443312,3.32450720629,0.0,0.0,0.0
3853,4.84279115594,1.05147516137,51.2705736692,1.06132146816,0.431536356454,29.2995939825,-0.470715532345,0.272690777661,0.929574417683,3.32413843212,0.0,0.0,0.0
3854,4.84404804438,1.05073741012,51.295992755,1.06169075618,0.43123357566,29.2796907565,-0.470819262624,0.272351521996,0.929655525099,3.32377013449,0.0,0.0,0.0
3855,4.84530493282,1.05000081593,51.3213950236,1.06206030083,0.430931269736,29.2597773077,-0.470922770664,0.272013165673,0.929736764203,3.32340231399,0.0,0.0,0.0
3856,4.84656182126,1.04926537728,51.3467804598,1.06243010157,0.430629438057,29.2398536467,-0.471026058311,0.271675705667,0.929818133641,3.32303497123,0.0,0.0,0.0
3857,4.8478187097,1.04853109263,51.3721490485,1.06280015783,0.430328079994,29.2199197842,-0.471129127408,0.271339138966,0.929899632065,3.32266810679,0.0,0.0,0.0
3858,4.84907559814,1.04779796047,51.3975007746,1.06317046908,0.430027194923,29.1999757307,-0.471231979802,0.271003462573,0.929981258129,3.32230172126,0.0,0.0,0.0
3859,4.85033248658,1.04706597927,51.4228356231,1.06354103477,0.430774896304,29.1800214969,-0.471334617337,0.271500829794,0.929932090993,3.32240625917,0.0,0.0,0.0
3860,4.85158937502,1.04633514751,51.4481535789,1.06391185435,0.430474223777,29.1600570934,-0.471437041856,0.271165451627,0.930014007899,3.32203984887,0.0,0.0,0.0
3861,4.85284626346,1.04560546366,51.4734546268,1.06428292728,0.430174023517,29.140082531,-0.471539255204,0.270830959843,0.930096049274,3.32167392045,0.0,0.0,0.0
3862,4.8541031519,1.04487692622,51.498738752,1.06465425301,0.4298742949,29.1200978203,-0.471641259224,0.270497351474,0.930178213788,3.32130847446,0.0,0.0,0.0
3863,4.85536004034,1.04414953366,51.5240059395,1.06502583101,0.4295750373,29.100102972,-0.471743055759,0.270164623565,0.930260500116,3.32094351142,0.0,0.0,0.0
3864,4.85661692877,1.04342328447,51.5492561741,1.06539766073,0.429276250096,29.0800979968,-0.471844646654,0.269832773175,0.930342906937,3.32057903187,0.0,0.0,0.0
3865,4.85787381721,1.04269817714,51.574489441,1.06576974164,0.428977932665,29.0600829054,-0.471946033751,0.269501797377,0.930425432936,3.32021503633,0.0,0.0,0.0
3866,4.85913070565,1.04197421015,51.5997057253,1.0661420732,0.429723101605,29.0400577086,-0.472047218892,0.269994663306,0.930377651678,3.32031523651,0.0,0.0,0.0
3867,4.86038759409,1.041251382,51.624905012,1.06651465487,0.429424998302,29.0200224172,-0.472148203922,0.269663984539,0.930460456593,3.31995123496,0.0,0.0,0.0
3868,4.86164448253,1.04052969117,51.6500872862,1.06688748612,0.429127364047,28.9999770418,-0.472248990681,0.269334176517,0.930543377571,3.31958772022,0.0,0.0,0.0
3869,4.86290137097,1.03980913616,51.675252533,1.06726056641,0.428830198218,28.9799215932,-0.472349581013,0.269005236343,0.93062641331,3.31922469277,0.0,0.0,0.0
3870,4.86415825941,1.03908971547,51.7004007375,1.06763389522,0.428533500194,28.9598560823,-0.472449976761,0.268677161131,0.930709562514,3.3188621531,0.0,0.0,0.0
3871,4.86541514785,1.03837142759,51.7255318851,1.06800747201,0.428237269356,28.9397805198,-0.472550179766,0.268349948008,0.93079282389,3.31850010167,0.0,0.0,0.0
3872,4.86667203629,1.03765427102,51.7506459607,1.06838129625,0.427941505085,28.9196949166,-0.47265019187,0.268023594114,0.930876196151,3.31813853893,0.0,0.0,0.0
3873,4.86792892473,1.03693824426,51.7757429496,1.06875536742,0.428684182976,28.8995992835,-0.472750014917,0.268512059089,0.930829775514,3.31823450285,0.0,0.0,0.0
3874,4.86918581317,1.03622334581,51.800822837,1.06912968499,0.428388634369,28.8794936313,-0.472849650748,0.268186000997,0.93091341494,3.31787295216,0.0,0.0,0.0
3875,4.8704427016,1.03550957418,51.8258856082,1.06950424843,0.428093551603,28.8593779709,-0.472949101206,0.267860798367,0.930997162195,3.31751189281,0.0,0.0,0.0
3876,4.87169959004,1.03479692787,51.8509312483,1.06987905722,0.42779893406,28.8392523132,-0.473048368132,0.267536448368,0.931081016005,3.31715132524,0.0,0.0,0.0
3877,4.87295647848,1.03408540539,51.8759597428,1.07025411083,0.427504781123,28.8191166689,-0.47314745337,0.267212948181,0.931164975102,3.31679124985,0.0,0.0,0.0
3878,4.87421336692,1.03337500525,51.9009710768,1.07062940875,0.427211092176,28.7989710491,-0.47324635876,0.266890294999,0.931249038221,3.31643166706,0.0,0.0,0.0
3879,4.87547025536,1.03266572596,51.9259652358,1.07100495045,0.426917866603,28.7788154647,-0.473345086147,0.266568486028,0.931333204104,3.31607257728,0.0,0.0,0.0
3880,4.8767271438,1.03195756603,51.9509422049,1.07138073542,0.427658094339,28.7586499265,-0.473443637372,0.267052647909,0.931288118822,3.31616440448,0.0,0.0,0.0
3881,4.87798403224,1.03125052397,51.9759019696,1.07175676314,0.427365085919,28.7384744455,-0.473542014278,0.266731133483,0.931372540296,3.31580534411,0.0,0.0,0.0
3882,4.87924092068,1.03054459831,52.0008445153,1.07213303308,0.427072540148,28.7182890327,-0.473640218707,0.266410459578,0.931457061536,3.31544677924,0.0,0.0,0.0
3883,4.88049780912,1.02983978755,52.0257698273,1.07250954474,0.426780456411,28.698093699,-0.473738252503,0.266090623429,0.931541681297,3.31508871022,0.0,0.0,0.0
3884,4.88175469756,1.02913609022,52.050677891,1.0728862976,0.426488834094,28.6778884553,-0.473836117508,0.265771622281,0.931626398339,3.31473113743,0.0,0.0,0.0
3885,4.883011586,1.02843350484,52.075568692,1.07326329115,0.426197672585,28.6576733128,-0.473933815567,0.265453453393,0.931711211425,3.31437406121,0.0,0.0,0.0
3886,4.88426847443,1.02773202993,52.1004422155,1.07364052487,0.425906971271,28.6374482823,-0.474031348521,0.265136114034,0.931796119324,3.31401748192,0.0,0.0,0.0
3887,4.88552536287,1.02703166402,52.1252984472,1.07401799826,0.426644789258,28.617213375,-0.474128718215,0.265616068281,0.93175234414,3.31410527007,0.0,0.0,0.0
3888,4.88678225131,1.02633240563,52.1501373724,1.0743957108,0.426354306543,28.5969686018,-0.474225926494,0.265299022184,0.931837496237,3.31374873693,0.0,0.0,0.0
3889,4.88803913975,1.02563425329,52.1749589767,1.074773662,0.426064283298,28.5767139738,-0.4743229752,0.264982802002,0.931922740208,3.31339270305,0.0,0.0,0.0
3890,4.88929602819,1.02493720552,52.1997632456,1.07515185133,0.425774718912,28.5564495021,-0.474419866178,0.264667405033,0.932008074837,3.31303716875,0.0,0.0,0.0
3891,4.89055291663,1.02424126087,52.2245501646,1.0755302783,0.425485612776,28.5361751977,-0.474516601274,0.264352828587,0.932093498912,3.31268213433,0.0,0.0,0.0
3892,4.89180980507,1.02354641787,52.2493197194,1.0759089424,0.42519696428,28.5158910717,-0.474613182332,0.264039069983,0.932179011224,3.31232760011,0.0,0.0,0.0
3893,4.89306669351,1.02285267504,52.2740718955,1.07628784314,0.424908772816,28.4955971353,-0.474709611197,0.263726126557,0.932264610572,3.31197356637,0.0,0.0,0.0
3894,4.89432358195,1.02216003093,52.2988066784,1.07666697999,0.425644220983,28.4752933995,-0.474805889715,0.264201966302,0.932222120253,3.31205741128,0.0,0.0,0.0
3895,4.89558047039,1.02146848408,52.3235240539,1.07704635248,0.42535624952,28.4549798754,-0.474902019733,0.263889314831,0.932307952584,3.31170343978,0.0,0.0,0.0
3896,4.89683735883,1.02077803302,52.3482240075,1.07742596009,0.425068734363,28.4346565743,-0.474998003097,0.263577474995,0.93239386907,3.31134997095,0.0,0.0,0.0
3897,4.89809424727,1.02008867629,52.372906525,1.07780580233,0.424781674908,28.4143235073,-0.475093841653,0.263266444153,0.932479868523,3.31099700507,0.0,0.0,0.0
3898,4.8993511357,1.01940041245,52.3975715919,1.0781858787,0.424495070545,28.3939806856,-0.47518953725,0.262956219678,0.932565949758,3.31064454238,0.0,0.0,0.0
3899,4.90060802414,1.01871324004,52.422219194,1.0785661887,0.424208920671,28.3736281203,-0.475285091734,0.262646798951,0.932652111595,3.31029258315,0.0,0.0,0.0
3900,4.90186491258,1.0180271576,52.446849317,1.07894673185,0.42392322468,28.3532658227,-0.475380506955,0.262338179366,0.93273835286,3.30994112761,0.0,0.0,0.0
3901,4.90312180102,1.01734216368,52.4714619466,1.07932750764,0.423637981969,28.3328938039,-0.47547578476,0.262030358327,0.932824672383,3.309590176,0.0,0.0,0.0
3902,4.90437868946,1.01665825684,52.4960570686,1.07970851559,0.424370867859,28.3125120753,-0.475570926999,0.262501666537,0.932783585427,3.30966974543,0.0,0.0,0.0
3903,4.9056355779,1.01597543563,52.5206346687,1.0800897552,0.424085846391,28.292120648,-0.475665935522,0.262194135255,0.932870125252,3.30931887335,0.0,0.0,0.0
3904,4.90689246634,1.0152936986,52.5451947328,1.08047122599,0.42380127748,28.2717195333,-0.475760812179,0.261887399066,0.932956740522,3.30896850722,0.0,0.0,0.0
3905,4.90814935478,1.0146130443,52.5697372466,1.08085292746,0.423517160523,28.2513087425,-0.47585555882,0.261581455401,0.933043430083,3.30861864727,0.0,0.0,0.0
3906,4.90940624322,1.01393347131,52.5942621959,1.08123485912,0.423233494918,28.230888287,-0.475950177298,0.261276301703,0.933130192782,3.3082692937,0.0,0.0,0.0
3907,4.91066313166,1.01325497817,52.6187695667,1.0816170205,0.422950280064,28.2104581779,-0.476044669465,0.260971935423,0.933217027472,3.30792044669,0.0,0.0,0.0
3908,4.9119200201,1.01257756345,52.6432593447,1.0819994111,0.422667515361,28.1900184266,-0.476139037172,0.260668354027,0.933303933011,3.30757210645,0.0,0.0,0.0
3909,4.91317690853,1.01190122571,52.6677315158,1.08238203045,0.423398114342,28.1695690446,-0.476233282274,0.261135739636,0.933264077135,3.30764793084,0.0,0.0,0.0
3910,4.91443379697,1.01122596352,52.692186066,1.08276487805,0.423115572204,28.149110043,-0.476327406624,0.260832446666,0.93335119216,3.3072996849,0.0,0.0,0.0
3911,4.91569068541,1.01055177544,52.7166229812,1.08314795342,0.422833479496,28.1286414332,-0.476421412077,0.260529935196,0.933438375281,3.30695194761,0.0,0.0,0.0
3912,4.91694757385,1.00987866005,52.7410422473,1.0835312561,0.422551835618,28.1081632268,-0.476515300487,0.260228202715,0.933525625371,3.30660471914,0.0,0.0,0.0
3913,4.91820446229,1.00920661591,52.7654438502,1.08391478558,0.422270639973,28.087675435,-0.476609073712,0.259927246722,0.933612941304,3.30625799964,0.0,0.0,0.0
3914,4.91946135073,1.0085356416,52.7898277759,1.08429854141,0.421989891963,28.0671780692,-0.476702733608,0.259627064729,0.933700321963,3.30591178927,0.0,0.0,0.0
3915,4.92071823917,1.0078657357,52.8141940104,1.08468252309,0.421709590993,28.0466711409,-0.476796282033,0.259327654257,0.933787766232,3.30556608816,0.0,0.0,0.0
3916,4.92197512761,1.00719689677,52.8385425398,1.08506673016,0.421429736465,28.0261546616,-0.476889720844,0.259029012839,0.933875273001,3.30522089645,0.0,0.0,0.0
3917,4.92323201605,1.00652912339,52.86287335,1.08545116214,0.42215786444,28.0056286426,-0.476983051901,0.259492080145,0.933836759489,3.30529266505,0.0,0.0,0.0
3918,4.92448890449,1.00586241415,52.8871864271,1.08583581855,0.421878233638,27.9850930955,-0.477076277063,0.259193724963,0.93392446353,3.30494758348,0.0,0.0,0.0
3919,4.92574579293,1.00519676763,52.9114817571,1.08622069892,0.421599048561,27.9645480318,-0.477169398192,0.258896135534,0.934012227387,3.30460301306,0.0,0.0,0.0
3920,4.92700268137,1.00453218242,52.9357593262,1.08660580278,0.421320308615,27.9439934629,-0.477262417149,0.258599309414,0.934100049964,3.30425895389,0.0,0.0,0.0
3921,4.9282595698,1.00386865708,52.9600191204,1.08699112967,0.421042013206,27.9234294003,-0.477355335797,0.258303244171,0.934187930169,3.3039154061,0.0,0.0,0.0
3922,4.92951645824,1.00320619023,52.9842611258,1.0873766791,0.420764161741,27.9028558556,-0.477448155998,0.258007937381,0.934275866916,3.30357236976,0.0,0.0,0.0
3923,4.93077334668,1.00254478043,53.0084853287,1.08776245061,0.420486753629,27.8822728404,-0.477540879617,0.257713386633,0.934363859121,3.30322984498,0.0,0.0,0.0
3924,4.93203023512,1.00188442629,53.032691715,1.08814844374,0.421212675586,27.8616803662,-0.47763350852,0.258172713488,0.934326523218,3.30329805856,0.0,0.0,0.0
3925,4.93328712356,1.0012251264,53.0568802711,1.08853465801,0.420935492447,27.8410784445,-0.477726044572,0.257878447634,0.93441470228,3.30295565747,0.0,0.0,0.0
3926,4.934544012,1.00056687935,53.0810509831,1.08892109297,0.420658751945,27.820467087,-0.47781848964,0.257584934588,0.934502934176,3.30261376957,0.0,0.0,0.0
3927,4.93580090044,0.999909683732,53.1052038372,1.08930774814,0.420382453488,27.7998463054,-0.477910845593,0.257292171962,0.934591217836,3.30227239491,0.0,0.0,0.0
3928,4.93705778888,0.999253538153,53.1293388196,1.08969462307,0.420106596488,27.7792161111,-0.4780031143,0.257000157377,0.934679552197,3.30193153356,0.0,0.0,0.0
3929,4.93831467732,0.998598441211,53.1534559166,1.0900817173,0.419831180356,27.7585765158,-0.478095297631,0.256708888466,0.934767936199,3.30159118558,0.0,0.0,0.0
3930,4.93957156576,0.997944391506,53.1775551144,1.09046903035,0.419556204505,27.7379275313,-0.478187397456,0.25641836287,0.934856368786,3.301251351,0.0,0.0,0.0
3931,4.9408284542,0.997291387644,53.2016363993,1.09085656178,0.419281668346,27.7172691692,-0.478279415649,0.256128578241,0.934944848908,3.30091202989,0.0,0.0,0.0
3932,4.94208534263,0.996639428228,53.2256997576,1.09124431113,0.420005208353,27.6966014411,-0.478371354082,0.256583789175,0.934908794818,3.30097639813,0.0,0.0,0.0
3933,4.94334223107,0.995988511868,53.2497451757,1.09163227793,0.419730898255,27.6759243588,-0.47846321463,0.256294287271,0.934997450053,3.30063721519,0.0,0.0,0.0
3934,4.94459911951,0.995338637171,53.2737726398,1.09202046173,0.419457027137,27.655237934,-0.47855499917,0.256005523179,0.935086150265,3.30029854719,0.0,0.0,0.0
3935,4.94585600795,0.99468980275,53.2977821363,1.09240886208,0.419183594413,27.6345421784,-0.478128219849,0.255717494576,0.935308875674,3.29982083489,0.0,0.0,0.0
3936,4.94711289639,0.994042007217,53.3217736516,1.09279747852,0.418910599499,27.6138371038,-0.47725934882,0.255430199145,0.935644928222,3.29922548028,0.0,0.0,0.0
3937,4.94836978483,0.993395249187,53.345747172,1.0931863106,0.41863804181,27.593122722,-0.47639011689,0.255143634582,0.935979882724,3.29863162333,0.0,0.0,0.0
3938,4.94962667327,0.992749527277,53.369702684,1.09357535786,0.418365920765,27.5723990446,-0.475520523084,0.254857798592,0.936313740544,3.29803926016,0.0,0.0,0.0
3939,4.95088356171,0.992104840105,53.393640174,1.09396461986,0.418094235781,27.5516660836,-0.474650566425,0.254572688888,0.936646503052,3.29744838695,0.0,0.0,0.0
3940,4.95214045015,0.991461186292,53.4175596284,1.09435409614,0.418815439909,27.5309238508,-0.473780245927,0.255023887501,0.93685712201,3.2972510806,0.0,0.0,0.0
3941,4.95339733859,0.99081856446,53.4414610336,1.09474378625,0.418543982038,27.5101723579,-0.472909560607,0.254739058371,0.937188267133,3.29666156511,0.0,0.0,0.0
3942,4.95465422703,0.990176973234,53.4653443762,1.09513368975,0.418272959518,27.4894116169,-0.472038509474,0.254454952451,0.937518319848,3.2960735333,0.0,0.0,0.0
3943,4.95591111546,0.989536411238,53.4892096427,1.0955238062,0.418002371768,27.4686416396,-0.471167091536,0.254171567477,0.937847281539,3.29548698139,0.0,0.0,0.0
3944,4.9571680039,0.988896877101,53.5130568194,1.09591413513,0.417732218209,27.4478624378,-0.470295305796,0.253888901195,0.938175153595,3.2949019056,0.0,0.0,0.0
3945,4.95842489234,0.988258369453,53.5368858931,1.09630467612,0.417462498262,27.4270740235,-0.469423151256,0.25360695136,0.938501937411,3.29431830217,0.0,0.0,0.0
3946,4.95968178078,0.987620886926,53.5606968501,1.09669542871,0.417193211348,27.4062764086,-0.468550626912,0.253325715739,0.938827634383,3.29373616736,0.0,0.0,0.0
3947,4.96093866922,0.986984428152,53.5844896772,1.09708639246,0.416924356891,27.385469605,-0.467677731758,0.253045192104,0.939152245914,3.29315549745,0.0,0.0,0.0
3948,4.96219555766,0.986348991767,53.6082643608,1.09747756693,0.417643270636,27.3646536247,-0.466804464784,0.253492479198,0.939359376972,3.29295572109,0.0,0.0,0.0
3949,4.9634524461,0.985714576408,53.6320208875,1.09786895168,0.417374644312,27.3438284796,-0.465930824976,0.253212234011,0.939682379864,3.29237639901,0.0,0.0,0.0
3950,4.96470933454,0.985081180715,53.655759244,1.09826054628,0.41710644974,27.3229941818,-0.465056811318,0.25293269781,0.940004300287,3.29179853576,0.0,0.0,0.0
3951,4.96596622298,0.984448803327,53.6794794168,1.09865235027,0.416838686341,27.3021507431,-0.464182422789,0.25265386839,0.940325139654,3.29122212768,0.0,0.0,0.0
3952,4.96722311142,0.983817442889,53.7031813927,1.09904436323,0.416571353543,27.2812981757,-0.463307658366,0.252375743556,0.940644899387,3.29064717112,0.0,0.0,0.0
3953,4.96847999986,0.983187098044,53.7268651583,1.09943658471,0.416304450771,27.2604364915,-0.46243251702,0.252098321125,0.940963580908,3.29007366242,0.0,0.0,0.0
3954,4.9697368883,0.982557767439,53.7505307003,1.09982901428,0.416037977452,27.2395657026,-0.461556997721,0.251821598918,0.941281185645,3.28950159796,0.0,0.0,0.0
3955,4.97099377673,0.981929449722,53.7741780053,1.10022165151,0.415771933013,27.2186858211,-0.460681099434,0.25154557477,0.941597715032,3.28893097414,0.0,0.0,0.0
3956,4.97225066517,0.981302143545,53.7978070602,1.10061449596,0.416488601305,27.197796859,-0.459804821121,0.25198904845,0.941801329563,3.28872887921,0.0,0.0,0.0
3957,4.97350755361,0.980675847558,53.8214178515,1.1010075472,0.416222785991,27.1768988285,-0.45892816174,0.251713300649,0.942116259362,3.28815959377,0.0,0.0,0.0
3958,4.97476444205,0.980050560416,53.8450103662,1.1014008048,0.415957398856,27.1559917416,-0.458051120247,0.251438247976,0.942430116846,3.28759174312,0.0,0.0,0.0
3959,4.97602133049,0.979426280774,53.8685845909,1.10179426833,0.415692439328,27.1350756106,-0.45717369559,0.251163888286,0.942742903459,3.28702532368,0.0,0.0,0.0
3960,4.97727821893,0.978803007291,53.8921405124,1.10218793735,0.415427906839,27.1141504475,-0.456295886719,0.250890219442,0.943054620649,3.28646033191,0.0,0.0,0.0
3961,4.97853510737,0.978180738626,53.9156781176,1.10258181144,0.415163800819,27.0932162645,-0.455417692576,0.250617239317,0.943365269869,3.28589676429,0.0,0.0,0.0
3962,4.97979199581,0.977559473441,53.9391973932,1.10297589017,0.4149001207,27.0722730738,-0.454539112102,0.25034494579,0.943674852575,3.28533461729,0.0,0.0,0.0
3963,4.98104888425,0.976939210399,53.9626983261,1.10337017312,0.414636865916,27.0513208876,-0.453660144233,0.250073336752,0.943983370227,3.28477388743,0.0,0.0,0.0
3964,4.98230577269,0.976319948165,53.9861809031,1.10376465985,0.415351333137,27.0303597181,-0.452780787901,0.250513092525,0.944183440646,3.28456962219,0.0,0.0,0.0
3965,4.98356266113,0.975701685406,54.0096451111,1.10415934994,0.41508830844,27.0093895776,-0.451901042035,0.250241757758,0.94449036806,3.28401022173,0.0,0.0,0.0
3966,4.98481954956,0.975084420792,54.033090937,1.10455424298,0.414825708379,26.9884104783,-0.45102090556,0.249971104622,0.94479623352,3.28345223273,0.0,0.0,0.0
3967,4.986076438,0.974468152993,54.0565183678,1.10494933853,0.414563532388,26.9674224325,-0.450140377398,0.249701131026,0.945101038495,3.28289565175,0.0,0.0,0.0
3968,4.98733332644,0.973852880682,54.0799273902,1.10534463617,0.414301779904,26.9464254525,-0.449259456465,0.249431834889,0.945404784462,3.28234047535,0.0,0.0,0.0
3969,4.98859021488,0.973238602534,54.1033179913,1.10574013549,0.414040450361,26.9254195506,-0.448378141676,0.249163214139,0.9457074729,3.28178670011,0.0,0.0,0.0
3970,4.98984710332,0.972625317225,54.126690158,1.10613583605,0.413779543198,26.9044047391,-0.44749643194,0.248895266711,0.946009105292,3.28123432262,0.0,0.0,0.0
3971,4.99110399176,0.972013023434,54.1500438773,1.10653173746,0.413519057852,26.8833810303,-0.446614326164,0.248627990551,0.946309683123,3.2806833395,0.0,0.0,0.0
3972,4.9923608802,0.971401719841,54.1733791361,1.10692783928,0.413258993761,26.8623484367,-0.44573182325,0.24836138361,0.946609207884,3.28013374736,0.0,0.0,0.0
3973,4.99361776864,0.970791405129,54.1966959216,1.10732414109,0.413971113526,26.8413069705,-0.444848922095,0.248797117478,0.946805180158,3.27992738686,0.0,0.0,0.0
3974,4.99487465708,0.970182077981,54.2199942206,1.10772064249,0.413711280328,26.8202566443,-0.443965621595,0.248530782021,0.947103125994,3.27937911345,0.0,0.0,0.0
3975,4.99613154552,0.969573737083,54.2432740202,1.10811734306,0.413451867692,26.7991974703,-0.44308192064,0.248265113007,0.947400021925,3.27883222559,0.0,0.0,0.0
3976,4.99738843396,0.968966381123,54.2665353076,1.10851424238,0.413192875061,26.7781294611,-0.442197818117,0.248000108408,0.947695869454,3.27828671993,0.0,0.0,0.0
3977,4.9986453224,0.968360008792,54.2897780697,1.10891134003,0.412934301875,26.7570526291,-0.441313312909,0.247735766207,0.947990670085,3.27774259316,0.0,0.0,0.0
3978,4.99990221083,0.96775461878,54.3130022937,1.10930863562,0.412676147575,26.7359669868,-0.440428403893,0.247472084392,0.948284425324,3.27719984197,0.0,0.0,0.0
3979,5.00115909927,0.967150209781,54.3362079666,1.10970612871,0.412418411606,26.7148725466,-0.439543089946,0.247209060961,0.948577136684,3.27665846309,0.0,0.0,0.0
3980,5.00241598771,0.96654678049,54.3593950756,1.11010381892,0.41216109341,26.6937693211,-0.438657369937,0.246946693919,0.948868805679,3.27611845323,0.0,0.0,0.0
3981,5.00367287615,0.965944329606,54.3825636078,1.11050170581,0.412871103666,26.6726573227,-0.437771242734,0.247378904265,0.949061181154,3.27591022366,0.0,0.0,0.0
3982,5.00492976459,0.965342855826,54.4057135503,1.110899789,0.412614017276,26.6515365641,-0.436884707199,0.247116806705,0.949351281185,3.27537152447,0.0,0.0,0.0
3983,5.00618665303,0.964742357853,54.4288448904,1.11129806806,0.412357347972,26.6304070578,-0.435997762192,0.246855362826,0.949640342074,3.27483418903,0.0,0.0,0.0
3984,5.00744354147,0.964142834388,54.4519576153,1.11169654259,0.4121010952,26.6092688164,-0.435110406567,0.246594570652,0.949928365347,3.27429821412,0.0,0.0,0.0
3985,5.00870042991,0.963544284137,54.4750517121,1.11209521218,0.411845258406,26.5881218524,-0.434222639174,0.246334428217,0.950215352532,3.27376359651,0.0,0.0,0.0
3986,5.00995731835,0.962946705807,54.498127168,1.11249407644,0.411589837037,26.5669661785,-0.43333445886,0.246074933562,0.950501305158,3.27323033301,0.0,0.0,0.0
3987,5.01121420679,0.962350098106,54.5211839703,1.11289313495,0.411334830543,26.5458018073,-0.432445864468,0.245816084737,0.950786224762,3.27269842042,0.0,0.0,0.0
3988,5.01247109523,0.961754459745,54.5442221063,1.11329238731,0.41108023837,26.5246287515,-0.431556854836,0.245557879797,0.951070112881,3.27216785557,0.0,0.0,0.0
3989,5.01372798366,0.961159789436,54.5672415632,1.11369183313,0.41082605997,26.5034470238,-0.430667428798,0.24530031681,0.951352971054,3.27163863531,0.0,0.0,0.0
3990,5.0149848721,0.960566085894,54.5902423283,1.11409147199,0.411533822399,26.4822566368,-0.429777585184,0.245728717138,0.951541196799,3.27142863421,0.0,0.0,0.0
3991,5.01624176054,0.959973347834,54.6132243889,1.1144913035,0.411279876563,26.4610576033,-0.42888732282,0.245471420952,0.951822497989,3.27090071501,0.0,0.0,0.0
3992,5.01749864898,0.959381573975,54.6361877323,1.11489132726,0.411026343819,26.439849936,-0.427996640528,0.245214764085,0.952102772519,3.27037413531,0.0,0.0,0.0
3993,5.01875553742,0.958790763036,54.6591323459,1.11529154286,0.410773223617,26.4186336476,-0.427105537125,0.244958744621,0.952382021941,3.269848892,0.0,0.0,0.0
3994,5.02001242586,0.95820091374,54.6820582171,1.11569194992,0.41052051541,26.397408751,-0.426214011423,0.244703360651,0.952660247807,3.26932498197,0.0,0.0,0.0
3995,5.0212693143,0.95761202481,54.7049653331,1.11609254804,0.410268218651,26.3761752588,-0.425322062233,0.244448610275,0.952937451674,3.26880240213,0.0,0.0,0.0
3996,5.02252620274,0.957024094972,54.7278536814,1.11649333681,0.410016332795,26.354933184,-0.424429688359,0.2441944916,0.9532136351,3.2682811494,0.0,0.0,0.0
3997,5.02378309118,0.956437122953,54.7507232493,1.11689431584,0.409764857295,26.3336825393,-0.423536888601,0.24394100274,0.953488799648,3.26776122071,0.0,0.0,0.0
3998,5.02503997962,0.955851107483,54.7735740244,1.11729548474,0.409513791609,26.3124233376,-0.422643661755,0.243688141817,0.953762946882,3.267242613,0.0,0.0,0.0
3999,5.02629686806,0.955266047294,54.7964059939,1.11769684312,0.410219357454,26.2911555918,-0.421750006614,0.244112839405,0.953946999016,3.26703100445,0.0,0.0,0.0
4000,5.02755375649,0.954681941117,54.8192191455,1.11809839058,0.409968525072,26.2698793147,-0.420855921963,0.243860242669,0.954219601588,3.26651368874,0.0,0.0,0.0
4001,5.02881064493,0.954098787689,54.8420134665,1.11850012673,0.409718101828,26.2485945192,-0.419961406587,0.243608271312,0.954491190191,3.26599768914,0.0,0.0,0.0
4002,5.03006753337,0.953516585747,54.8647889444,1.11890205119,0.40946808718,26.2273012184,-0.419066459264,0.243356923474,0.954761766399,3.26548300264,0.0,0.0,0.0
4003,5.03132442181,0.952935334029,54.8875455668,1.11930416355,0.409218480586,26.205999425,-0.418171078769,0.243106197305,0.955031331789,3.26496962622,0.0,0.0,0.0
4004,5.03258131025,0.952355031275,54.9102833211,1.11970646343,0.408969281506,26.1846891522,-0.41727526387,0.242856090958,0.95529988794,3.26445755691,0.0,0.0,0.0
4005,5.03383819869,0.95177567623,54.9330021948,1.12010895045,0.408720489399,26.1633704128,-0.416379013334,0.242606602597,0.955567436434,3.26394679173,0.0,0.0,0.0
4006,5.03509508713,0.951197267636,54.9557021756,1.12051162421,0.408472103727,26.1420432199,-0.415482325921,0.242357730392,0.955833978857,3.26343732771,0.0,0.0,0.0
4007,5.03635197557,0.950619804241,54.978383251,1.12091448432,0.40917569532,26.1207075866,-0.414585200387,0.242779181452,0.956014364406,3.26322428528,0.0,0.0,0.0
4008,5.03760886401,0.950043284794,55.0010454085,1.12131753042,0.408927543806,26.0993635258,-0.413687635486,0.242530571556,0.956279373012,3.26271610649,0.0,0.0,0.0
4009,5.03886575245,0.949467708043,55.0236886358,1.1217207621,0.408679798057,26.0780110506,-0.412789629963,0.242282575319,0.956543378941,3.26220922414,0.0,0.0,0.0
4010,5.04012264089,0.948893072741,55.0463129205,1.12212417898,0.408432457537,26.0566501741,-0.411891182562,0.242035190929,0.956806383785,3.2617036353,0.0,0.0,0.0
4011,5.04137952933,0.948319377643,55.0689182502,1.12252778069,0.408185521709,26.0352809095,-0.41099229202,0.241788416582,0.957068389142,3.26119933707,0.0,0.0,0.0
4012,5.04263641776,0.947746621504,55.0915046125,1.12293156683,0.407938990037,26.0139032698,-0.410092957073,0.241542250479,0.957329396609,3.26069632654,0.0,0.0,0.0
4013,5.0438933062,0.947174803082,55.1140719951,1.12333553704,0.407692861988,25.9925172682,-0.409193176448,0.24129669083,0.957589407788,3.26019460083,0.0,0.0,0.0
4014,5.04515019464,0.946603921136,55.1366203857,1.12373969091,0.407447137026,25.9711229179,-0.408292948871,0.241051735852,0.957848424282,3.25969415706,0.0,0.0,0.0
4015,5.04640708308,0.946033974428,55.1591497719,1.12414402809,0.407201814619,25.9497202321,-0.40739227306,0.240807383768,0.958106447696,3.25919499237,0.0,0.0,0.0
4016,5.04766397152,0.945464961722,55.1816601416,1.12454854819,0.407903305602,25.9283092239,-0.406491147731,0.241225326792,0.958282616706,3.25898064648,0.0,0.0,0.0
4017,5.04892085996,0.944896881783,55.2041514823,1.12495325082,0.40765821806,25.9068899066,-0.405589571595,0.240981234514,0.958539119249,3.25848275888,0.0,0.0,0.0
4018,5.0501777484,0.944329733377,55.2266237819,1.12535813562,0.407413532412,25.8854622935,-0.404687543358,0.240737742704,0.95879463216,3.25798614581,0.0,0.0,0.0
4019,5.05143463684,0.943763515275,55.2490770281,1.1257632022,0.407169248126,25.8640263978,-0.403785061719,0.240494849603,0.959049157055,3.25749080445,0.0,0.0,0.0
4020,5.05269152528,0.943198226247,55.2715112086,1.12616845019,0.406925364671,25.8425822329,-0.402882125375,0.240252553459,0.959302695549,3.25699673197,0.0,0.0,0.0
4021,5.05394841372,0.942633865066,55.2939263113,1.12657387922,0.406681881519,25.8211298119,-0.401978733019,0.240010852526,0.959555249261,3.25650392558,0.0,0.0,0.0
4022,5.05520530216,0.942070430507,55.316322324,1.12697948892,0.40643879814,25.7996691484,-0.401074883336,0.239769745067,0.959806819812,3.25601238248,0.0,0.0,0.0
4023,5.05646219059,0.941507921346,55.3386992344,1.1273852789,0.406196114008,25.7782002556,-0.400170575008,0.23952922935,0.960057408825,3.25552209991,0.0,0.0,0.0
4024,5.05771907903,0.940946336361,55.3610570305,1.1277912488,0.405953828594,25.7567231469,-0.399265806713,0.239289303651,0.960307017925,3.25503307508,0.0,0.0,0.0
4025,5.05897596747,0.940385674335,55.3833957,1.12819739824,0.405711941374,25.7352378358,-0.398360577122,0.23904996625,0.960555648741,3.25454530524,0.0,0.0,0.0
4026,5.06023285591,0.939825934047,55.4057152308,1.12860372686,0.406411218514,25.7137443356,-0.397454884902,0.239464168991,0.960727052703,3.25432982464,0.0,0.0,0.0
4027,5.06148974435,0.939267114284,55.4280156108,1.12901023428,0.406169566725,25.6922426598,-0.396548728717,0.239225088319,0.960974177782,3.25384332262,0.0,0.0,0.0
4028,5.06274663279,0.93870921383,55.450296828,1.12941692013,0.405928312474,25.6707328218,-0.395642107223,0.238986593598,0.961220328079,3.25335807122,0.0,0.0,0.0
4029,5.06400352123,0.938152231474,55.4725588701,1.12982378406,0.405687455239,25.6492148352,-0.394735019073,0.238748683128,0.961465505231,3.25287406774,0.0,0.0,0.0
4030,5.06526040967,0.937596166006,55.4948017252,1.13023082568,0.405446994496,25.6276887134,-0.393827462914,0.238511355213,0.961709710876,3.25239130947,0.0,0.0,0.0
4031,5.06651729811,0.937041016217,55.5170253812,1.13063804464,0.405206929723,25.6061544701,-0.392919437389,0.238274608167,0.961952946651,3.2519097937,0.0,0.0,0.0
4032,5.06777418655,0.936486780901,55.5392298261,1.13104544056,0.404967260397,25.5846121187,-0.392010941136,0.238038440308,0.9621952142,3.25142951775,0.0,0.0,0.0
4033,5.06903107499,0.935933458854,55.5614150478,1.13145301309,0.404727985998,25.5630616728,-0.391101972786,0.23780284996,0.962436515164,3.25095047895,0.0,0.0,0.0
4034,5.07028796343,0.935381048872,55.5835810343,1.13186076185,0.404489106006,25.541503146,-0.390192530967,0.237567835457,0.96267685119,3.25047267462,0.0,0.0,0.0
4035,5.07154485186,0.934829549755,55.6057277736,1.13226868649,0.40518638521,25.5199365519,-0.389282614302,0.237978734864,0.96284400216,3.2502562094,0.0,0.0,0.0
4036,5.0728017403,0.934278960304,55.6278552538,1.13267678664,0.404947741334,25.4983619043,-0.388372221407,0.237743974733,0.963082846053,3.24977966574,0.0,0.0,0.0
4037,5.07405862874,0.933729279323,55.6499634628,1.13308506194,0.404709491219,25.4767792167,-0.387461350895,0.237509788164,0.96332072856,3.24930435237,0.0,0.0,0.0
4038,5.07531551718,0.933180505615,55.6720523888,1.13349351203,0.404471634346,25.4551885028,-0.386550001372,0.237276173506,0.963557651335,3.24883026665,0.0,0.0,0.0
4039,5.07657240562,0.932632637988,55.6941220198,1.13390213655,0.4042341702,25.4335897764,-0.385638171441,0.237043129112,0.96379361603,3.24835740595,0.0,0.0,0.0
4040,5.07782929406,0.932085675251,55.7161723439,1.13431093513,0.403997098262,25.4119830511,-0.384725859697,0.236810653344,0.964028624303,3.24788576767,0.0,0.0,0.0
4041,5.0790861825,0.931539616213,55.7382033492,1.13471990742,0.403760418019,25.3903683408,-0.383813064731,0.236578744569,0.964262677812,3.24741534921,0.0,0.0,0.0
4042,5.08034307094,0.930994459688,55.7602150238,1.13512905307,0.403524128954,25.3687456593,-0.382899785131,0.23634740116,0.964495778217,3.24694614799,0.0,0.0,0.0
4043,5.08159995938,0.930450204489,55.7822073558,1.13553837171,0.403288230555,25.3471150202,-0.381986019477,0.236116621498,0.96472792718,3.24647816142,0.0,0.0,0.0
4044,5.08285684782,0.929906849433,55.8041803334,1.13594786299,0.403052722307,25.3254764375,-0.381071766343,0.23588640397,0.964959126364,3.24601138693,0.0,0.0,0.0
4045,5.08411373626,0.929364393337,55.8261339448,1.13635752655,0.403747898381,25.303829925,-0.380157024301,0.236293782989,0.96512148027,3.24579412694,0.0,0.0,0.0
4046,5.08537062469,0.928822835022,55.8480681781,1.13676736204,0.4035126268,25.2821754965,-0.379241791914,0.236063816938,0.965351203163,3.24532860495,0.0,0.0,0.0
4047,5.08662751313,0.92828217331,55.8699830215,1.1371773691,0.403277744735,25.2605131661,-0.378326067743,0.235834410811,0.965579979882,3.24486429102,0.0,0.0,0.0
4048,5.08788440157,0.927742407023,55.8918784633,1.13758754738,0.403043251674,25.2388429475,-0.377409850341,0.23560556301,0.965807812095,3.24440118262,0.0,0.0,0.0
4049,5.08914129001,0.927203534988,55.9137544915,1.13799789653,0.402809147106,25.2171648547,-0.376493138257,0.235377271943,0.966034701475,3.24393927722,0.0,0.0,0.0
4050,5.09039817845,0.926665556032,55.9356110946,1.1384084162,0.402575430522,25.1954789017,-0.375575930033,0.235149536025,0.966260649696,3.24347857231,0.0,0.0,0.0
4051,5.09165506689,0.926128468983,55.9574482607,1.13881910602,0.402342101414,25.1737851025,-0.374658224209,0.234922353675,0.966485658433,3.24301906538,0.0,0.0,0.0
4052,5.09291195533,0.925592272674,55.9792659781,1.13922996567,0.402109159274,25.1520834711,-0.373740019315,0.234695723321,0.966709729363,3.24256075395,0.0,0.0,0.0
4053,5.09416884377,0.925056965937,56.0010642351,1.13964099477,0.401876603594,25.1303740215,-0.372821313878,0.234469643395,0.966932864165,3.24210363552,0.0,0.0,0.0
4054,5.09542573221,0.924522547607,56.0228430201,1.14005219299,0.402569881858,25.1086567679,-0.37190210642,0.234873912028,0.967090936141,3.24188569676,0.0,0.0,0.0
4055,5.09668262065,0.923989016521,56.0446023212,1.14046355998,0.402337563517,25.0869317242,-0.370982395456,0.23464808137,0.967312608883,3.2414298246,0.0,0.0,0.0
4056,5.09793950909,0.923456371517,56.0663421268,1.14087509539,0.402105631008,25.0651989045,-0.370062179495,0.234422798994,0.967533349145,3.24097514157,0.0,0.0,0.0
4057,5.09919639753,0.922924611436,56.0880624254,1.14128679887,0.401874083826,25.0434583231,-0.369141457043,0.234198063346,0.967753158609,3.24052164521,0.0,0.0,0.0
4058,5.10045328596,0.92239373512,56.1097632052,1.14169867007,0.401642921466,25.0217099941,-0.368220226597,0.23397387288,0.967972038963,3.24006933308,0.0,0.0,0.0
4059,5.1017101744,0.921863741413,56.1314444546,1.14211070866,0.401412143425,24.9999539316,-0.367298486651,0.233750226056,0.968189991895,3.23961820275,0.0,0.0,0.0
4060,5.10296706284,0.921334629161,56.153106162,1.14252291429,0.401181749202,24.97819015,-0.366376235691,0.233527121339,0.968407019093,3.23916825179,0.0,0.0,0.0
4061,5.10422395128,0.920806397213,56.1747483158,1.14293528661,0.400951738293,24.9564186633,-0.3654534722,0.233304557201,0.968623122248,3.2387194778,0.0,0.0,0.0
4062,5.10548083972,0.920279044417,56.1963709045,1.14334782528,0.400722110199,24.9346394858,-0.364530194653,0.233082532119,0.968838303054,3.23827187835,0.0,0.0,0.0
4063,5.10673772816,0.919752569627,56.2179739165,1.14376052995,0.400492864419,24.9128526319,-0.36360640152,0.232861044577,0.969052563203,3.23782545108,0.0,0.0,0.0
4064,5.1079946166,0.919226971694,56.2395573401,1.1441734003,0.401184147567,24.8910581159,-0.362682091265,0.233262000178,0.969205814443,3.23760704391,0.0,0.0,0.0
4065,5.10925150504,0.918702249475,56.261121164,1.14458643597,0.400955139671,24.869255952,-0.361757262346,0.23304075919,0.969418629048,3.23716185572,0.0,0.0,0.0
4066,5.11050839348,0.918178401826,56.2826653766,1.14499963662,0.40072651347,24.8474461546,-0.360831913217,0.232820053663,0.969630526689,3.23671783597,0.0,0.0,0.0
4067,5.11176528192,0.917655427607,56.3041899663,1.14541300193,0.400498268466,24.8256287382,-0.359906042322,0.232599882095,0.969841509065,3.23627498229,0.0,0.0,0.0
4068,5.11302217036,0.917133325678,56.3256949217,1.14582653154,0.40027040416,24.803803717,-0.358979648104,0.232380242989,0.970051577877,3.23583329233,0.0,0.0,0.0
4069,5.11427905879,0.916612094903,56.3471802314,1.14624022512,0.400042920058,24.7819711056,-0.358052728996,0.232161134854,0.970260734828,3.23539276374,0.0,0.0,0.0
4070,5.11553594723,0.916091734146,56.3686458837,1.14665408233,0.399815815664,24.7601309185,-0.357125283428,0.231942556205,0.970468981619,3.23495339419,0.0,0.0,0.0
4071,5.11679283567,0.915572242273,56.3900918674,1.14706810284,0.399589090482,24.73828317,-0.356197309822,0.231724505563,0.970676319958,3.23451518135,0.0,0.0,0.0
4072,5.11804972411,0.915053618153,56.411518171,1.14748228631,0.399362744019,24.7164278747,-0.355268806594,0.231506981454,0.970882751549,3.23407812289,0.0,0.0,0.0
4073,5.11930661255,0.914535860656,56.4329247831,1.1478966324,0.399136775783,24.6945650472,-0.354339772156,0.23128998241,0.971088278099,3.23364221652,0.0,0.0,0.0
4074,5.12056350099,0.914018968655,56.4543116922,1.14831114079,0.399826119175,24.6726947019,-0.353410204912,0.231687729193,0.971236700599,3.23342350601,0.0,0.0,0.0
4075,5.12182038943,0.913502941022,56.475678887,1.14872581113,0.39960038937,24.6508168535,-0.35248010326,0.231470974088,0.971440798461,3.23298883204,0.0,0.0,0.0
4076,5.12307727787,0.912987776633,56.4970263561,1.1491406431,0.39937503718,24.6289315167,-0.351549465592,0.231254742035,0.971643995017,3.23255530658,0.0,0.0,0.0
4077,5.12433416631,0.912473474367,56.5183540882,1.14955563635,0.399150062114,24.6070387059,-0.350618290295,0.231039031582,0.971846291981,3.23212292734,0.0,0.0,0.0
4078,5.12559105475,0.911960033102,56.539662072,1.14997079057,0.398925463683,24.585138436,-0.349686575748,0.230823841278,0.972047691066,3.23169169206,0.0,0.0,0.0
4079,5.12684794319,0.911447451721,56.560950296,1.15038610542,0.398701241397,24.5632307215,-0.348754320325,0.230609169682,0.972248193987,3.23126159847,0.0,0.0,0.0
4080,5.12810483162,0.910935729105,56.582218749,1.15080158057,0.398477394767,24.5413155773,-0.347821522394,0.230395015355,0.972447802461,3.23083264431,0.0,0.0,0.0
4081,5.12936172006,0.91042486414,56.6034674198,1.15121721568,0.398253923306,24.519393018,-0.346888180315,0.230181376866,0.972646518205,3.23040482735,0.0,0.0,0.0
4082,5.1306186085,0.909914855713,56.6246962969,1.15163301044,0.398030826527,24.4974630584,-0.345954292443,0.229968252787,0.972844342937,3.22997814534,0.0,0.0,0.0
4083,5.13187549694,0.909405702712,56.6459053692,1.15204896451,0.397808103943,24.4755257134,-0.345019857126,0.229755641698,0.973041278377,3.22955259605,0.0,0.0,0.0
4084,5.13313238538,0.908897404029,56.6670946255,1.15246507756,0.397585755069,24.4535809977,-0.344084872708,0.229543542183,0.973237326246,3.22912817728,0.0,0.0,0.0
4085,5.13438927382,0.908389958554,56.6882640544,1.15288134928,0.398273078672,24.4316289263,-0.343149337522,0.22993791115,0.973380390458,3.22890942088,0.0,0.0,0.0
4086,5.13564616226,0.907883365183,56.7094136447,1.15329777932,0.398050968666,24.4096695139,-0.342213249899,0.229726052522,0.973575028877,3.22848622708,0.0,0.0,0.0
4087,5.1369030507,0.907377622811,56.7305433854,1.15371436737,0.39782923177,24.3877027755,-0.341276608161,0.229514703529,0.973768783504,3.22806416038,0.0,0.0,0.0
4088,5.13815993914,0.906872730336,56.751653265,1.15413111311,0.397607867502,24.365728726,-0.340339410624,0.229303862767,0.973961656064,3.22764321857,0.0,0.0,0.0
4089,5.13941682758,0.906368686659,56.7727432726,1.1545480162,0.397386875379,24.3437473805,-0.339401655598,0.229093528839,0.974153648283,3.22722339948,0.0,0.0,0.0
4090,5.14067371602,0.905865490679,56.7938133969,1.15496507633,0.397166254919,24.3217587538,-0.338463341386,0.228883700354,0.97434476189,3.22680470093,0.0,0.0,0.0
4091,5.14193060446,0.905363141301,56.8148636268,1.15538229317,0.396946005643,24.299762861,-0.337524466284,0.228674375925,0.974534998612,3.22638712075,0.0,0.0,0.0
4092,5.14318749289,0.90486163743,56.8358939511,1.1557996664,0.396726127069,24.2777597171,-0.336585028583,0.228465554171,0.974724360179,3.22597065679,0.0,0.0,0.0
4093,5.14444438133,0.904360977973,56.8569043587,1.15621719569,0.396506618718,24.2557493373,-0.335645026565,0.228257233715,0.974912848322,3.22555530689,0.0,0.0,0.0
4094,5.14570126977,0.903861161839,56.8778948386,1.15663488074,0.396287480113,24.2337317366,-0.334704458507,0.228049413188,0.975100464772,3.22514106891,0.0,0.0,0.0
4095,5.14695815821,0.903362187937,56.8988653796,1.15705272121,0.396972977222,24.2117069302,-0.333763322679,0.228440781947,0.975238693067,3.22492234238,0.0,0.0,0.0
4096,5.14821504665,0.902864055182,56.9198159707,1.1574707168,0.396754078043,24.1896749332,-0.332821617344,0.228233199901,0.975424917602,3.22450932367,0.0,0.0,0.0
4097,5.14947193509,0.902366762487,56.9407466009,1.15788886717,0.39653554802,24.1676357607,-0.331879340758,0.228026115905,0.975610274261,3.22409741359,0.0,0.0,0.0
4098,5.15072882353,0.901870308768,56.9616572589,1.15830717201,0.396317386676,24.1455894281,-0.33093649117,0.2278195286,0.97579476478,3.22368661004,0.0,0.0,0.0
4099,5.15198571197,0.901374692943,56.982547934,1.15872563101,0.396099593536,24.1235359506,-0.329993066824,0.227613436635,0.975978390894,3.22327691091,0.0,0.0,0.0
4100,5.15324260041,0.900879913932,57.0034186149,1.15914424385,0.395882168124,24.1014753434,-0.329049065954,0.22740783866,0.976161154343,3.22286831409,0.0,0.0,0.0
4101,5.15449948885,0.900385970656,57.0242692908,1.1595630102,0.395665109968,24.0794076218,-0.32810448679,0.227202733334,0.976343056863,3.22246081749,0.0,0.0,0.0
4102,5.15575637729,0.899892862039,57.0450999506,1.15998192977,0.395448418594,24.0573328012,-0.327159327553,0.226998119319,0.976524100194,3.22205441902,0.0,0.0,0.0
4103,5.15701326572,0.899400587007,57.0659105834,1.16040100222,0.39523209353,24.0352508969,-0.326213586458,0.226793995282,0.976704286076,3.22164911662,0.0,0.0,0.0
4104,5.15827015416,0.898909144486,57.0867011782,1.16082022725,0.395016134304,24.0131619244,-0.325267261714,0.226590359897,0.976883616251,3.2212449082,0.0,0.0,0.0
4105,5.1595270426,0.898418533405,57.1074717241,1.16123960455,0.394800540446,23.991065899,-0.32432035152,0.226387211839,0.977062092459,3.22084179171,0.0,0.0,0.0
4106,5.16078393104,0.897928752694,57.1282222101,1.16165913379,0.395484139058,23.9689628361,-0.32337285407,0.226775424393,0.977194964214,3.2206233724,0.0,0.0,0.0
4107,5.16204081948,0.897439801287,57.1489526254,1.16207881468,0.395268785085,23.9468527514,-0.322424767552,0.22657251201,0.977372068468,3.22022146878,0.0,0.0,0.0
4108,5.16329770792,0.896951678117,57.169662959,1.16249864689,0.395053795901,23.9247356602,-0.321476090144,0.226370085143,0.97754832261,3.21982065396,0.0,0.0,0.0
4109,5.16455459636,0.896464382122,57.1903532001,1.16291863012,0.394839171038,23.9026115782,-0.320526820019,0.226168142484,0.977723728388,3.21942092589,0.0,0.0,0.0
4110,5.1658114848,0.895977912237,57.2110233377,1.16333876405,0.394624910028,23.8804805208,-0.319576955341,0.225966682727,0.977898287547,3.21902228255,0.0,0.0,0.0
4111,5.16706837324,0.895492267404,57.2316733611,1.16375904838,0.394411012404,23.8583425038,-0.318626494269,0.225765704571,0.978072001834,3.21862472191,0.0,0.0,0.0
4112,5.16832526168,0.895007446564,57.2523032594,1.16417948279,0.3941974777,23.8361975426,-0.317675434953,0.225565206721,0.978244872997,3.21822824195,0.0,0.0,0.0
4113,5.16958215012,0.89452344866,57.2729130217,1.16460006699,0.39398430545,23.814045653,-0.316723775535,0.225365187886,0.978416902785,3.21783284067,0.0,0.0,0.0
4114,5.17083903856,0.894040272637,57.2935026373,1.16502080065,0.393771495189,23.7918868507,-0.315771514153,0.22516564678,0.978588092945,3.21743851607,0.0,0.0,0.0
4115,5.17209592699,0.893557917443,57.3140720953,1.16544168348,0.393559046455,23.7697211514,-0.314818648933,0.224966582123,0.978758445228,3.21704526615,0.0,0.0,0.0
4116,5.17335281543,0.893076382026,57.3346213851,1.16586271517,0.393346958784,23.7475485709,-0.313865177997,0.224767992638,0.978927961386,3.21665308894,0.0,0.0,0.0
4117,5.17460970387,0.892595665336,57.3551504957,1.16628389541,0.394028720861,23.7253691248,-0.312911099459,0.225153159599,0.979055483081,3.21643515483,0.0,0.0,0.0
4118,5.17586659231,0.892115766326,57.3756594165,1.16670522389,0.39381687355,23.7031828292,-0.311956411425,0.224954803109,0.979223647603,3.21604418461,0.0,0.0,0.0
4119,5.17712348075,0.891636683951,57.3961481367,1.16712670031,0.393605386736,23.6809896997,-0.311001111992,0.224756920045,0.97939097989,3.21565428409,1.0,614.638475596,1.51041034897
4120,5.17838036919,0.891158417165,57.4166166456,1.16754832437,0.393394259957,23.6587897522,-0.310045199252,0.224559509142,0.979557481696,3.21526545131,1.0,614.635652184,1.45890452587
4121,5.17963725763,0.890680964927,57.4370649325,1.16797009577,0.393183492753,23.6365830028,-0.309088671287,0.22436256914,0.979723154776,3.21487768431,1.0,614.632830544,1.42453914688
4122,5.18089414607,0.890204326197,57.4574929867,1.16839201419,0.392973084665,23.6143694673,-0.308131526175,0.224166098786,0.979888000885,3.21449098115,1.0,614.630010679,1.3968405051
4123,5.18215103451,0.889728499935,57.4779007974,1.16881407935,0.392763035234,23.5921491616,-0.307173761981,0.223970096828,0.980052021778,3.21410533988,1.0,614.627192594,1.37298791024
4124,5.18340792295,0.889253485105,57.4982883541,1.16923629093,0.392553344003,23.5699221019,-0.306215376767,0.223774562021,0.980215219211,3.21372075857,1.0,614.624376295,1.35172148383
4125,5.18466481139,0.888779280672,57.5186556461,1.16965864864,0.392344010514,23.5476883041,-0.305256368585,0.223579493124,0.980377594942,3.21333723529,1.0,614.621561784,1.33234826489
4126,5.18592169982,0.888305885602,57.5390026628,1.17008115217,0.392135034312,23.5254477843,-0.304296735479,0.223384888901,0.980539150727,3.21295476812,1.0,614.618749067,1.3144386807
4127,5.18717858826,0.887833298864,57.5593293934,1.17050380123,0.391926414941,23.5032005586,-0.303336475487,0.223190748119,0.980699888325,3.21257335516,1.0,614.615938148,1.29770462225
4128,5.1884354767,0.887361519429,57.5796358275,1.17092659552,0.39260640171,23.4809466432,-0.302375586636,0.223572976725,0.980822069655,3.21235608066,1.0,614.621467679,1.28962605392
4129,5.18969236514,0.886890546267,57.5999219543,1.17134953474,0.392398023194,23.4586860541,-0.301414066948,0.223379066384,0.980981476286,3.21197586928,1.0,614.618664836,1.27427285463
4130,5.19094925358,0.886420378354,57.6201877634,1.17177261858,0.392190000954,23.4364188077,-0.300451914437,0.223185617801,0.981140068655,3.21159670922,1.0,614.615863801,1.25967947079
4131,5.19220614202,0.885951014664,57.6404332442,1.17219584676,0.391982334536,23.4141449201,-0.299489127106,0.222992629756,0.981297848523,3.2112185986,1.0,614.61306458,1.24574355142
4132,5.19346303046,0.885482454175,57.6606583861,1.17261921897,0.391775023489,23.3918644076,-0.298525702953,0.222800101031,0.981454817651,3.21084153553,1.0,614.610267176,1.2323838649
4133,5.1947199189,0.885014695867,57.6808631785,1.17304273493,0.391568067361,23.3695772866,-0.297561639966,0.222608030417,0.981610977801,3.21046551813,1.0,614.607471594,1.21953465851
4134,5.19597680734,0.884547738719,57.701047611,1.17346639433,0.3913614657,23.3472835733,-0.296596936128,0.222416416707,0.981766330735,3.21009054454,1.0,614.604677838,1.20714181873
4135,5.19723369578,0.884081581716,57.721211673,1.17389019687,0.391155218057,23.3249832841,-0.295631589409,0.222225258697,0.981920878216,3.20971661288,1.0,614.601885914,1.19516017575
4136,5.19849058422,0.883616223841,57.7413553541,1.17431414228,0.390949323982,23.3026764354,-0.294665597775,0.22203455519,0.982074622006,3.2093437213,1.0,614.599095824,1.18355156117
4137,5.19974747265,0.883151664081,57.7614786437,1.17473823024,0.390743783027,23.2803630436,-0.293698959181,0.221844304993,0.98222756387,3.20897186796,1.0,614.596307575,1.17228337654
4138,5.20100436109,0.882687901424,57.7815815314,1.17516246048,0.390538594744,23.2580431253,-0.292731671576,0.221654506917,0.982379705571,3.208601051,1.0,614.593521169,1.1613275176
4139,5.20226124953,0.882224934859,57.8016640067,1.17558683268,0.391216866723,23.2357166969,-0.2917637329,0.222033901188,0.982496559474,3.20838460708,1.0,614.599086248,1.15572215864
4140,5.20351813797,0.881762763378,57.8217260592,1.17601134657,0.39101191981,23.2133837749,-0.290795141083,0.221844331121,0.982647391217,3.20801498671,1.0,614.596307958,1.14518096485
4141,5.20477502641,0.881301385975,57.8417676784,1.17643600186,0.390807325026,23.191044376,-0.289825894048,0.221655211551,0.982797426754,3.20764639998,1.0,614.593531523,1.13489681076
4142,5.20603191485,0.880840801645,57.8617888541,1.17686079824,0.390603081924,23.1686985167,-0.288855989709,0.221466541299,0.982946667851,3.20727884506,1.0,614.590756946,1.12485191437
4143,5.20728880329,0.880381009384,57.8817895756,1.17728573544,0.390399190061,23.1463462137,-0.287885425974,0.221278319191,0.983095116277,3.20691232013,1.0,614.587984233,1.11503045751
4144,5.20854569173,0.879922008191,57.9017698328,1.17771081315,0.390195648991,23.1239874836,-0.286914200738,0.221090544058,0.983242773797,3.20654682337,1.0,614.585213388,1.10541829489
4145,5.20980258017,0.879463797067,57.9217296151,1.1781360311,0.389992458273,23.1016223432,-0.285942311891,0.220903214734,0.98338964218,3.20618235299,1.0,614.582444415,1.0960027164
4146,5.21105946861,0.879006375014,57.9416689123,1.17856138899,0.389789617462,23.0792508092,-0.284969757314,0.22071633006,0.983535723192,3.20581890718,1.0,614.579677318,1.0867722511
4147,5.21231635705,0.878549741035,57.961587714,1.17898688654,0.389587126118,23.0568728984,-0.283996534876,0.220529888878,0.983681018604,3.20545648416,1.0,614.576912102,1.07771650441
4148,5.21357324549,0.878093894137,57.9814860098,1.17941252345,0.3893849838,23.0344886276,-0.283022642443,0.220343890036,0.983825530182,3.20509508213,1.0,614.574148772,1.06882602172
4149,5.21483013392,0.877638833327,58.0013637895,1.17983829944,0.389183190067,23.0120980137,-0.282048077867,0.220158332386,0.983969259695,3.20473469932,1.0,614.571387331,1.06009217352
4150,5.21608702236,0.877184557613,58.0212210428,1.18026421423,0.388981744481,22.9897010735,-0.281072838994,0.219973214783,0.984112208913,3.20437533396,1.0,614.568627784,1.05150705798
4151,5.2173439108,0.876731066008,58.0410577593,1.18069026753,0.38965825527,22.967297824,-0.280096923661,0.220349661329,0.984223243281,3.20416006279,1.0,614.574234584,1.0469255779
4152,5.21860079924,0.876278357523,58.0608739288,1.18111645905,0.389457051499,22.9448882822,-0.279120329695,0.220164769004,0.984364906096,3.20380188858,1.0,614.571483198,1.03854352077
4153,5.21985768768,0.875826431174,58.0806695411,1.18154278851,0.389256195343,22.922472465,-0.278143054916,0.219980315168,0.984505792604,3.20344472918,1.0,614.568733715,1.03029321465
4154,5.22111457612,0.875375285975,58.1004445859,1.18196925563,0.389055686366,22.9000503895,-0.277165097132,0.219796298685,0.984645904577,3.20308858284,1.0,614.565986141,1.02216871708
4155,5.22237146456,0.874924920946,58.1201990529,1.18239586011,0.388855524131,22.8776220727,-0.276186454145,0.219612718429,0.984785243785,3.20273344781,1.0,614.563240481,1.0141645206
4156,5.223628353,0.874475335106,58.139932932,1.18282260169,0.388655708202,22.8551875318,-0.275207123746,0.219429573272,0.984923812,3.20237932235,1.0,614.560496737,1.00627550946
4157,5.22488524144,0.874026527476,58.159646213,1.18324948007,0.388456238144,22.832746784,-0.274227103719,0.219246862095,0.985061610994,3.20202620473,1.0,614.557754915,0.998496921619
4158,5.22614212988,0.87357849708,58.1793388856,1.18367649498,0.388257113524,22.8102998463,-0.273246391836,0.21906458378,0.98519864254,3.2016740932,1.0,614.555015019,0.990824315475
4159,5.22739901832,0.873131242942,58.1990109397,1.18410364613,0.388058333907,22.787846736,-0.272264985863,0.218882737214,0.985334908408,3.20132298605,1.0,614.552277054,0.983253540432
4160,5.22865590675,0.872684764089,58.2186623651,1.18453093324,0.387859898861,22.7653874704,-0.271282883554,0.218701321289,0.985470410373,3.20097288156,1.0,614.549541024,0.975780710882
4161,5.22991279519,0.87223905955,58.2382931517,1.18495835603,0.387661807955,22.7429220668,-0.270300082655,0.2185203349,0.985605150205,3.20062377801,1.0,614.546806932,0.968402183106
4162,5.23116968363,0.871794128354,58.2579032893,1.18538591423,0.387464060757,22.7204505425,-0.269316580903,0.218339776946,0.985739129678,3.2002756737,1.0,614.544074784,0.961114534698
4163,5.23242657207,0.871349969533,58.2774927679,1.18581360755,0.388138879022,22.6979729148,-0.268332376025,0.218713391137,0.985844371489,3.20006176512,1.0,614.549723197,0.957078050824
4164,5.23368346051,0.870906582122,58.2970615773,1.18624143571,0.387941374119,22.6754892013,-0.267347465739,0.218533055883,0.985977088486,3.19971484699,1.0,614.546999251,0.949915242634
4165,5.23494034895,0.870463965155,58.3166097074,1.18666939844,0.387744212407,22.6529994193,-0.266361847752,0.218353147565,0.986109049141,3.19936892559,1.0,614.544277259,0.942835667053
4166,5.23619723739,0.870022117669,58.3361371482,1.18709749546,0.387547393457,22.6305035863,-0.265375519765,0.218173665095,0.986240255228,3.19902399922,1.0,614.541557225,0.935836541411
4167,5.23745412583,0.869581038704,58.3556438896,1.18752572649,0.38735091684,22.6080017199,-0.264388479466,0.217994607383,0.986370708523,3.1986800662,1.0,614.538839153,0.92891523538
4168,5.23871101427,0.869140727299,58.3751299215,1.18795409126,0.38715478213,22.5854938376,-0.263400724534,0.217815973349,0.9865004108,3.19833712485,1.0,614.536123047,0.922069259549
4169,5.23996790271,0.868701182497,58.3945952339,1.18838258949,0.3869589889,22.5629799571,-0.262412252641,0.217637761914,0.986629363833,3.19799517351,1.0,614.533408912,0.915296255069
4170,5.24122479115,0.868262403342,58.4140398168,1.18881122091,0.386763536724,22.540460096,-0.261423061446,0.217459972001,0.986757569398,3.1976542105,1.0,614.530696752,0.908593984264
4171,5.24248167959,0.867824388879,58.4334636601,1.18923998523,0.386568425177,22.5179342719,-0.260433148599,0.217282602541,0.98688502927,3.19731423416,1.0,614.527986571,0.901960322088
4172,5.24373856802,0.867387138156,58.452866754,1.18966888219,0.386373653834,22.4954025026,-0.259442511742,0.217105652467,0.987011745223,3.19697524285,1.0,614.525278374,0.895393248344
4173,5.24499545646,0.866950650222,58.4722490883,1.19009791152,0.386179222272,22.4728648059,-0.258451148505,0.216929120714,0.987137719032,3.1966372349,1.0,614.522572165,0.888890840581
4174,5.2462523449,0.866514924128,58.4916106532,1.19052707293,0.385985130068,22.4503211995,-0.25745905651,0.216753006224,0.987262952473,3.19630020867,1.0,614.519867948,0.882451267592
4175,5.24750923334,0.866079958927,58.5109514386,1.19095636616,0.386658323699,22.4277717014,-0.256466233368,0.217123899847,0.987362432882,3.19608784859,1.0,614.525557852,0.878757396219
4176,5.24876612178,0.865645753672,58.5302714347,1.19138579093,0.386464474306,22.4052163293,-0.255472676679,0.216948005629,0.987486428131,3.19575200399,1.0,614.522861879,0.872403982997
4177,5.25002301022,0.865212307419,58.5495706315,1.19181534698,0.386270963766,22.3826551013,-0.254478384035,0.216772527235,0.987609687056,3.19541713871,1.0,614.520167907,0.866109223345
4178,5.25127989866,0.864779619227,58.5688490191,1.19224503403,0.386077791661,22.3600880353,-0.253483353016,0.216597463615,0.987732211432,3.19508325112,1.0,614.517475942,0.859871560625
4179,5.2525367871,0.864347688154,58.5881065876,1.19267485181,0.385884957568,22.3375151493,-0.252487581194,0.216422813723,0.987854003037,3.19475033959,1.0,614.514785988,0.853689506268
4180,5.25379367554,0.863916513263,58.6073433271,1.19310480005,0.38569246107,22.3149364614,-0.251491066129,0.216248576518,0.987975063646,3.19441840251,1.0,614.512098048,0.847561635668
4181,5.25505056398,0.863486093614,58.6265592278,1.19353487848,0.385500301747,22.2923519896,-0.250493805371,0.21607475096,0.988095395037,3.19408743826,1.0,614.509412127,0.841486584411
4182,5.25630745242,0.863056428274,58.6457542797,1.19396508684,0.385308479183,22.2697617521,-0.249495796461,0.215901336016,0.988214998985,3.19375744525,1.0,614.50672823,0.835463044762
4183,5.25756434085,0.862627516307,58.6649284731,1.19439542485,0.38511699296,22.2471657671,-0.248497036927,0.215728330654,0.988333877267,3.19342842186,1.0,614.50404636,0.82948976243
4184,5.25882122929,0.862199356783,58.6840817981,1.19482589224,0.384925842662,22.2245640528,-0.24749752429,0.215555733847,0.98845203166,3.1931003665,1.0,614.501366522,0.823565533557
4185,5.26007811773,0.861771948771,58.7032142449,1.19525648876,0.384735027873,22.2019566274,-0.246497256058,0.215383544571,0.988569463939,3.19277327758,1.0,614.49868872,0.817689201922
4186,5.26133500617,0.861345291341,58.7223258037,1.19568721412,0.38454454818,22.1793435093,-0.24549622973,0.215211761808,0.988686175881,3.19244715352,1.0,614.496012959,0.811859656345
4187,5.26259189461,0.860919383568,58.7414164646,1.19611806808,0.384354403168,22.1567247168,-0.244494442792,0.21504038454,0.988802169261,3.19212199273,1.0,614.493339242,0.806075828267
4188,5.26384878305,0.860494224525,58.7604862181,1.19654905035,0.385025947998,22.1341002683,-0.243491892723,0.215408478472,0.988895428624,3.19191157745,1.0,614.499076746,0.802635444867
4189,5.26510567149,0.860069813289,58.7795350541,1.19698016067,0.384836046274,22.1114701823,-0.242488576989,0.21523731883,0.989010210736,3.19158759339,1.0,614.496411317,0.796913893638
4190,5.26636255993,0.859646148939,58.7985629631,1.19741139879,0.384646478741,22.0888344771,-0.241484493044,0.215066563307,0.989124278357,3.19126457031,1.0,614.493747943,0.791235584077
4191,5.26761944837,0.859223230553,58.8175699353,1.19784276443,0.384457244989,22.0661931714,-0.240479638335,0.214896210896,0.989237633263,3.19094250664,1.0,614.491086627,0.785599579457
4192,5.26887633681,0.858801057214,58.8365559609,1.19827425733,0.384268344606,22.0435462836,-0.239474010295,0.214726260595,0.98935027723,3.19062140082,1.0,614.488427374,0.790791350134
4193,5.27013322525,0.858379628004,58.8555210303,1.19870587723,0.384079777182,22.0208938325,-0.238467606348,0.214556711404,0.989462212037,3.19030125128,1.0,614.485770187,0.796345422279
4194,5.27139011368,0.857958942008,58.8744651338,1.19913762387,0.383891542307,21.9982358367,-0.237460423905,0.214387562326,0.98957343946,3.18998205649,1.0,614.483115072,0.801859804557
4195,5.27264700212,0.857538998313,58.8933882616,1.19956949698,0.383703639572,21.9755723148,-0.236452460369,0.214218812369,0.989683961276,3.1896638149,1.0,614.480462032,0.807335308833
4196,5.27390389056,0.857119796007,58.9122904042,1.20000149629,0.383516068571,21.9529032856,-0.235443713128,0.214050460544,0.98979377926,3.18934652495,1.0,614.477811072,0.812772719419
4197,5.275160779,0.85670133418,58.9311715518,1.20043362156,0.383328828894,21.9302287679,-0.234434179561,0.213882505866,0.989902895189,3.18903018513,1.0,614.475162195,0.818172794372
4198,5.27641766744,0.856283611923,58.9500316948,1.20086587252,0.383141920137,21.9075487806,-0.233423857038,0.213714947353,0.99001131084,3.18871479389,1.0,614.472515406,0.823536266701
4199,5.27767455588,0.85586662833,58.9688708236,1.2012982489,0.382955341892,21.8848633424,-0.232412742914,0.213547784026,0.990119027988,3.18840034971,1.0,614.46987071,0.828863845518
4200,5.27893144432,0.855450382495,58.9876889286,1.20173075045,0.383625400438,21.8621724724,-0.231400834535,0.213913379101,0.990206605789,3.18819185582,1.0,614.475649421,0.832137861148
4201,5.28018833276,0.855034873515,59.0064860001,1.20216337691,0.383439066081,21.8394761895,-0.230388129234,0.213746431279,0.990313136659,3.18787858459,1.0,614.47301305,0.837416959068
4202,5.2814452212,0.854620100488,59.0252620287,1.20259612802,0.383253061761,21.8167745127,-0.229374624334,0.213579877322,0.990418973117,3.18756625822,1.0,614.470378781,0.842661821647
4203,5.28270210964,0.854206062515,59.0440170047,1.20302900352,0.383067387074,21.7940674611,-0.228360317146,0.21341371626,0.99052411694,3.18725487519,1.0,614.467746617,0.847873082766
4204,5.28395899808,0.853792758696,59.0627509185,1.20346200315,0.382882041618,21.7713550538,-0.22734520497,0.213247947127,0.990628569904,3.18694443399,1.0,614.465116563,0.853051356785
4205,5.28521588652,0.853380188135,59.0814637606,1.20389512666,0.38269702499,21.74863731,-0.226329285094,0.213082568961,0.990732333786,3.18663493312,1.0,614.462488623,0.858197239367
4206,5.28647277495,0.852968349937,59.1001555216,1.20432837379,0.382512336789,21.7259142488,-0.225312554793,0.212917580802,0.990835410362,3.18632637108,1.0,614.459862802,0.863311308272
4207,5.28772966339,0.852557243208,59.1188261918,1.20476174428,0.382327976614,21.7031858895,-0.224295011333,0.212752981696,0.990937801407,3.18601874637,1.0,614.457239103,0.868394124091
4208,5.28898655183,0.852146867057,59.1374757617,1.20519523788,0.382143944066,21.6804522514,-0.223276651965,0.212588770688,0.991039508697,3.1857120575,1.0,614.45461753,0.873446230963
4209,5.29024344027,0.851737220593,59.1561042219,1.20562885433,0.381960238745,21.6577133539,-0.222257473932,0.212424946831,0.991140534007,3.185406303,1.0,614.451998088,0.87846815723
4210,5.29150032871,0.851328302928,59.174711563,1.20606259337,0.381776860252,21.6349692164,-0.221237474462,0.212261509178,0.991240879111,3.18510148138,1.0,614.449380782,0.883460416083
4211,5.29275721715,0.850920113176,59.1932977753,1.20649645476,0.381593808191,21.6122198582,-0.220216650773,0.212098456788,0.991340545785,3.18479759116,1.0,614.446765614,0.888423506154
4212,5.29401410559,0.85051265045,59.2118628495,1.20693043823,0.381411082164,21.5894652989,-0.219195000068,0.211935788722,0.991439535803,3.18449463087,1.0,614.444152589,0.89335791209
4213,5.29527099403,0.850105913868,59.2304067761,1.20736454354,0.381228681775,21.5667055581,-0.218172519542,0.211773504044,0.991537850938,3.18419259905,1.0,614.441541712,0.898264105097
4214,5.29652788247,0.849699902548,59.2489295458,1.20779877042,0.381897157074,21.5439406553,-0.217149206375,0.212136361114,0.991618823251,3.18398668091,1.0,614.447373914,0.901392274207
4215,5.29778477091,0.849294615609,59.267431149,1.20823311864,0.381715001083,21.5211706101,-0.216125057737,0.211974289302,0.991715982097,3.18368581728,1.0,614.444771408,0.906260829831
4216,5.29904165935,0.848890052173,59.2859115765,1.20866758792,0.381533170269,21.4983954423,-0.215100070782,0.211812599619,0.991812470173,3.18338588,1.0,614.442171058,0.911102282846
4217,5.30029854778,0.848486211363,59.3043708187,1.20910217804,0.38135166424,21.4756151716,-0.214074242656,0.211651291139,0.991908289254,3.18308686762,1.0,614.43957287,0.915917061527
4218,5.30155543622,0.848083092303,59.3228088664,1.20953688872,0.3811704826,21.4528298178,-0.213047570489,0.211490362936,0.992003441114,3.1827887787,1.0,614.436976845,0.920705582833
4219,5.30281232466,0.847680694121,59.3412257102,1.20997171973,0.380989624959,21.4300394007,-0.212020051402,0.211329814092,0.992097927527,3.18249161178,1.0,614.43438299,0.925468252819
4220,5.3040692131,0.847279015944,59.3596213407,1.21040667081,0.380809090923,21.4072439401,-0.210991682501,0.211169643689,0.992191750266,3.18219536543,1.0,614.431791308,0.930205467033
4221,5.30532610154,0.846878056901,59.3779957487,1.21084174171,0.380628880102,21.3844434562,-0.20996246088,0.211009850812,0.992284911104,3.18190003821,1.0,614.429201803,0.93491761089
4222,5.30658298998,0.846477816125,59.3963489247,1.21127693218,0.380448992106,21.3616379687,-0.20893238362,0.210850434551,0.992377411814,3.18160562869,1.0,614.426614479,0.939605060033
4223,5.30783987842,0.846078292748,59.4146808595,1.21171224197,0.380269426544,21.3388274979,-0.20790144779,0.210691393998,0.992469254168,3.18131213543,1.0,614.424029341,0.944268180672
4224,5.30909676686,0.845679485904,59.4329915438,1.21214767084,0.380090183027,21.3160120637,-0.206869650445,0.21053272825,0.992560439938,3.18101955702,1.0,614.421446392,0.948907329919
4225,5.3103536553,0.84528139473,59.4512809683,1.21258321853,0.379911261168,21.2931916864,-0.20583698863,0.210374436404,0.992650970895,3.18072789202,1.0,614.418865636,0.95352285609
4226,5.31161054374,0.844884018363,59.4695491238,1.21301888481,0.379732660579,21.270366386,-0.204803459374,0.210216517562,0.99274084881,3.18043713903,1.0,614.416287079,0.958115099015
4227,5.31286743218,0.844487355943,59.487796001,1.21345466941,0.380399713555,21.247536183,-0.203769059694,0.210576929956,0.99281576561,3.18023376437,1.0,614.422166352,0.961142802503
4228,5.31412432062,0.844091406612,59.5060215906,1.2138905721,0.380221358,21.2247010975,-0.202733786594,0.210419221859,0.992904515263,3.17994417581,1.0,614.419596204,0.965704387151
4229,5.31538120905,0.843696169511,59.5242258835,1.21432659263,0.38004332327,21.20186115,-0.201697637066,0.210261885562,0.992992616004,3.17965549723,1.0,614.417028262,0.970243493615
4230,5.31663809749,0.843301643785,59.5424088704,1.21476273075,0.379865608979,21.1790163608,-0.200660608086,0.210104920177,0.993080069606,3.17936772722,1.0,614.414462531,0.97476043433
4231,5.31789498593,0.842907828581,59.5605705421,1.21519898622,0.379688214743,21.1561667504,-0.199622696619,0.209948324817,0.99316687784,3.17908086439,1.0,614.411899015,0.979255514436
4232,5.31915187437,0.842514723044,59.5787108894,1.2156353588,0.379511140177,21.1333123393,-0.198583899617,0.209792098597,0.993253042474,3.17879490734,1.0,614.409337718,0.983729032011
4233,5.32040876281,0.842122326326,59.5968299033,1.21607184823,0.379334384899,21.1104531481,-0.197544214017,0.209636240638,0.993338565281,3.17850985467,1.0,614.406778643,0.988181278294
4234,5.32166565125,0.841730637576,59.6149275744,1.21650845428,0.379157948525,21.0875891975,-0.196503636743,0.209480750061,0.993423448028,3.178225705,1.0,614.404221796,0.992612537905
4235,5.32292253969,0.841339655948,59.6330038937,1.21694517669,0.378981830674,21.064720508,-0.195462164706,0.209325625994,0.993507692485,3.17794245694,1.0,614.401667179,0.997023089053
4236,5.32417942813,0.840949380594,59.6510588521,1.21738201524,0.378806030965,21.0418471005,-0.194419794803,0.209170867563,0.993591300419,3.17766010911,1.0,614.399114798,1.00141320374
4237,5.32543631657,0.840559810671,59.6690924403,1.21781896967,0.378630549018,21.0189689957,-0.193376523917,0.209016473901,0.993674273601,3.17737866013,1.0,614.396564656,1.00578314793
4238,5.32669320501,0.840170945336,59.6871046494,1.21825603974,0.378455384452,20.9960862145,-0.192332348918,0.208862444144,0.993756613795,3.17709810863,1.0,614.394016757,1.01013318177
4239,5.32795009345,0.839782783747,59.7050954701,1.21869322522,0.37828053689,20.9731987778,-0.191287266662,0.208708777428,0.99383832277,3.17681845324,1.0,614.391471105,1.01446355975
4240,5.32920698188,0.839395325066,59.7230648935,1.21913052585,0.378106005953,20.9503067065,-0.190241273991,0.208555472895,0.993919402292,3.17653969259,1.0,614.388927704,1.01877453086
4241,5.33046387032,0.839008568454,59.7410129105,1.2195679414,0.378771639673,20.9274100217,-0.189194367731,0.208913398394,0.993987858821,3.1763393184,1.0,614.394860039,1.02171869084
4242,5.33172075876,0.838622513075,59.758939512,1.22000547164,0.378597354411,20.9045087443,-0.188146544698,0.208760302357,0.994067840827,3.17606171812,1.0,614.392325089,1.02600450747
4243,5.3329776472,0.838237158094,59.776844689,1.22044311631,0.378423385346,20.8816028957,-0.18709780169,0.208607567357,0.994147197527,3.17578501064,1.0,614.389792399,1.03027150979
4244,5.33423453564,0.837852502679,59.7947284324,1.22088087518,0.3782497321,20.8586924968,-0.186048135493,0.208455192541,0.994225930687,3.17550919461,1.0,614.387261973,1.03451992894
4245,5.33549142408,0.837468545997,59.8125907332,1.22131874801,0.378076394299,20.8357775691,-0.184997542879,0.208303177063,0.994304042073,3.17523426867,1.0,614.384733815,1.03874999126
4246,5.33674831252,0.837085287218,59.8304315825,1.22175673456,0.377903371567,20.8128581337,-0.183946020603,0.208151520077,0.99438153345,3.17496023147,1.0,614.382207929,1.04296191842
4247,5.33800520096,0.836702725515,59.8482509712,1.2221948346,0.377730663531,20.789934212,-0.182893565408,0.208000220739,0.994458406584,3.17468708168,1.0,614.379684319,1.04715592757
4248,5.3392620894,0.83632086006,59.8660488904,1.22263304788,0.377558269817,20.7670058255,-0.181840174023,0.207849278211,0.994534663237,3.17441481795,1.0,614.377162989,1.05133223145
4249,5.34051897784,0.835939690029,59.8838253311,1.22307137417,0.377386190053,20.7440729957,-0.18078584316,0.207698691656,0.994610305174,3.17414343894,1.0,614.374643943,1.0554910385
4250,5.34177586628,0.835559214597,59.9015802843,1.22350981322,0.377214423867,20.721135744,-0.179730569518,0.20754846024,0.994685334158,3.17387294332,1.0,614.372127185,1.05963255304
4251,5.34303275472,0.835179432943,59.9193137412,1.22394836482,0.377042970889,20.6981940921,-0.17867434978,0.207398583133,0.99475975195,3.17360332976,1.0,614.369612719,1.0637569753
4252,5.34428964315,0.834800344247,59.9370256928,1.22438702871,0.376871830746,20.6752480616,-0.177617180616,0.207249059507,0.994833560312,3.17333459693,1.0,614.36710055,1.06786450162
4253,5.34554653159,0.834421947689,59.9547161302,1.22482580466,0.376701003071,20.6522976742,-0.176559058679,0.207099888536,0.994906761006,3.17306674351,1.0,614.36459068,1.07195532448
4254,5.34680342003,0.834044242453,59.9723850445,1.22526469245,0.376530487494,20.6293429517,-0.175499980609,0.206951069398,0.994979355792,3.17279976818,1.0,614.362083115,1.07602963263
4255,5.34806030847,0.833667227722,59.9900324268,1.22570369182,0.377194785369,20.606383916,-0.174439943029,0.20730663194,0.995041437444,3.17260260585,1.0,614.368068263,1.0789099426
4256,5.34931719691,0.833290902683,60.0076582682,1.22614280255,0.377024516182,20.583420589,-0.173378942549,0.207158019247,0.995112965826,3.17233678711,1.0,614.365569187,1.08296321106
4257,5.35057408535,0.832915266523,60.02526256,1.22658202441,0.37685455868,20.5604529925,-0.172316975762,0.207009757297,0.99518389246,3.1720718446,1.0,614.363072423,1.08700041575
4258,5.35183097379,0.832540318431,60.0428452932,1.22702135715,0.376684912497,20.5374811487,-0.171254039246,0.206861845276,0.995254219108,3.17180777699,1.0,614.360577975,1.09102173325
4259,5.35308786223,0.832166057598,60.0604064589,1.22746080056,0.376515577265,20.5145050795,-0.170190129564,0.20671428237,0.995323947528,3.17154458298,1.0,614.358085848,1.0950273368
4260,5.35434475067,0.831792483215,60.0779460485,1.22790035438,0.376346552619,20.4915248072,-0.169125243264,0.206567067772,0.995393079479,3.17128226127,1.0,614.355596046,1.09901739645
4261,5.35560163911,0.831419594478,60.0954640531,1.2283400184,0.376177838196,20.468540354,-0.168059376877,0.206420200674,0.99546161672,3.17102081057,1.0,614.353108571,1.10299207909
4262,5.35685852755,0.831047390581,60.1129604639,1.22877979238,0.37600943363,20.4455517421,-0.16699252692,0.206273680275,0.995529561007,3.17076022956,1.0,614.350623429,1.10695154858
4263,5.35811541598,0.830675870721,60.1304352721,1.22921967609,0.375841338558,20.4225589939,-0.165924689893,0.206127505771,0.995596914098,3.17050051696,1.0,614.348140623,1.11089596577
4264,5.35937230442,0.830305034097,60.147888469,1.2296596693,0.375673552618,20.3995621317,-0.164855862281,0.205981676367,0.99566367775,3.17024167147,1.0,614.345660158,1.11482548861
4265,5.36062919286,0.829934879908,60.1653200458,1.23009977177,0.375506075447,20.376561178,-0.163786040552,0.205836191267,0.995729853716,3.16998369182,1.0,614.343182036,1.11874027224
4266,5.3618860813,0.829565407356,60.1827299937,1.23053998328,0.375338906685,20.3535561554,-0.162715221159,0.205691049678,0.995795443752,3.16972657671,1.0,614.340706263,1.12264046901
4267,5.36314296974,0.829196615645,60.2001183041,1.2309803036,0.375172045971,20.3305470865,-0.16164340054,0.205546250812,0.995860449612,3.16947032487,1.0,614.338232841,1.12652622859
4268,5.36439985818,0.828828503979,60.2174849682,1.23142073249,0.375005492945,20.3075339938,-0.160570575114,0.20540179388,0.995924873049,3.16921493501,1.0,614.335761776,1.13039769801
4269,5.36565674662,0.828461071564,60.2348299774,1.23186126973,0.374839247248,20.2845169002,-0.159496741286,0.2052576781,0.995988715816,3.16896040587,1.0,614.33329307,1.13425502174
4270,5.36691363506,0.828094317609,60.2521533228,1.23230191509,0.375502231755,20.2614958284,-0.158421895443,0.205610861255,0.996044060108,3.16876695395,1.0,614.339336934,1.13708263415
4271,5.3681705235,0.827728241322,60.269454996,1.23274266834,0.375336233199,20.2384708012,-0.157346033958,0.205466949804,0.99610687035,3.16851357732,1.0,614.336876758,1.14092229715
4272,5.36942741194,0.827362841915,60.2867349881,1.23318352926,0.375170541576,20.2154418417,-0.156269153185,0.205323378471,0.996169104094,3.16826105961,1.0,614.33441895,1.14474816082
4273,5.37068430038,0.8269981186,60.3039932906,1.23362449761,0.375005156529,20.1924089727,-0.155191249464,0.205180146479,0.996230763092,3.16800939955,1.0,614.331963513,1.14856036115
4274,5.37194118881,0.826634070591,60.3212298948,1.23406557317,0.374840077702,20.1693722173,-0.154112319114,0.205037253052,0.996291849096,3.16775859586,1.0,614.329510453,1.15235903188
4275,5.37319807725,0.826270697103,60.3384447921,1.23450675571,0.374675304739,20.1463315987,-0.153032358442,0.204894697419,0.996352363855,3.16750864731,1.0,614.327059772,1.15614430446
4276,5.37445496569,0.825907997355,60.3556379739,1.23494804501,0.374510837286,20.12328714,-0.151951363736,0.204752478811,0.99641230912,3.16725955261,1.0,614.324611476,1.15991630815
4277,5.37571185413,0.825545970563,60.3728094316,1.23538944084,0.374346674987,20.1002388646,-0.150869331266,0.204610596461,0.996471686639,3.16701131053,1.0,614.322165566,1.16367517008
4278,5.37696874257,0.82518461595,60.3899591565,1.23583094297,0.37418281749,20.0771867956,-0.149786257287,0.204469049607,0.996530498161,3.16676391981,1.0,614.319722048,1.16742101526
4279,5.37822563101,0.824823932736,60.4070871402,1.23627255118,0.37401926444,20.0541309566,-0.148702138036,0.204327837486,0.996588745432,3.1665173792,1.0,614.317280926,1.17115396665
4280,5.37948251945,0.824463920144,60.4241933741,1.23671426524,0.373856015488,20.031071371,-0.147616969732,0.20418695934,0.9966464302,3.16627168745,1.0,614.314842202,1.17487414521
4281,5.38073940789,0.8241045774,60.4412778496,1.23715608494,0.373693070279,20.0080080624,-0.146530748577,0.204046414414,0.99670355421,3.16602684334,1.0,614.312405882,1.17858166994
4282,5.38199629633,0.82374590373,60.4583405582,1.23759801004,0.373530428465,19.9849410543,-0.145443470758,0.203906201954,0.996760119207,3.1657828456,1.0,614.309971969,1.18227665793
4283,5.38325318477,0.823387898361,60.4753814914,1.23804004033,0.373368089694,19.9618703704,-0.14435513244,0.203766321209,0.996816126935,3.16553969301,1.0,614.307540466,1.18595922438
4284,5.38451007321,0.823030560524,60.4924006407,1.23848217557,0.373206053618,19.9387960345,-0.143265729774,0.203626771432,0.996871579138,3.16529738434,1.0,614.305111378,1.18962948266
4285,5.38576696165,0.822673889449,60.5093979975,1.23892441556,0.373867817267,19.9157180703,-0.142175258891,0.203977707803,0.9969203017,3.16510786888,1.0,614.31121364,1.19241757622
4286,5.38702385008,0.822317884368,60.5263735534,1.23936676005,0.373706029172,19.8926365019,-0.141083715907,0.203838360463,0.996974755623,3.16486670886,1.0,614.30879312,1.19607280027
4287,5.38828073852,0.821962544515,60.5433273,1.23980920884,0.373544543393,19.8695513531,-0.139991096916,0.203699343111,0.997028658201,3.16462639102,1.0,614.306375021,1.19971598884
4288,5.38953762696,0.821607869127,60.5602592287,1.24025176171,0.373383359583,19.8464626481,-0.138897397999,0.203560655006,0.997082011177,3.16438691412,1.0,614.30395935,1.20334724925
4289,5.3907945154,0.821253857439,60.5771693311,1.24069441842,0.373222477395,19.8233704108,-0.137802615214,0.203422295409,0.997134816293,3.16414827695,1.0,614.301546108,1.20696668714
4290,5.39205140384,0.820900508692,60.5940575989,1.24113717876,0.373061896483,19.8002746655,-0.136706744604,0.203284263583,0.997187075288,3.16391047827,1.0,614.299135301,1.21057440653
4291,5.39330829228,0.820547822123,60.6109240235,1.24158004251,0.372901616501,19.7771754365,-0.135609782192,0.203146558795,0.997238789904,3.16367351688,1.0,614.296726932,1.21417050985
4292,5.39456518072,0.820195796976,60.6277685966,1.24202300945,0.372741637104,19.754072748,-0.134511723984,0.203009180314,0.997289961879,3.16343739156,1.0,614.294321004,1.21775509795
4293,5.39582206916,0.819844432493,60.6445913098,1.24246607935,0.37258195795,19.7309666246,-0.133412565966,0.202872127411,0.997340592952,3.16320210109,1.0,614.291917522,1.22132827017
4294,5.3970789576,0.81949372792,60.6613921547,1.24290925201,0.372422578694,19.7078570906,-0.132312304107,0.202735399359,0.997390684859,3.16296764427,1.0,614.28951649,1.22489012436
4295,5.39833584604,0.819143682501,60.678171123,1.2433525272,0.372263498994,19.6847441707,-0.131210934356,0.202598995435,0.997440239336,3.16273401988,1.0,614.287117911,1.22844075689
4296,5.39959273448,0.818794295484,60.6949282062,1.2437959047,0.372104718509,19.6616278895,-0.130108452644,0.202462914918,0.997489258121,3.16250122672,1.0,614.284721789,1.2319802627
4297,5.40084962291,0.81844556612,60.7116633961,1.24423938429,0.371946236895,19.6385082716,-0.129004854881,0.202327157089,0.997537742946,3.1622692636,1.0,614.282328127,1.23550873532
4298,5.40210651135,0.818097493658,60.7283766843,1.24468296576,0.371788053815,19.6153853419,-0.127900136962,0.202191721231,0.997585695546,3.1620381293,1.0,614.279936931,1.2390262669
4299,5.40336339979,0.81775007735,60.7450680625,1.24512664889,0.371630168926,19.5922591253,-0.126794294759,0.202056606631,0.997633117654,3.16180782263,1.0,614.277548203,1.24253294826
4300,5.40462028823,0.817403316451,60.7617375225,1.24557043346,0.371472581891,19.5691296467,-0.125687324128,0.201921812578,0.997680011001,3.1615783424,1.0,614.275161947,1.24602886887
4301,5.40587717667,0.817057210215,60.7783850558,1.24601431926,0.372133167449,19.5459969311,-0.124579220901,0.202270510896,0.997721800165,3.16139330164,1.0,614.281328397,1.24878560284
4302,5.40713406511,0.816711757899,60.7950106543,1.24645830607,0.371975829307,19.5228610036,-0.123469980896,0.202135917386,0.997767732276,3.16116496584,1.0,614.278950748,1.25226870785
4303,5.40839095355,0.816366958761,60.8116143097,1.24690239367,0.371818788658,19.4997218894,-0.122359599909,0.202001643499,0.997813139812,3.16093745479,1.0,614.276575578,1.25574126806
4304,5.40964784199,0.81602281206,60.8281960137,1.24734658184,0.371662045166,19.4765796138,-0.121248073715,0.20186768853,0.997858024506,3.1607107673,1.0,614.274202891,1.25920336856
4305,5.41090473043,0.815679317059,60.8447557581,1.24779087038,0.371505598494,19.4534342021,-0.12013539807,0.201734051776,0.997902388086,3.16048490219,1.0,614.271832692,1.26265509321
4306,5.41216161887,0.815336473019,60.8612935347,1.24823525907,0.371349448305,19.4302856797,-0.119021568713,0.201600732537,0.997946232281,3.16025985826,1.0,614.269464985,1.26609652472
4307,5.41341850731,0.814994279204,60.8778093352,1.24867974768,0.371193594266,19.4071340722,-0.117906581359,0.201467730116,0.997989558819,3.16003563434,1.0,614.267099772,1.2695277446
4308,5.41467539575,0.814652734881,60.8943031515,1.24912433602,0.37103803604,19.383979405,-0.116790431705,0.201335043816,0.998032369427,3.15981222926,1.0,614.264737058,1.27294883323
4309,5.41593228418,0.814311839316,60.9107749754,1.24956902386,0.370882773295,19.360821704,-0.115673115427,0.201202672946,0.998074665831,3.15958964183,1.0,614.262376847,1.27635986988
4310,5.41718917262,0.813971591778,60.9272247986,1.250013811,0.370727805698,19.3376609948,-0.114554628181,0.201070616813,0.998116449756,3.15936787087,1.0,614.260019142,1.27976093271
4311,5.41844606106,0.813631991536,60.9436526131,1.25045869721,0.370573132915,19.3144973032,-0.113434965603,0.20093887473,0.998157722926,3.15914691522,1.0,614.257663947,1.28315209878
4312,5.4197029495,0.813293037863,60.9600584107,1.25090368229,0.370418754616,19.2913306553,-0.112314123307,0.200807446011,0.998198487064,3.15892677371,1.0,614.255311266,1.28653344413
4313,5.42095983794,0.812954730031,60.9764421832,1.25134876602,0.370264670468,19.2681610769,-0.111192096889,0.200676329971,0.998238743892,3.15870744517,1.0,614.252961102,1.28990504374
4314,5.42221672638,0.812617067315,60.9928039225,1.25179394819,0.370110880142,19.2449885942,-0.110068881922,0.200545525931,0.998278495131,3.15848892843,1.0,614.25061346,1.29326697157
4315,5.42347361482,0.812280048991,61.0091436206,1.2522392286,0.369957383308,19.2218132334,-0.108944473957,0.200415033211,0.998317742501,3.15827122233,1.0,614.248268343,1.29661930057
4316,5.42473050326,0.811943674336,61.0254612693,1.25268460702,0.369804179636,19.1986350206,-0.107818868528,0.200284851133,0.998356487721,3.15805432571,1.0,614.245925754,1.29996210272
4317,5.4259873917,0.81160794263,61.0417568605,1.25313008325,0.370463689155,19.1754539823,-0.106692061145,0.200631452094,0.998391495101,3.15787399795,1.0,614.25215599,1.30269688181
4318,5.42724428014,0.811272853151,61.0580303862,1.25357565708,0.370310735399,19.1522701448,-0.105564047296,0.200501468911,0.998429316481,3.15765824163,1.0,614.249822042,1.30602864295
4319,5.42850116858,0.810938405184,61.0742818382,1.25402132829,0.370158074465,19.1290835347,-0.104434822449,0.200371795501,0.9984666399,3.15744329316,1.0,614.247490631,1.30935105153
4320,5.42975805701,0.810604598009,61.0905112087,1.25446709668,0.370005706025,19.1058941786,-0.103304382052,0.200242431193,0.998503467075,3.15722915136,1.0,614.24516176,1.31266417626
4321,5.43101494545,0.810271430913,61.1067184894,1.25491296204,0.369853629753,19.0827021031,-0.102172721529,0.20011337532,0.998539799723,3.1570158151,1.0,614.242835432,1.31596808494
4322,5.43227183389,0.809938903182,61.1229036724,1.25535892416,0.369701845323,19.0595073351,-0.101039836282,0.199984627214,0.998575639559,3.15680328321,1.0,614.240511651,1.31926284448
4323,5.43352872233,0.809607014103,61.1390667498,1.25580498283,0.36955035241,19.0363099014,-0.0999057216942,0.199856186213,0.998610988299,3.15659155455,1.0,614.238190421,1.32254852089
4324,5.43478561077,0.809275762966,61.1552077134,1.25625113784,0.36939915069,19.013109829,-0.0987703731234,0.199728051655,0.998645847655,3.15638062796,1.0,614.235871745,1.32582517936
4325,5.43604249921,0.808945149061,61.1713265553,1.25669738899,0.369248239838,18.9899071449,-0.0976337859072,0.19960022288,0.99868021934,3.15617050232,1.0,614.233555628,1.32909288421
4326,5.43729938765,0.80861517168,61.1874232676,1.25714373606,0.369097619532,18.9667018763,-0.0964959553606,0.199472699231,0.998714105065,3.15596117647,1.0,614.231242073,1.33235169892
4327,5.43855627609,0.808285830117,61.2034978423,1.25759017885,0.36894728945,18.9434940503,-0.0953568767761,0.199345480053,0.99874750654,3.15575264927,1.0,614.228931084,1.33560168619
4328,5.43981316453,0.807957123667,61.2195502713,1.25803671715,0.368797249268,18.9202836943,-0.0942165454238,0.199218564695,0.998780425474,3.15554491958,1.0,614.226622664,1.33884290788
4329,5.44107005297,0.807629051626,61.2355805469,1.25848335075,0.368647498667,18.8970708358,-0.0930749565514,0.199091952505,0.998812863576,3.15533798627,1.0,614.224316816,1.34207542509
4330,5.44232694141,0.807301613292,61.2515886611,1.25893007945,0.368498037325,18.8738555021,-0.0919321053836,0.198965642836,0.998844822553,3.1551318482,1.0,614.222013546,1.34529929814
4331,5.44358382984,0.806974807964,61.2675746059,1.25937690305,0.368348864923,18.850637721,-0.0907879871224,0.198839635041,0.99887630411,3.15492650424,1.0,614.219712856,1.34851458657
4332,5.44484071828,0.806648634943,61.2835383735,1.25982382133,0.368199981142,18.8274175201,-0.0896425969467,0.198713928478,0.998907309952,3.15472195325,1.0,614.21741475,1.35172134919
4333,5.44609760672,0.806323093532,61.299479956,1.26027083409,0.368051385663,18.8041949272,-0.0884959300125,0.198588522503,0.998937841784,3.15451819412,1.0,614.215119231,1.35491964407
4334,5.44735449516,0.805998183034,61.3153993456,1.26071794113,0.36870988315,18.7809699702,-0.0873479814524,0.198933059411,0.998965815802,3.15434315421,1.0,614.221418908,1.35763895135
4335,5.4486113836,0.805673902754,61.3312965342,1.26116514224,0.368561538717,18.757742677,-0.0861987463756,0.198807850741,0.998995463998,3.15414053078,1.0,614.219132066,1.36082773515
4336,5.44986827204,0.805350251999,61.3471715142,1.26161243722,0.368413482266,18.7345130757,-0.0850482198681,0.198682941844,0.999024642371,3.15393869759,1.0,614.216847819,1.36400819236
4337,5.45112516048,0.805027230077,61.3630242777,1.26205982586,0.368265713479,18.7112811946,-0.0838963969918,0.198558332084,0.999053352622,3.15373765352,1.0,614.21456617,1.36718037859
4338,5.45238204892,0.804704836297,61.3788548169,1.26250730796,0.36811823204,18.6880470618,-0.0827432727852,0.198434020829,0.999081596452,3.15353739744,1.0,614.212287124,1.37034434876
4339,5.45363893736,0.804383069969,61.3946631239,1.26295488332,0.367971037634,18.6648107057,-0.0815888422628,0.198310007446,0.999109375561,3.15333792823,1.0,614.210010683,1.37350015713
4340,5.4548958258,0.804061930407,61.410449191,1.26340255173,0.367824129946,18.6415721548,-0.0804331004149,0.198186291305,0.999136691648,3.15313924478,1.0,614.207736851,1.37664785729
4341,5.45615271424,0.803741416924,61.4262130104,1.26385031299,0.367677508663,18.6183314377,-0.079276042208,0.198062871781,0.99916354641,3.15294134596,1.0,614.205465631,1.37978750218
4342,5.45740960268,0.803421528836,61.4419545743,1.2642981669,0.367531173471,18.595088583,-0.078117662584,0.197939748247,0.999189941543,3.15274423066,1.0,614.203197029,1.3829191441
4343,5.45866649111,0.803102265458,61.4576738749,1.26474611325,0.367385124058,18.5718436194,-0.0769579564603,0.19781692008,0.999215878742,3.15254789777,1.0,614.200931046,1.38604283471
4344,5.45992337955,0.802783626109,61.4733709045,1.26519415185,0.367239360112,18.5485965759,-0.07579691873,0.19769438666,0.999241359702,3.15235234618,1.0,614.198667687,1.38915862508
4345,5.46118026799,0.802465610108,61.4890456555,1.26564228249,0.36709388132,18.5253474814,-0.0746345442613,0.197572147368,0.999266386115,3.15215757476,1.0,614.196406955,1.39226656562
4346,5.46243715643,0.802148216776,61.5046981199,1.26609050498,0.366948687374,18.502096365,-0.0734708278976,0.197450201587,0.999290959673,3.15196358243,1.0,614.194148855,1.39536670619
4347,5.46369404487,0.801831445435,61.5203282903,1.2665388191,0.366803777962,18.4788432558,-0.0723057644571,0.197328548702,0.999315082066,3.15177036806,1.0,614.191893388,1.39845909602
4348,5.46495093331,0.801515295409,61.5359361588,1.26698722467,0.366659152775,18.4555881831,-0.0711393487332,0.197207188102,0.999338754983,3.15157793055,1.0,614.18964056,1.40154378378
4349,5.46620782175,0.801199766024,61.5515217178,1.26743572148,0.366514811504,18.4323311763,-0.0699715754938,0.197086119175,0.999361980114,3.1513862688,1.0,614.187390373,1.40462081756
4350,5.46746471019,0.800884856605,61.5670849595,1.26788430933,0.366370753842,18.4090722648,-0.0688024394813,0.196965341313,0.999384759144,3.15119538171,1.0,614.185142832,1.40769024488
4351,5.46872159863,0.800570566481,61.5826258765,1.26833298802,0.367028351413,18.3858114783,-0.0676319354127,0.197307962516,0.999405893517,3.15102587665,1.0,614.191511441,1.41040114436
4352,5.46997848707,0.80025689498,61.5981444609,1.26878175735,0.36688454606,18.3625488464,-0.0664600579793,0.197187380635,0.999427829438,3.15083612058,1.0,614.189272608,1.41346231083
4353,5.47123537551,0.799943841435,61.6136407052,1.26923061713,0.366741024014,18.339284399,-0.0652868018463,0.197067089054,0.99944932344,3.1506471376,1.0,614.187036427,1.41651598684
4354,5.47249226394,0.799631405176,61.6291146018,1.26967956715,0.366597784969,18.3160181659,-0.0641121616532,0.196947087172,0.99947037721,3.15045892659,1.0,614.184802902,1.41956221802
4355,5.47374915238,0.799319585538,61.644566143,1.27012860722,0.366454828618,18.2927501772,-0.062936132013,0.196827374386,0.999490992431,3.15027148645,1.0,614.182572036,1.42260104948
4356,5.47500604082,0.799008381855,61.6599953212,1.27057773714,0.366312154658,18.2694804629,-0.0617587075127,0.196707950099,0.999511170784,3.15008481611,1.0,614.180343832,1.42563252581
4357,5.47626292926,0.798697793464,61.675402129,1.27102695672,0.366169762783,18.2462090533,-0.0605798827126,0.196588813713,0.999530913952,3.14989891445,1.0,614.178118295,1.42865669107
4358,5.4775198177,0.798387819703,61.6907865586,1.27147626574,0.36602765269,18.2229359788,-0.0593996521466,0.196469964633,0.999550223614,3.14971378039,1.0,614.175895427,1.43167358884
4359,5.47877670614,0.798078459911,61.7061486026,1.27192566403,0.365885824076,18.1996612698,-0.0582180103217,0.196351402267,0.99956910145,3.14952941283,1.0,614.173675232,1.43468326219
4360,5.48003359458,0.797769713428,61.7214882534,1.27237515138,0.36574427664,18.1763849568,-0.057034951718,0.196233126023,0.999587549136,3.1493458107,1.0,614.171457715,1.43768575371
4361,5.48129048302,0.797461579596,61.7368055034,1.27282472759,0.365603010078,18.1531070705,-0.0558504707886,0.196115135313,0.999605568349,3.14916297289,1.0,614.169242877,1.44068110549
4362,5.48254737146,0.797154057759,61.7521003452,1.27327439247,0.365462024091,18.1298276417,-0.0546645619593,0.195997429551,0.999623160764,3.14898089832,1.0,614.167030723,1.44366935916
4363,5.4838042599,0.796847147262,61.7673727712,1.27372414583,0.365321318378,18.1065467014,-0.0534772196286,0.19588000815,0.999640328054,3.14879958591,1.0,614.164821257,1.44665055588
4364,5.48506114834,0.796540847451,61.782622774,1.27417398746,0.365180892638,18.0832642804,-0.0522884381673,0.195762870528,0.999657071893,3.14861903457,1.0,614.162614482,1.44962473633
4365,5.48631803678,0.796235157673,61.7978503461,1.27462391718,0.365040746574,18.05998041,-0.0510982119188,0.195646016105,0.999673393951,3.14843924322,1.0,614.160410401,1.45259194077
4366,5.48757492521,0.795930077277,61.8130554799,1.27507393479,0.364900879886,18.0366951214,-0.0499065351983,0.195529444301,0.999689295899,3.14826021078,1.0,614.158209018,1.45555220897
4367,5.48883181365,0.795625605614,61.8282381681,1.27552404009,0.364761292277,18.0134084459,-0.0487134022934,0.195413154539,0.999704779405,3.14808193617,1.0,614.156010336,1.45850558029
4368,5.49008870209,0.795321742036,61.8433984031,1.27597423289,0.364621983449,17.990120415,-0.0475188074631,0.195297146244,0.999719846136,3.14790441831,1.0,614.153814359,1.46145209364
4369,5.49134559053,0.795018485894,61.8585361777,1.276424513,0.3652787674,17.9668310604,-0.0463227449384,0.195637909155,0.999733959239,3.14774105481,1.0,614.160257391,1.46416008474
4370,5.49260247897,0.794715836545,61.8736514842,1.27687488022,0.365139712293,17.9435404136,-0.0451252089216,0.195522095634,0.999748226178,3.14756466265,1.0,614.158070155,1.46709943096
4371,5.49385936741,0.794413793344,61.8887443154,1.27732533436,0.365000935687,17.9202485066,-0.0439261935865,0.19540656287,0.999762080515,3.14738902568,1.0,614.155885629,1.47003201463
4372,5.49511625585,0.794112355648,61.9038146639,1.27777587523,0.364862437286,17.8969553712,-0.0427256930779,0.19529131029,0.999775523916,3.14721414282,1.0,614.153703818,1.47295787321
4373,5.49637314429,0.793811522815,61.9188625222,1.27822650264,0.364724216796,17.8736610397,-0.0415237015119,0.195176337329,0.999788558044,3.14704001299,1.0,614.151524726,1.47587704375
4374,5.49763003273,0.793511294207,61.9338878829,1.27867721638,0.364586273921,17.850365544,-0.0403202129751,0.195061643418,0.999801184561,3.14686663512,1.0,614.149348355,1.47878956286
4375,5.49888692117,0.793211669183,61.9488907388,1.27912801628,0.36444860837,17.8270689166,-0.0391152215251,0.194947227994,0.999813405129,3.14669400815,1.0,614.14717471,1.48169546679
4376,5.50014380961,0.792912647107,61.9638710825,1.27957890213,0.364311219849,17.8037711899,-0.0379087211897,0.194833090495,0.999825221408,3.146522131,1.0,614.145003793,1.48459479137
4377,5.50140069804,0.792614227344,61.9788289066,1.28002987376,0.364174108065,17.7804723965,-0.0367007059674,0.194719230361,0.999836635055,3.14635100259,1.0,614.142835608,1.48748757207
4378,5.50265758648,0.792316409258,61.9937642039,1.28048093096,0.364037272729,17.7571725689,-0.0354911698265,0.194605647032,0.999847647729,3.14618062187,1.0,614.140670158,1.49037384396
4379,5.50391447492,0.792019192216,62.0086769669,1.28093207354,0.363900713547,17.7338717401,-0.0342801067056,0.194492339952,0.999858261085,3.14601098776,1.0,614.138507448,1.49325364172
4380,5.50517136336,0.791722575587,62.0235671885,1.28138330132,0.363764430231,17.7105699429,-0.033067510513,0.194379308566,0.999868476777,3.14584209921,1.0,614.13634748,1.49612699968
4381,5.5064282518,0.79142655874,62.0384348614,1.28183461411,0.363628422491,17.6872672105,-0.0318533751267,0.194266552322,0.999878296459,3.14567395513,1.0,614.134190258,1.49899395179
4382,5.50768514024,0.791131141046,62.0532799781,1.28228601171,0.363492690037,17.663963576,-0.030637694394,0.194154070669,0.999887721781,3.14550655448,1.0,614.132035786,1.50185453164
4383,5.50894202868,0.790836321878,62.0681025316,1.28273749394,0.363357232581,17.6406590726,-0.0294204621318,0.194041863056,0.999896754396,3.14533989619,1.0,614.129884066,1.50470877247
4384,5.51019891712,0.790542100609,62.0829025146,1.2831890606,0.363222049836,17.6173537339,-0.028201672126,0.193929928938,0.999905395951,3.14517397919,1.0,614.127735102,1.50755670715
4385,5.51145580556,0.790248476614,62.0976799198,1.28364071151,0.363087141514,17.5940475935,-0.0269813181314,0.193818267768,0.999913648095,3.14500880243,1.0,614.125588898,1.51039836821
4386,5.512712694,0.78995544927,62.11243474,1.28409244648,0.362952507329,17.5707406849,-0.0257593938716,0.193706879003,0.999921512474,3.14484436484,1.0,614.123445457,1.51323378785
4387,5.51396958244,0.789663017954,62.127166968,1.28454426532,0.362818146995,17.5474330421,-0.0245358930387,0.1935957621,0.999928990733,3.14468066538,1.0,614.121304783,1.5160629979
4388,5.51522647087,0.789371182046,62.1418765965,1.28499616785,0.363474221563,17.5241246991,-0.0233108092935,0.193934744457,0.999935954606,3.14452407603,1.0,614.127827604,1.51877356785
4389,5.51648335931,0.789079940926,62.1565636185,1.28544815386,0.363340116542,17.5008156898,-0.0220841362648,0.19382382129,0.999942679167,3.14436149614,1.0,614.125695699,1.52159656603
4390,5.51774024775,0.788789293975,62.1712280268,1.28590022319,0.363206285113,17.4775060486,-0.0208558675494,0.193713169327,0.999949021766,3.14419965281,1.0,614.123566567,1.52441343317
4391,5.51899713619,0.788499240577,62.1858698141,1.28635237563,0.363072726992,17.4541958098,-0.0196259967121,0.193602788031,0.999954984045,3.14403854498,1.0,614.121440211,1.52722419998
4392,5.52025402463,0.788209780116,62.2004889733,1.28680461101,0.362939441895,17.430885008,-0.0183945172853,0.193492676867,0.999960567644,3.1438781716,1.0,614.119316634,1.53002889685
4393,5.52151091307,0.787920911979,62.2150854974,1.28725692913,0.36280642954,17.4075736777,-0.017161422769,0.193382835301,0.999965774203,3.14371853161,1.0,614.117195839,1.53282755383
4394,5.52276780151,0.787632635552,62.2296593791,1.28770932982,0.362673689644,17.3842618537,-0.0159267066303,0.193273262802,0.999970605361,3.14355962396,1.0,614.115077831,1.5356202007
4395,5.52402468995,0.787344950224,62.2442106114,1.28816181287,0.362541221925,17.3609495709,-0.0146903623036,0.193163958839,0.999975062753,3.14340144759,1.0,614.112962612,1.53840686688
4396,5.52528157839,0.787057855385,62.2587391871,1.28861437812,0.362409026103,17.3376368645,-0.0134523831901,0.193054922886,0.999979148015,3.14324400146,1.0,614.110850186,1.54118758152
4397,5.52653846683,0.786771350426,62.2732450993,1.28906702536,0.362277101898,17.3143237695,-0.0122127626579,0.192946154416,0.999982862781,3.14308728452,1.0,614.108740555,1.54396237345
4398,5.52779535527,0.786485434739,62.2877283407,1.28951975443,0.362145449029,17.2910103213,-0.0109714940413,0.192837652904,0.999986208682,3.14293129571,1.0,614.106633725,1.54673127122
4399,5.52905224371,0.786200107719,62.3021889044,1.28997256513,0.362014067218,17.2676965555,-0.00972857064132,0.192729417827,0.999989187351,3.14277603398,1.0,614.104529697,1.54949430308
4400,5.53030913214,0.78591536876,62.3166267832,1.29042545727,0.361882956186,17.2443825075,-0.00848398572496,0.192621448665,0.999991800416,3.14262149829,1.0,614.102428475,1.55225149697
4401,5.53156602058,0.78563121726,62.3310419703,1.29087843068,0.361752115655,17.2210682132,-0.00723773252515,0.192513744898,0.999994049506,3.14246768759,1.0,614.100330063,1.55500288057
4402,5.53282290902,0.785347652616,62.3454344584,1.29133148516,0.361621545348,17.1977537085,-0.0059898042406,0.192406306009,0.999995936246,3.14231460084,1.0,614.098234464,1.55774848126
4403,5.53407979746,0.785064674226,62.3598042407,1.29178462054,0.361491244989,17.1744390294,-0.00474019403563,0.192299131483,0.999997462263,3.14216223698,1.0,614.096141682,1.56048832615
4404,5.5353366859,0.784782281493,62.3741513101,1.29223783664,0.361361214301,17.1511242121,-0.00348889503984,0.192192220805,0.99999862918,3.14201059498,1.0,614.094051718,1.56322244206
4405,5.53659357434,0.784500473817,62.3884756596,1.29269113326,0.361231453009,17.1278092929,-0.00223590034806,0.192085573462,0.999999438619,3.14185967379,1.0,614.091964578,1.56595085555
4406,5.53785046278,0.784219250603,62.4027772823,1.29314451023,0.361101960838,17.1044943084,-0.000981203020013,0.191979188945,0.9999998922,3.14170947236,1.0,614.089880264,1.5686735929
4407,5.53910735122,0.783938611253,62.4170561712,1.29359796735,0.360972737514,17.0811792953,0.000275203919777,0.191873066745,0.999999991544,3.14155998966,1.0,614.087798779,1.57020197347
4408,5.54036423966,0.783658555175,62.4313123193,1.29405150446,0.361628225755,17.0578642901,0.00153332748227,0.192210366794,0.999999737735,3.14141083024,1.0,614.094406613,1.56748337089
4409,5.5416211281,0.783379081775,62.4455457197,1.29450512137,0.361499259551,17.03454933,0.00279317471406,0.192104437505,0.999999132224,3.14126246002,1.0,614.092333926,1.56477166286
4410,5.54287801654,0.783100190462,62.4597563655,1.29495881789,0.361370561958,17.0112344521,0.00405475269762,0.191998769926,0.999998176612,3.14111480696,1.0,614.090264074,1.56206554035
4411,5.54413490497,0.782821880645,62.4739442497,1.29541259385,0.361242132703,16.9879196934,0.00531806855148,0.191893363553,0.999996872514,3.14096787002,1.0,614.08819706,1.55936497824
4412,5.54539179341,0.782544151736,62.4881093656,1.29586644906,0.361113971515,16.9646050916,0.0065831294305,0.191788217884,0.999995221546,3.14082164815,1.0,614.086132888,1.55666995167
4413,5.54664868185,0.782267003147,62.502251706,1.29632038334,0.360986078122,16.941290684,0.00784994252595,0.191683332418,0.999993225321,3.14067614032,1.0,614.084071562,1.55398043604
4414,5.54790557029,0.781990434292,62.5163712643,1.29677439652,0.360858452254,16.9179765085,0.00911851506588,0.191578706656,0.99999088545,3.14053134549,1.0,614.082013084,1.55129640697
4415,5.54916245873,0.781714444586,62.5304680335,1.2972284884,0.360731093641,16.8946626029,0.0103888543152,0.1914743401,0.999988203544,3.14038726262,1.0,614.079957457,1.54861784035
4416,5.55041934717,0.781439033444,62.5445420068,1.29768265882,0.360604002013,16.8713490052,0.011660967576,0.191370232255,0.999985181211,3.14024389066,1.0,614.077904685,1.54594471231
4417,5.55167623561,0.781164200286,62.5585931773,1.29813690758,0.360477177102,16.8480357536,0.0129348621877,0.191266382625,0.999981820059,3.14010122859,1.0,614.075854772,1.54327699919
4418,5.55293312405,0.780889944529,62.5726215383,1.29859123452,0.36035061864,16.8247228864,0.0142105455273,0.19116279072,0.999978121693,3.13995927536,1.0,614.07380772,1.54061467762
4419,5.55419001249,0.780616265595,62.5866270828,1.29904563944,0.360224326359,16.8014104422,0.0154880250095,0.191059456047,0.999974087717,3.13981802994,1.0,614.071763533,1.53795772441
4420,5.55544690093,0.780343162904,62.6006098041,1.29950012218,0.360098299992,16.7780984596,0.0167673080872,0.190956378117,0.999969719733,3.1396774913,1.0,614.069722214,1.53530611665
4421,5.55670378937,0.780070635879,62.6145696954,1.29995468255,0.359972539273,16.7547869775,0.0180484022512,0.190853556444,0.999965019344,3.1395376584,1.0,614.067683766,1.53265983162
4422,5.55796067781,0.779798683945,62.6285067499,1.30040932037,0.359847043936,16.7314760349,0.0193313150311,0.19075099054,0.999959988148,3.1393985302,1.0,614.065648193,1.53001884684
4423,5.55921756624,0.779527306527,62.6424209608,1.30086403547,0.359721813716,16.7081656708,0.0206160539949,0.190648679923,0.999954627743,3.13926010567,1.0,614.063615497,1.52738314007
4424,5.56047445468,0.779256503051,62.6563123215,1.30131882767,0.359596848348,16.6848559247,0.0219026267497,0.190546624108,0.999948939726,3.13912238379,1.0,614.061585683,1.52475268927
4425,5.56173134312,0.778986272947,62.6701808251,1.30177369679,0.359472147569,16.661546836,0.0231910409415,0.190444822616,0.999942925692,3.13898536351,1.0,614.059558752,1.52212747263
4426,5.56298823156,0.778716615643,62.6840264649,1.30222864264,0.359347711116,16.6382384444,0.0244813042558,0.190343274966,0.999936587233,3.1388490438,1.0,614.057534709,1.51950746856
4427,5.56424512,0.778447530569,62.6978492342,1.30268366507,0.359223538724,16.6149307897,0.0257734244178,0.19024198068,0.999929925942,3.13871342364,1.0,614.055513557,1.51689265567
4428,5.56550200844,0.778179017158,62.7116491263,1.30313876388,0.359878588102,16.591623912,0.0270674091922,0.190577777825,0.999922786132,3.1385719632,1.0,614.062205538,1.5141610974
4429,5.56675889688,0.777911074843,62.7254261345,1.3035939389,0.359754674839,16.5683178513,0.0283632663838,0.190476675968,0.999915469004,3.13843744781,1.0,614.060193206,1.51155097239
4430,5.56801578532,0.777643703059,62.7391802521,1.30404918995,0.359631025425,16.5450126482,0.0296610038381,0.190375826921,0.999907833154,3.13830363037,1.0,614.058183769,1.50894598507
4431,5.56927267376,0.77737690124,62.7529114724,1.30450451686,0.359507639599,16.521708343,0.0309606294404,0.190275230209,0.999899880169,3.13817050985,1.0,614.056177232,1.5063461148
4432,5.5705295622,0.777110668825,62.7666197889,1.30495991945,0.359384517101,16.4984049765,0.0322621511174,0.190174885361,0.999891611637,3.13803808523,1.0,614.054173597,1.50375134111
4433,5.57178645064,0.776845005252,62.7803051948,1.30541539755,0.359261657671,16.4751025895,0.0335655768363,0.190074791906,0.999883029142,3.13790635548,1.0,614.052172868,1.50116164377
4434,5.57304333907,0.776579909959,62.7939676835,1.30587095098,0.359139061049,16.4518012232,0.0348709146058,0.189974949375,0.999874134268,3.13777531955,1.0,614.050175047,1.49857700272
4435,5.57430022751,0.776315382389,62.8076072484,1.30632657956,0.359016726977,16.4285009187,0.0361781724759,0.189875357302,0.999864928597,3.13764497643,1.0,614.048180138,1.49599739813
4436,5.57555711595,0.776051421983,62.8212238829,1.30678228313,0.358894655198,16.4052017174,0.0374873585385,0.18977601522,0.999855413709,3.13751532509,1.0,614.046188145,1.49342281035
4437,5.57681400439,0.775788028185,62.8348175803,1.30723806149,0.358772845454,16.381903661,0.0387984809272,0.189676922665,0.999845591183,3.13738636449,1.0,614.04419907,1.49085321991
4438,5.57807089283,0.77552520044,62.8483883342,1.30769391449,0.358651297487,16.3586067912,0.0401115478179,0.189578079176,0.999835462596,3.1372580936,1.0,614.042212916,1.48828860756
4439,5.57932778127,0.775262938192,62.8619361379,1.30814984194,0.358530011042,16.33531115,0.0414265674289,0.189479484291,0.999825029522,3.13713051141,1.0,614.040229687,1.48572895423
4440,5.58058466971,0.775001240891,62.8754609848,1.30860584367,0.358408985864,16.3120167795,0.0427435480213,0.18938113755,0.999814293537,3.13700361687,1.0,614.038249386,1.48317424103
4441,5.58184155815,0.774740107984,62.8889628685,1.30906191951,0.358288221697,16.2887237221,0.0440624978989,0.189283038496,0.999803256212,3.13687740897,1.0,614.036272015,1.48062444927
4442,5.58309844659,0.774479538921,62.9024417824,1.30951806929,0.358167718286,16.2654320202,0.0453834254089,0.189185186673,0.999791919117,3.13675188667,1.0,614.034297579,1.47807956044
4443,5.58435533503,0.774219533154,62.9158977199,1.30997429283,0.358047475379,16.2421417166,0.0467063389419,0.189087581625,0.999780283822,3.13662704896,1.0,614.03232608,1.47553955621
4444,5.58561222347,0.773960090133,62.9293306745,1.31043058995,0.357927492721,16.2188528542,0.0480312469319,0.1889902229,0.999768351893,3.1365028948,1.0,614.030357522,1.47300441844
4445,5.58686911191,0.773701209315,62.9427406398,1.31088696049,0.35780777006,16.1955654761,0.0493581578573,0.188893110046,0.999756124897,3.13637942316,1.0,614.028391907,1.47047412916
4446,5.58812600034,0.773442890152,62.9561276093,1.31134340427,0.357688307144,16.1722796255,0.0506870802402,0.188796242612,0.999743604397,3.13625663303,1.0,614.026429239,1.46794867058
4447,5.58938288878,0.773185132101,62.9694915765,1.31179992112,0.357569103721,16.1489953459,0.0520180226476,0.18869962015,0.999730791955,3.13613452337,1.0,614.02446952,1.4654280251
4448,5.59063977722,0.77292793462,62.9828325348,1.31225651087,0.35745015954,16.125712681,0.0533509936908,0.188603242213,0.999717689133,3.13601309317,1.0,614.022512755,1.46291217528
4449,5.59189666566,0.772671297167,62.996150478,1.31271317334,0.357331474352,16.1024316746,0.0546860020264,0.188507108355,0.999704297488,3.13589234139,1.0,614.020558945,1.46040110386
4450,5.5931535541,0.772415219202,63.0094453995,1.31316990837,0.357986236307,16.0791523709,0.056023056356,0.188841473027,0.999689985665,3.13575966494,1.0,614.027345921,1.45765098809
4451,5.59441044254,0.772159700187,63.0227172928,1.31362671578,0.357867812579,16.055874814,0.0573621654269,0.188745531328,0.999675992342,3.13564000824,1.0,614.025400952,1.455143973
4452,5.59566733098,0.771904739583,63.0359661517,1.31408359541,0.357749647655,16.0325990485,0.0587033380319,0.188649833205,0.999661714272,3.13552102836,1.0,614.023458944,1.4526416927
4453,5.59692421942,0.771650336855,63.0491919697,1.31454054707,0.357631741285,16.009325119,0.0600465830099,0.188554378217,0.999647153008,3.13540272425,1.0,614.0215199,1.45014413052
4454,5.59818110786,0.771396491467,63.0623947403,1.31499757061,0.357514093222,15.9860530703,0.0613919092463,0.188459165923,0.999632310104,3.1352850949,1.0,614.019583823,1.44765126995
4455,5.5994379963,0.771143202886,63.0755744573,1.31545466584,0.357396703219,15.9627829476,0.0627393256729,0.188364195885,0.999617187112,3.13516813927,1.0,614.017650717,1.44516309464
4456,5.60069488474,0.770890470579,63.0887311143,1.3159118326,0.357279571029,15.9395147961,0.0640888412682,0.188269467665,0.999601785581,3.13505185635,1.0,614.015720584,1.4426795884
4457,5.60195177317,0.770638294014,63.1018647048,1.31636907073,0.357162696405,15.9162486613,0.065440465058,0.188174980828,0.999586107061,3.13493624511,1.0,614.013793427,1.44020073523
4458,5.60320866161,0.770386672661,63.1149752226,1.31682638004,0.357046079101,15.8929845889,0.0667942061154,0.188080734939,0.999570153097,3.13482130451,1.0,614.011869249,1.43772651925
4459,5.60446555005,0.770135605992,63.1280626613,1.31728376037,0.356929718873,15.8697226247,0.0681500735611,0.187986729566,0.999553925234,3.13470703355,1.0,614.009948055,1.43525692477
4460,5.60572243849,0.76988509348,63.1411270147,1.31774121156,0.356813615476,15.846462815,0.0695080765638,0.187892964278,0.999537425015,3.13459343118,1.0,614.008029845,1.43279193624
4461,5.60697932693,0.769635134597,63.1541682763,1.31819873343,0.356697768667,15.823205206,0.0708682243404,0.187799438643,0.999520653982,3.1344804964,1.0,614.006114625,1.43033153828
4462,5.60823621537,0.769385728818,63.1671864399,1.31865632581,0.356582178201,15.7999498443,0.0722305261563,0.187706152235,0.999503613674,3.13436822817,1.0,614.004202396,1.42787571564
4463,5.60949310381,0.76913687562,63.1801814993,1.31911398853,0.356466843836,15.7766967767,0.0735949913256,0.187613104626,0.99948630563,3.13425662547,1.0,614.002293162,1.42542445325
4464,5.61074999225,0.76888857448,63.1931534482,1.31957172144,0.35635176533,15.75344605,0.0749616292114,0.187520295391,0.999468731384,3.13414568727,1.0,614.000386925,1.42297773618
4465,5.61200688069,0.768640824877,63.2061022802,1.32002952435,0.35623694244,15.7301977115,0.0763304492263,0.187427724104,0.999450892473,3.13403541255,1.0,613.99848369,1.42053554966
4466,5.61326376913,0.76839362629,63.2190279892,1.3204873971,0.356122374927,15.7069518087,0.0777014608324,0.187335390345,0.999432790428,3.13392580029,1.0,613.996583458,1.41809787904
4467,5.61452065757,0.768146978201,63.2319305689,1.32094533952,0.356008062549,15.6837083891,0.0790746735417,0.187243293691,0.99941442678,3.13381684947,1.0,613.994686233,1.41566470984
4468,5.615777546,0.767900880091,63.2448100132,1.32140335145,0.355894005067,15.6604675006,0.0804500969164,0.187151433723,0.999395803059,3.13370855905,1.0,613.992792018,1.41323602774
4469,5.61703443444,0.767655331444,63.2576663157,1.32186143272,0.355780202241,15.6372291913,0.0818277405693,0.187059810021,0.999376920792,3.13360092802,1.0,613.990900816,1.41081181855
4470,5.61829132288,0.767410331746,63.2704994703,1.32231958317,0.355666653832,15.6139935095,0.0832076141639,0.18696842217,0.999357781504,3.13349395535,1.0,613.98901263,1.40839206821
4471,5.61954821132,0.767165880481,63.2833094709,1.32277780261,0.355553359602,15.5907605037,0.0845897274146,0.186877269754,0.99933838672,3.13338764002,1.0,613.987127463,1.40597676282
4472,5.62080509976,0.766921977137,63.2960963111,1.3232360909,0.356208008974,15.5675302227,0.0859740900875,0.187210405653,0.9993173413,3.13326401934,1.0,613.994008274,1.40320369803
4473,5.6220619882,0.766678621203,63.308859985,1.32369444785,0.35609497879,15.5443027156,0.0873607120001,0.187119445527,0.999297399004,3.13315878831,1.0,613.992131962,1.4007919293
4474,5.62331887664,0.766435812168,63.3216004863,1.32415287332,0.355982202622,15.5210780314,0.0887496030219,0.187028720382,0.999277205242,3.13305421296,1.0,613.990258674,1.39838457003
4475,5.62457576508,0.766193549523,63.3343178089,1.32461136712,0.355869680232,15.4978562198,0.0901407730749,0.186938229808,0.999256761534,3.13295029225,1.0,613.988388412,1.39598160679
4476,5.62583265352,0.76595183276,63.3470119466,1.3250699291,0.355757411385,15.4746373303,0.0915342321333,0.186847973392,0.999236069397,3.13284702515,1.0,613.986521179,1.39358302631
4477,5.62708954196,0.765710661372,63.3596828934,1.32552855909,0.355645395846,15.451421413,0.0929299902244,0.186757950728,0.999215130347,3.13274441064,1.0,613.984656979,1.39118881545
4478,5.6283464304,0.765470034854,63.3723306432,1.32598725692,0.355533633379,15.4282085179,0.0943280574287,0.186668161406,0.999193945898,3.1326424477,1.0,613.982795814,1.3887989612
4479,5.62960331884,0.765229952702,63.3849551899,1.32644602244,0.355422123751,15.4049986956,0.0957284438799,0.18657860502,0.999172517563,3.1325411353,1.0,613.980937688,1.3864134507
4480,5.63086020727,0.764990414412,63.3975565273,1.32690485547,0.355310866727,15.3817919967,0.0971311597659,0.186489281167,0.999150846852,3.13244047241,1.0,613.979082603,1.3840322712
4481,5.63211709571,0.764751419482,63.4101346494,1.32736375585,0.355199862075,15.358588472,0.0985362153284,0.186400189441,0.999128935274,3.13234045801,1.0,613.977230562,1.38165541011
4482,5.63337398415,0.764512967413,63.4226895503,1.32782272341,0.355089109562,15.3353881728,0.0999436208635,0.186311329442,0.999106784336,3.13224109107,1.0,613.975381569,1.37928285495
4483,5.63463087259,0.764275057704,63.4352212237,1.328281758,0.354978608957,15.3121911504,0.101353386722,0.186222700767,0.999084395543,3.13214237056,1.0,613.973535625,1.37691459338
4484,5.63588776103,0.764037689857,63.4477296638,1.32874085945,0.354868360027,15.2889974564,0.102765523311,0.186134303019,0.999061770397,3.13204429546,1.0,613.971692735,1.37455061319
4485,5.63714464947,0.763800863375,63.4602148645,1.32920002759,0.354758362542,15.2658071429,0.10418004109,0.186046135798,0.999038910401,3.13194686475,1.0,613.9698529,1.37219090228
4486,5.63840153791,0.763564577763,63.4726768197,1.32965926227,0.354648616271,15.2426202618,0.105596950577,0.185958198708,0.999015817054,3.13185007739,1.0,613.968016125,1.36983544871
4487,5.63965842635,0.763328832525,63.4851155236,1.33011856331,0.354539120986,15.2194368656,0.107016262344,0.185870491354,0.998992491853,3.13175393235,1.0,613.966182412,1.36748424064
4488,5.64091531479,0.763093627169,63.4975309701,1.33057793056,0.354429876456,15.1962570071,0.108437987022,0.185783013342,0.998968936294,3.13165842862,1.0,613.964351763,1.36513726637
4489,5.64217220323,0.762858961202,63.5099231532,1.33103736385,0.354320882453,15.173080739,0.109862135296,0.185695764278,0.998945151872,3.13156356517,1.0,613.962524182,1.36279451432
4490,5.64342909167,0.762624834133,63.522292067,1.33149686302,0.35421213875,15.1499081145,0.111288717908,0.185608743772,0.998921140078,3.13146934096,1.0,613.960699672,1.36045597302
4491,5.6446859801,0.762391245472,63.5346377055,1.33195642791,0.354103645117,15.1267391872,0.11271774566,0.185521951433,0.998896902403,3.13137575498,1.0,613.958878236,1.35812163116
4492,5.64594286854,0.762158194731,63.5469600629,1.33241605836,0.35399540133,15.1035740106,0.114149229408,0.185435386873,0.998872440334,3.13128280619,1.0,613.957059875,1.35579147751
4493,5.64719975698,0.761925681422,63.5592591331,1.33287575421,0.35388740716,15.0804126389,0.115583180069,0.185349049704,0.998847755359,3.13119049356,1.0,613.955244595,1.35346550098
4494,5.64845664542,0.761693705059,63.5715349104,1.33333551528,0.353779662383,15.0572551261,0.117019608616,0.18526293954,0.998822848962,3.13109881608,1.0,613.953432396,1.35114369061
4495,5.64971353386,0.761462265156,63.5837873887,1.33379534143,0.353672166773,15.0341015268,0.118458526082,0.185177055997,0.998797722625,3.1310077727,1.0,613.951623283,1.34882603554
4496,5.6509704223,0.761231361231,63.5960165622,1.33425523249,0.354326913452,15.0109518958,0.119899943559,0.185509093719,0.99876985516,3.13089432741,1.0,613.958608256,1.34602412947
4497,5.65222731074,0.7610009928,63.6082224251,1.33471518829,0.354219684904,14.9878062881,0.121343872197,0.185423402948,0.998744240374,3.13080435487,1.0,613.956808009,1.34370954906
4498,5.65348419918,0.760771159382,63.6204049714,1.33517520869,0.354112705385,14.964664759,0.122790323206,0.185337938396,0.998718409623,3.13071501469,1.0,613.955010851,1.34139909587
4499,5.65474108762,0.760541860497,63.6325641954,1.33563529351,0.354005974672,14.9415273641,0.124239307858,0.185252699683,0.998692364386,3.13062630585,1.0,613.953216785,1.33909275946
4500,5.65599797606,0.760313095665,63.6447000911,1.33609544261,0.353899492543,14.9183941594,0.125690837483,0.185167686428,0.998666106138,3.13053822733,1.0,613.951425814,1.3367905295
4501,5.6572548645,0.760084864408,63.6568126529,1.33655565581,0.353793258775,14.8952652009,0.127144923471,0.185082898252,0.998639636353,3.13045077808,1.0,613.94963794,1.33449239578
4502,5.65851175294,0.759857166251,63.6689018747,1.33701593295,0.353687273146,14.872140545,0.128601577276,0.184998334779,0.998612956505,3.13036395708,1.0,613.947853168,1.3321983482
4503,5.65976864137,0.759630000716,63.680967751,1.33747627389,0.353581535435,14.8490202486,0.130060810411,0.184913995632,0.998586068063,3.1302777633,1.0,613.946071498,1.32990837679
4504,5.66102552981,0.759403367331,63.6930102757,1.33793667846,0.353476045421,14.8259043685,0.13152263445,0.184829880437,0.998558972494,3.1301921957,1.0,613.944292936,1.32762247168
4505,5.66228241825,0.759177265621,63.7050294433,1.33839714649,0.353370802883,14.8027929622,0.132987061033,0.18474598882,0.998531671267,3.13010725325,1.0,613.942517482,1.3253406231
4506,5.66353930669,0.758951695114,63.7170252479,1.33885767783,0.353265807602,14.7796860872,0.134454101857,0.184662320408,0.998504165845,3.13002293492,1.0,613.94074514,1.3230628214
4507,5.66479619513,0.758726655341,63.7289976838,1.33931827233,0.353161059359,14.7565838013,0.135923768686,0.184578874832,0.998476457691,3.12993923967,1.0,613.938975913,1.32078905706
4508,5.66605308357,0.75850214583,63.7409467452,1.33977892982,0.353056557935,14.7334861627,0.137396073344,0.18449565172,0.998448548265,3.12985616647,1.0,613.937209804,1.31851932065
4509,5.66730997201,0.758278166114,63.7528724264,1.34023965014,0.352952303113,14.7103932299,0.138871027722,0.184412650706,0.998420439025,3.12977371429,1.0,613.935446815,1.31625360284
4510,5.66856686045,0.758054715725,63.7647747217,1.34070043314,0.352848294673,14.6873050617,0.140348643771,0.18432987142,0.99839213143,3.12969188209,1.0,613.93368695,1.31399189443
4511,5.66982374889,0.757831794197,63.7766536253,1.34116127866,0.352744532401,14.6642217171,0.141828933508,0.184247313499,0.998363626932,3.12961066884,1.0,613.93193021,1.31173418632
4512,5.67108063733,0.757609401066,63.7885091317,1.34162218653,0.352641016078,14.6411432555,0.143311909014,0.184164976576,0.998334926986,3.12953007351,1.0,613.9301766,1.30948046951
4513,5.67233752577,0.757387535866,63.8003412351,1.34208315661,0.35253774549,14.6180697366,0.144797582437,0.184082860289,0.998306033041,3.12945009505,1.0,613.928426121,1.30723073511
4514,5.6735944142,0.757166198136,63.8121499298,1.34254418874,0.35243472042,14.5950012202,0.146285965987,0.184000964275,0.998276946547,3.12937073243,1.0,613.926678776,1.30498497434
4515,5.67485130264,0.756945387414,63.8239352102,1.34300528275,0.352331940655,14.5719377669,0.147777071941,0.183919288173,0.99824766895,3.12929198462,1.0,613.924934569,1.30274317853
4516,5.67610819108,0.75672510324,63.8356970706,1.34346643849,0.352229405979,14.548879437,0.149270912642,0.183837831624,0.998218201695,3.12921385059,1.0,613.923193502,1.3005053391
4517,5.67736507952,0.756505345155,63.8474355054,1.34392765581,0.35212711618,14.5258262916,0.150767500499,0.183756594269,0.998188546225,3.12913632928,1.0,613.921455578,1.29827144757
4518,5.67862196796,0.7562861127,63.8591505091,1.34438893454,0.352025071043,14.5027783919,0.152266847989,0.183675575751,0.998158703981,3.12905941968,1.0,613.919720799,1.29604149559
4519,5.6798788564,0.756067405418,63.8708420759,1.34485027454,0.351923270356,14.4797357994,0.153768967655,0.183594775713,0.998128676401,3.12898312073,1.0,613.917989169,1.29381547489
4520,5.68113574484,0.755849222855,63.8825102002,1.34531167564,0.351821713908,14.4566985759,0.155273872107,0.183514193802,0.998098464922,3.1289074314,1.0,613.916260689,1.29159337731
4521,5.68239263328,0.755631564555,63.8941548766,1.34577313768,0.351720401486,14.4336667837,0.156781574024,0.183433829663,0.99806807098,3.12883235066,1.0,613.914535364,1.28937519479
4522,5.68364952172,0.755414430065,63.9057760994,1.34623466052,0.352375503474,14.4106404854,0.158292086151,0.183764949736,0.998033453077,3.12873022216,1.0,613.921634399,1.28653819036
4523,5.68490641016,0.755197818933,63.9173738631,1.346696244,0.352274461644,14.3876197436,0.159805421305,0.183684779317,0.998002634414,3.12865619545,1.0,613.919917944,1.28432268782
4524,5.6861632986,0.754981730708,63.928948162,1.34715788796,0.352173663733,14.3646046216,0.161321592369,0.183604826324,0.99797163719,3.1285827755,1.0,613.918204647,1.28211107914
4525,5.68742018703,0.75476616494,63.9404989908,1.34761959224,0.352073109531,14.341595183,0.162840612296,0.183525090406,0.997940462836,3.12850996126,1.0,613.91649451,1.2799033566
4526,5.68867707547,0.75455112118,63.9520263438,1.3480813567,0.351972798828,14.3185914915,0.16436249411,0.183445571213,0.997909112778,3.12843775169,1.0,613.914787536,1.2776995126
4527,5.68993396391,0.75433659898,63.9635302155,1.34854318117,0.351872731416,14.2955936112,0.165887250905,0.183366268398,0.997877588444,3.12836614575,1.0,613.913083728,1.27549953962
4528,5.69119085235,0.754122597894,63.9750106004,1.3490050655,0.351772907085,14.2726016068,0.167414895842,0.183287181615,0.997845891255,3.12829514239,1.0,613.911383088,1.27330343026
4529,5.69244774079,0.753909117477,63.9864674931,1.34946700954,0.35167332563,14.2496155431,0.168945442158,0.183208310517,0.997814022633,3.12822474056,1.0,613.909685619,1.27111117721
4530,5.69370462923,0.753696157284,63.9979008881,1.34992901313,0.351573986841,14.2266354852,0.170478903158,0.183129654761,0.997781983997,3.12815493923,1.0,613.907991323,1.26892277324
4531,5.69496151767,0.753483716873,64.0093107799,1.35039107612,0.351474890513,14.2036614987,0.172015292219,0.183051214003,0.997749776766,3.12808573735,1.0,613.906300204,1.26673821123
4532,5.69621840611,0.753271795802,64.020697163,1.35085319835,0.35137603644,14.1806936496,0.173554622791,0.182972987902,0.997717402353,3.12801713387,1.0,613.904612265,1.26455748416
4533,5.69747529455,0.753060393629,64.032060032,1.35131537968,0.351277424415,14.1577320039,0.175096908396,0.182894976116,0.997684862172,3.12794912775,1.0,613.902927507,1.26238058511
4534,5.69873218299,0.752849509915,64.0433993815,1.35177761994,0.351179054234,14.1347766284,0.176642162629,0.182817178306,0.997652157635,3.12788171794,1.0,613.901245933,1.26020750723
4535,5.69998907143,0.752639144222,64.0547152061,1.35223991899,0.351080925693,14.11182759,0.178190399156,0.182739594134,0.997619290149,3.12781490339,1.0,613.899567547,1.25803824378
4536,5.70124595987,0.752429296113,64.0660075003,1.35270227666,0.350983038587,14.088884956,0.179741631721,0.182662223263,0.997586261122,3.12774868305,1.0,613.897892351,1.25587278812
4537,5.7025028483,0.75221996515,64.0772762587,1.35316469282,0.350885392713,14.065948794,0.181295874138,0.182585065356,0.997553071958,3.12768305588,1.0,613.896220347,1.2537111337
4538,5.70375973674,0.7520111509,64.0885214761,1.3536271673,0.350787987867,14.0430191722,0.182853140297,0.182508120078,0.997519724061,3.12761802082,1.0,613.894551539,1.25155327405
4539,5.70501662518,0.751802852928,64.0997431469,1.35408969995,0.350690823848,14.0200961588,0.184413444164,0.182431387097,0.997486218831,3.12755357683,1.0,613.892885928,1.24939920281
4540,5.70627351362,0.751595070801,64.1109412659,1.35455229062,0.350593900454,13.9971798227,0.185976799777,0.182354866078,0.997452557666,3.12748972286,1.0,613.891223518,1.2472489137
4541,5.70753040206,0.751387804088,64.1221158277,1.35501493916,0.350497217482,13.974270233,0.187543221253,0.182278556692,0.997418741963,3.12742645785,1.0,613.889564312,1.24510240054
4542,5.7087872905,0.751181052358,64.1332668269,1.35547764541,0.350400774733,13.9513674593,0.189112722784,0.182202458606,0.997384773116,3.12736378076,1.0,613.887908311,1.24295965723
4543,5.71004417894,0.750974815182,64.1443942583,1.35594040923,0.350304572007,13.9284715713,0.190685318636,0.182126571493,0.997350652517,3.12730169053,1.0,613.886255518,1.24082067778
4544,5.71130106738,0.750769092131,64.1554981165,1.35640323046,0.350208609102,13.9055826395,0.192261023156,0.182050895024,0.997316381556,3.12724018611,1.0,613.884605937,1.23868545627
4545,5.71255795582,0.750563882779,64.1665783963,1.35686610895,0.350112885821,13.8827007344,0.193839850764,0.181975428873,0.997281961621,3.12717926644,1.0,613.882959569,1.23655398688
4546,5.71381484426,0.750359186699,64.1776350922,1.35732904455,0.350017401963,13.8598259271,0.195421815961,0.181900172713,0.997247394098,3.12711893048,1.0,613.881316418,1.23442626388
4547,5.7150717327,0.750155003466,64.1886681992,1.3577920371,0.349922157332,13.836958289,0.197006933325,0.18182512622,0.997212680371,3.12705917716,1.0,613.879676486,1.23230228162
4548,5.71632862113,0.749951332657,64.1996777119,1.35825508647,0.34982715173,13.814097892,0.198595217511,0.181750289071,0.997177821821,3.12700000544,1.0,613.878039776,1.23018203455
4549,5.71758550957,0.749748173849,64.210663625,1.35871819249,0.350482883624,13.7912448082,0.200186683254,0.182080738342,0.997136919351,3.12690988468,1.0,613.88525662,1.22730487732
4550,5.71884239801,0.74954552662,64.2216259333,1.35918135501,0.350388152637,13.7683991102,0.20178134537,0.182006096421,0.997101701706,3.12685174703,1.0,613.883628777,1.22518700312
4551,5.72009928645,0.74934339055,64.2325646316,1.35964457389,0.350293660601,13.7455608711,0.203379218751,0.181931663549,0.997066343057,3.12679418903,1.0,613.882004158,1.22307284922
4552,5.72135617489,0.74914176522,64.2434797147,1.36010784898,0.350199407318,13.7227301643,0.204980318373,0.181857439405,0.997030844778,3.12673720962,1.0,613.880382767,1.22096241037
4553,5.72261306333,0.748940650211,64.2543711773,1.36057118012,0.350105392594,13.6999070636,0.206584659289,0.181783423671,0.996995208245,3.12668080775,1.0,613.878764606,1.21885568142
4554,5.72386995177,0.748740045107,64.2652390144,1.36103456717,0.350011616234,13.6770916432,0.208192256635,0.181709616029,0.996959434827,3.12662498235,1.0,613.877149677,1.21675265731
4555,5.72512684021,0.748539949491,64.2760832206,1.36149800997,0.349918078043,13.6542839777,0.209803125629,0.18163601616,0.996923525895,3.12656973236,1.0,613.875537983,1.21465333306
4556,5.72638372865,0.748340362948,64.2869037908,1.36196150837,0.349824777828,13.6314841422,0.211417281569,0.18156262375,0.996887482816,3.12651505672,1.0,613.873929526,1.21255770379
4557,5.72764061709,0.748141285066,64.2977007199,1.36242506224,0.349731715394,13.6086922122,0.213034739836,0.181489438484,0.996851306953,3.12646095437,1.0,613.87232431,1.21046576468
4558,5.72889750553,0.74794271543,64.3084740027,1.36288867141,0.34963889055,13.5859082635,0.214655515894,0.181416460047,0.99681499967,3.12640742424,1.0,613.870722336,1.20837751102
4559,5.73015439397,0.747744653631,64.3192236341,1.36335233573,0.349546303102,13.5631323725,0.216279625289,0.181343688127,0.996778562327,3.12635446526,1.0,613.869123608,1.20629293817
4560,5.7314112824,0.747547099256,64.329949609,1.36381605507,0.349453952859,13.5403646158,0.217907083651,0.181271122414,0.996741996283,3.12630207637,1.0,613.867528128,1.20421204158
4561,5.73266817084,0.747350051898,64.3406519222,1.36427982927,0.349361839629,13.5176050707,0.219537906694,0.181198762595,0.996705302893,3.12625025651,1.0,613.865935897,1.20213481679
4562,5.73392505928,0.747153511147,64.3513305687,1.36474365818,0.349269963222,13.4948538147,0.221172110218,0.181126608362,0.996668483511,3.12619900461,1.0,613.86434692,1.20006125942
4563,5.73518194772,0.746957476597,64.3619855434,1.36520754165,0.349178323448,13.4721109258,0.222809710103,0.181054659407,0.996631539488,3.12614831959,1.0,613.862761198,1.19799136517
4564,5.73643883616,0.746761947842,64.3726168412,1.36567147954,0.349086920116,13.4493764826,0.22445072232,0.180982915423,0.996594472175,3.12609820039,1.0,613.861178734,1.19592512982
4565,5.7376957246,0.746566924477,64.383224457,1.3661354717,0.348995753037,13.4266505639,0.226095162922,0.180911376102,0.996557282918,3.12604864595,1.0,613.859599531,1.19386254925
4566,5.73895261304,0.746372406097,64.3938083858,1.36659951798,0.348904822023,13.4039332491,0.227743048048,0.180840041142,0.996519973063,3.12599965519,1.0,613.858023591,1.19180361941
4567,5.74020950148,0.746178392301,64.4043686226,1.36706361823,0.348814126885,13.381224618,0.229394393925,0.180768910236,0.996482543951,3.12595122704,1.0,613.856450916,1.18974833633
4568,5.74146638992,0.745984882687,64.4149051623,1.36752777231,0.348723667435,13.3585247508,0.231049216865,0.180697983083,0.996444996924,3.12590336043,1.0,613.854881509,1.18769669613
4569,5.74272327836,0.745791876854,64.4254179999,1.36799198006,0.348633443487,13.3358337282,0.23270753327,0.180627259381,0.996407333319,3.12585605428,1.0,613.853315373,1.18564869502
4570,5.7439801668,0.745599374403,64.4359071304,1.36845624134,0.348543454854,13.3131516315,0.234369359628,0.180556738829,0.996369554473,3.12580930753,1.0,613.851752509,1.18360432928
4571,5.74523705523,0.745407374935,64.4463725488,1.36892055601,0.348453701349,13.2904785422,0.236034712515,0.180486421126,0.996331661719,3.1257631191,1.0,613.850192922,1.18156359526
4572,5.74649394367,0.745215878054,64.4568142501,1.36938492391,0.348364182787,13.2678145424,0.237703608595,0.180416305976,0.996293656389,3.12571748791,1.0,613.848636612,1.17952648941
4573,5.74775083211,0.745024883363,64.4672322295,1.36984934491,0.348274898982,13.2451597146,0.239376064623,0.180346393079,0.996255539812,3.1256724129,1.0,613.847083583,1.17749300827
4574,5.74900772055,0.744834390467,64.4776264818,1.37031381884,0.348185849751,13.222514142,0.241052097442,0.18027668214,0.996217313315,3.12562789297,1.0,613.845533836,1.17546314843
4575,5.75026460899,0.744644398972,64.4879970022,1.37077834558,0.348097034908,13.1998779079,0.242731723985,0.180207172863,0.996178978223,3.12558392707,1.0,613.843987375,1.17343690658
4576,5.75152149743,0.744454908486,64.4983437858,1.37124292497,0.34800845427,13.1772510965,0.244414961276,0.180137864953,0.996140535858,3.1255405141,1.0,613.842444203,1.1714142795
4577,5.75277838587,0.744265918616,64.5086668276,1.37170755686,0.347920107655,13.154633792,0.246101826429,0.180068758118,0.99610198754,3.12549765299,1.0,613.84090432,1.16939526403
4578,5.75403527431,0.744077428973,64.5189661227,1.37217224111,0.348576817123,13.1320260796,0.24779233665,0.180398803846,0.996055184304,3.12542065204,1.0,613.848247937,1.16647189412
4579,5.75529216275,0.743889439166,64.5292416662,1.37263697758,0.348488749826,13.1094280445,0.249486509235,0.180329894411,0.99601634649,3.12537880028,1.0,613.846716909,1.16445502874
4580,5.75654905119,0.743701948807,64.5394934532,1.37310176611,0.348400916504,13.0868397728,0.251184361574,0.18026118581,0.995977406436,3.12533749832,1.0,613.845189173,1.16244176632
4581,5.75780593963,0.743514957508,64.5497214789,1.37356660657,0.348313316977,13.0642613508,0.252885911149,0.180192677752,0.995938365456,3.12529674505,1.0,613.843664734,1.16043210399
4582,5.75906282806,0.743328464883,64.5599257384,1.3740314988,0.348225951063,13.0416928656,0.254591175533,0.180124369948,0.99589922486,3.1252565394,1.0,613.842143591,1.15842603897
4583,5.7603197165,0.743142470548,64.5701062269,1.37449644267,0.348138818581,13.0191344044,0.256300172394,0.180056262109,0.995859985959,3.12521688028,1.0,613.840625749,1.15642356857
4584,5.76157660494,0.742956974117,64.5802629395,1.37496143803,0.348051919352,12.9965860552,0.258012919495,0.179988353947,0.995820650059,3.1251777666,1.0,613.83911121,1.15442469016
4585,5.76283349338,0.742771975207,64.5903958713,1.37542648473,0.347965253197,12.9740479065,0.259729434689,0.179920645177,0.995781218465,3.12513919728,1.0,613.837599976,1.1524294012
4586,5.76409038182,0.742587473437,64.6005050176,1.37589158263,0.347878819935,12.9515200472,0.261449735929,0.179853135514,0.995741692477,3.12510117123,1.0,613.836092049,1.15043769922
4587,5.76534727026,0.742403468426,64.6105903736,1.37635673159,0.347792619389,12.9290025667,0.263173841259,0.179785824671,0.995702073398,3.12506368735,1.0,613.834587432,1.14844958185
4588,5.7666041587,0.742219959794,64.6206519345,1.37682193146,0.347706651381,12.9064955552,0.264901768819,0.179718712368,0.995662362522,3.12502674455,1.0,613.833086127,1.14646504676
4589,5.76786104714,0.742036947162,64.6306896955,1.37728718209,0.347620915734,12.883999103,0.266633536847,0.17965179832,0.995622561147,3.12499034176,1.0,613.831588136,1.14448409174
4590,5.76911793558,0.741854430152,64.6407036518,1.37775248335,0.34753541227,12.8615133012,0.268369163675,0.179585082248,0.995582670564,3.12495447786,1.0,613.830093463,1.14250671463
4591,5.77037482402,0.741672408387,64.6506937987,1.37821783509,0.347450140813,12.8390382414,0.270108667733,0.17951856387,0.995542692064,3.12491915177,1.0,613.828602109,1.14053291336
4592,5.77163171246,0.741490881493,64.6606601315,1.37868323716,0.347365101186,12.8165740158,0.271852067548,0.179452242907,0.995502626935,3.1248843624,1.0,613.827114077,1.13856268592
4593,5.7728886009,0.741309849094,64.6706026453,1.37914868942,0.347280293216,12.7941207168,0.273599381745,0.179386119082,0.995462476463,3.12485010865,1.0,613.825629369,1.13659603039
4594,5.77414548933,0.741129310818,64.6805213356,1.37961419174,0.347195716726,12.7716784379,0.275350629044,0.179320192116,0.995422241932,3.12481638942,1.0,613.824147988,1.13463294494
4595,5.77540237777,0.740949266291,64.6904161975,1.38007974396,0.347111371542,12.7492472726,0.277105828269,0.179254461734,0.995381924621,3.12478320362,1.0,613.822669935,1.1326734278
4596,5.77665926621,0.740769715142,64.7002872264,1.38054534594,0.34702725749,12.7268273153,0.278864998338,0.17918892766,0.99534152581,3.12475055014,1.0,613.821195214,1.13071747727
4597,5.77791615465,0.740590657002,64.7101344176,1.38101099755,0.346943374398,12.7044186608,0.280628158269,0.17912358962,0.995301046775,3.1247184279,1.0,613.819723826,1.12876509174
4598,5.77917304309,0.7404120915,64.7199577665,1.38147669863,0.346859722091,12.6820214046,0.282395327183,0.179058447341,0.995260488789,3.12468683578,1.0,613.818255775,1.12681626968
4599,5.78042993153,0.74023401827,64.7297572683,1.38194244905,0.346776300397,12.6596356425,0.284166524297,0.178993500551,0.995219853125,3.1246557727,1.0,613.816791061,1.12487100961
4600,5.78168681997,0.740056436943,64.7395329185,1.38240824866,0.346693109145,12.6372614713,0.285941768931,0.178928748977,0.995179141052,3.12462523754,1.0,613.815329688,1.12292931016
4601,5.78294370841,0.739879347154,64.7492847123,1.38287409732,0.346610148163,12.6148989879,0.287721080505,0.17886419235,0.995138353835,3.1245952292,1.0,613.813871658,1.12099117002
4602,5.78420059685,0.739702748538,64.7590126452,1.38333999489,0.34652741728,12.59254829,0.28950447854,0.1787998304,0.99509749274,3.12456574659,1.0,613.812416974,1.11905658794
4603,5.78545748529,0.739526640732,64.7687167126,1.38380594123,0.346444916325,12.570209476,0.29129198266,0.17873566286,0.995056559028,3.12453678859,1.0,613.810965637,1.11712556278
4604,5.78671437373,0.739351023371,64.7783969097,1.3842719362,0.346362645129,12.5478826447,0.29308361259,0.17867168946,0.995015553959,3.1245083541,1.0,613.80951765,1.11519809344
4605,5.78797126216,0.739175896095,64.7880532322,1.38473797965,0.346280603522,12.5255678955,0.294879388159,0.178607909936,0.994974478789,3.12448044201,1.0,613.808073015,1.11327417892
4606,5.7892281506,0.739001258542,64.7976856753,1.38520407144,0.346198791336,12.5032653284,0.296679329296,0.178544324021,0.994933334774,3.12445305122,1.0,613.806631735,1.11135381828
4607,5.79048503904,0.738827110354,64.8072942346,1.38567021143,0.3461172084,12.4809750442,0.298483456037,0.178480931452,0.994892123166,3.12442618061,1.0,613.805193811,1.10943701067
4608,5.79174192748,0.738653451171,64.8168789054,1.38613639949,0.346035854549,12.458697144,0.30029178852,0.178417731964,0.994850845214,3.12439982909,1.0,613.803759247,1.1075237553
4609,5.79299881592,0.738480280636,64.8264396832,1.38660263546,0.345954729614,12.4364317296,0.302104346986,0.178354725294,0.994809502166,3.12437399552,1.0,613.802328044,1.10561405145
4610,5.79425570436,0.738307598393,64.8359765635,1.38706891922,0.346612880066,12.4141789036,0.303921151782,0.178684699392,0.994757234344,3.12431164036,1.0,613.809812204,1.10263736496
4611,5.7955125928,0.738135404086,64.8454895418,1.38753525061,0.346532040096,12.3919387689,0.305742223362,0.178621893169,0.994715677142,3.12428678458,1.0,613.80838983,1.10072969049
4612,5.79676948124,0.73796369736,64.8549786136,1.3880016295,0.346451429031,12.3697114293,0.30756758228,0.178559279582,0.994674058423,3.12426244453,1.0,613.80697082,1.09882556555
4613,5.79802636968,0.737792477863,64.8644437743,1.38846805575,0.346371046704,12.3474969891,0.309397249201,0.178496858369,0.994632379426,3.12423861909,1.0,613.805555176,1.0969249897
4614,5.79928325812,0.737621745241,64.8738850195,1.38893452921,0.346290892951,12.3252955532,0.311231244893,0.178434629272,0.99459064139,3.12421530714,1.0,613.804142899,1.09502796261
4615,5.80054014656,0.737451499144,64.8833023447,1.38940104976,0.346210967606,12.3031072272,0.313069590232,0.178372592033,0.994548845549,3.12419250756,1.0,613.802733992,1.09313448398
4616,5.801797035,0.737281739222,64.8926957454,1.38986761724,0.346131270505,12.2809321173,0.314912306199,0.178310746395,0.994506993137,3.12417021924,1.0,613.801328458,1.09124455363
4617,5.80305392343,0.737112465125,64.9020652173,1.39033423151,0.346051801485,12.2587703303,0.316759413885,0.178249092103,0.994465085384,3.12414844104,1.0,613.799926298,1.08935817142
4618,5.80431081187,0.736943676506,64.9114107558,1.39080089245,0.345972560381,12.2366219737,0.318610934487,0.1781876289,0.994423123517,3.12412717186,1.0,613.798527515,1.0874753373
4619,5.80556770031,0.736775373016,64.9207323565,1.3912675999,0.345893547031,12.2144871558,0.320466889309,0.178126356532,0.994381108762,3.12410641056,1.0,613.797132112,1.0855960513
4620,5.80682458875,0.736607554311,64.9300300151,1.39173435374,0.345814761273,12.1923659851,0.322327299766,0.178065274747,0.994339042342,3.12408615602,1.0,613.795740089,1.08372031349
4621,5.80808147719,0.736440220045,64.9393037272,1.39220115381,0.345736202944,12.1702585713,0.324192187378,0.178004383292,0.994296925478,3.12406640712,1.0,613.79435145,1.08184812406
4622,5.80933836563,0.736273369874,64.9485534882,1.39266799999,0.345657871882,12.1481650245,0.326061573779,0.177943681916,0.994254759386,3.12404716273,1.0,613.792966197,1.07997948324
4623,5.81059525407,0.736107003455,64.9577792939,1.39313489213,0.345579767928,12.1260854554,0.327935480707,0.177883170368,0.994212545284,3.12402842173,1.0,613.791584331,1.07811439135
4624,5.81185214251,0.735941120446,64.9669811399,1.39360183009,0.34550189092,12.1040199755,0.329813930015,0.177822848398,0.994170284382,3.12401018297,1.0,613.790205856,1.07625284878
4625,5.81310903095,0.735775720507,64.9761590219,1.39406881374,0.345424240698,12.081968697,0.331696943661,0.177762715759,0.994127977893,3.12399244534,1.0,613.788830773,1.07439485598
4626,5.81436591939,0.735610803297,64.9853129354,1.39453584293,0.345346817103,12.0599317327,0.333584543717,0.177702772202,0.994085627024,3.12397520771,1.0,613.787459085,1.0725404135
4627,5.81562280783,0.735446368479,64.9944428762,1.39500291753,0.345269619976,12.0379091961,0.335476752365,0.177643017481,0.994043232979,3.12395846893,1.0,613.786090793,1.07068952194
4628,5.81687969626,0.735282415713,65.00354884,1.3954700374,0.345192649158,12.0159012015,0.337373591897,0.177583451349,0.994000796963,3.12394222789,1.0,613.7847259,1.06884218197
4629,5.8181365847,0.735118944664,65.0126308224,1.39593720241,0.345115904492,11.9939078637,0.339275084718,0.177524073562,0.993958320175,3.12392648344,1.0,613.783364409,1.06699839436
4630,5.81939347314,0.734955954996,65.0216888191,1.39640441241,0.345039385819,11.9719292983,0.341181253343,0.177464883876,0.993915803813,3.12391123445,1.0,613.78200632,1.06515815993
4631,5.82065036158,0.734793446373,65.0307228259,1.39687166726,0.344963092982,11.9499656218,0.3430921204,0.177405882048,0.993873249072,3.12389647978,1.0,613.780651637,1.06332147957
4632,5.82190725002,0.734631418464,65.0397328385,1.39733896683,0.344887025825,11.928016951,0.34500770863,0.177347067835,0.993830657145,3.1238822183,1.0,613.779300362,1.06148835426
4633,5.82316413846,0.734469870933,65.0487188526,1.39780631099,0.344811184192,11.9060834039,0.346928040886,0.177288440996,0.993788029222,3.12386844887,1.0,613.777952496,1.05965878505
4634,5.8244210269,0.734308803451,65.057680864,1.39827369959,0.344735567926,11.8841650988,0.348853140134,0.177230001291,0.993745366491,3.12385517034,1.0,613.776608042,1.05783277305
4635,5.82567791534,0.734148215687,65.0666188684,1.3987411325,0.344660176874,11.862262155,0.350783029452,0.17717174848,0.993702670136,3.12384238158,1.0,613.775267003,1.05601031944
4636,5.82693480378,0.733988107311,65.0755328617,1.39920860957,0.344585010879,11.8403746925,0.352717732033,0.177113682325,0.993659941341,3.12383008145,1.0,613.773929379,1.0541914255
4637,5.82819169222,0.733828477994,65.0844228395,1.39967613068,0.344510069789,11.8185028318,0.354657271185,0.177055802588,0.993617181284,3.1238182688,1.0,613.772595174,1.05237609254
4638,5.82944858066,0.73366932741,65.0932887978,1.40014369568,0.344435353448,11.7966466945,0.356601670326,0.176998109032,0.993574391144,3.12380694249,1.0,613.771264389,1.05056432199
4639,5.8307054691,0.733510655231,65.1021307323,1.40061130445,0.344360861705,11.7748064027,0.358550952994,0.176940601421,0.993531572096,3.12379610138,1.0,613.769937027,1.04875611531
4640,5.83196235753,0.733352461132,65.1109486388,1.40107895684,0.344286594405,11.7529820794,0.360505142835,0.17688327952,0.99348872531,3.12378574431,1.0,613.768613089,1.04695147406
4641,5.83321924597,0.733194744789,65.1197425132,1.40154665271,0.344212551397,11.7311738482,0.362464263616,0.176826143096,0.993445851957,3.12377587014,1.0,613.767292579,1.04515039986
4642,5.83447613441,0.733037505879,65.1285123512,1.40201439193,0.344138732529,11.7093818337,0.364428339215,0.176769191914,0.993402953204,3.12376647773,1.0,613.765975497,1.04335289441
4643,5.83573302285,0.732880744078,65.1372581489,1.40248217437,0.34406513765,11.687606161,0.366397393627,0.176712425742,0.993360030216,3.12375756591,1.0,613.764661846,1.04155895946
4644,5.83698991129,0.732724459066,65.145979902,1.40294999989,0.343991766608,11.6658469561,0.368371450962,0.17665584435,0.993317084153,3.12374913355,1.0,613.763351628,1.03976859685
4645,5.83824679973,0.732568650522,65.1546776064,1.40341786835,0.3446519212,11.6441043459,0.370350535446,0.176986175067,0.993260115732,3.1237028604,1.0,613.770989006,1.03673259523
4646,5.83950368817,0.732413318128,65.163351258,1.40388577961,0.344578841895,11.6223784579,0.372334671421,0.176929798261,0.993217035621,3.12369536577,1.0,613.769687577,1.0349442847
4647,5.84076057661,0.732258461563,65.1720008528,1.40435373355,0.344505986454,11.6006694205,0.374323883345,0.17687360611,0.993173935847,3.12368834815,1.0,613.768389582,1.03315955191
4648,5.84201746505,0.732104080513,65.1806263865,1.40482173002,0.344433354729,11.5789773629,0.376318195793,0.176817598383,0.993130817562,3.12368180639,1.0,613.767095024,1.03137839898
4649,5.84327435349,0.731950174659,65.1892278552,1.40528976889,0.344360946569,11.557302415,0.378317633455,0.176761774853,0.993087681918,3.12367573931,1.0,613.765803903,1.02960082813
4650,5.84453124193,0.731796743686,65.1978052549,1.40575785003,0.344288761827,11.5356447077,0.380322221139,0.176706135293,0.993044530064,3.12367014578,1.0,613.764516224,1.02782684161
4651,5.84578813036,0.731643787281,65.2063585813,1.40622597329,0.344216800356,11.5140043724,0.382331983769,0.176650679476,0.993001363146,3.12366502462,1.0,613.763231987,1.02605644178
4652,5.8470450188,0.73149130513,65.2148878306,1.40669413856,0.344145062006,11.4923815417,0.384346946387,0.176595407177,0.992958182306,3.12366037466,1.0,613.761951195,1.02428963105
4653,5.84830190724,0.731339296921,65.2233929987,1.40716234568,0.344073546633,11.4707763488,0.386367134152,0.176540318171,0.992914988686,3.12365619476,1.0,613.760673849,1.02252641192
4654,5.84955879568,0.731187762343,65.2318740815,1.40763059452,0.344002254088,11.4491889277,0.38839257234,0.176485412235,0.992871783423,3.12365248374,1.0,613.759399952,1.02076678693
4655,5.85081568412,0.731036701084,65.2403310751,1.40809888496,0.343931184227,11.4276194134,0.390423286344,0.176430689145,0.992828567653,3.12364924043,1.0,613.758129506,1.01901075872
4656,5.85207257256,0.730886112837,65.2487639755,1.40856721686,0.343860336903,11.4060679417,0.392459301674,0.176376148681,0.992785342509,3.12364646367,1.0,613.756862512,1.01725833
4657,5.853329461,0.730735997293,65.2571727786,1.40903559007,0.343789711973,11.3845346491,0.394500643961,0.17632179062,0.992742109121,3.1236441523,1.0,613.755598974,1.01550950355
4658,5.85458634944,0.730586354144,65.2655574806,1.40950400448,0.34371930929,11.3630196731,0.396547338949,0.176267614742,0.992698868615,3.12364230513,1.0,613.754338892,1.0137642822
4659,5.85584323788,0.730437183084,65.2739180775,1.40997245994,0.343649128711,11.341523152,0.398599412502,0.176213620828,0.992655622117,3.12364092101,1.0,613.753082269,1.01202266887
4660,5.85710012632,0.730288483809,65.2822545653,1.41044095631,0.343579170093,11.3200452251,0.400656890604,0.17615980866,0.992612370749,3.12363999875,1.0,613.751829107,1.01028466657
4661,5.85835701476,0.730140256013,65.2905669401,1.41090949348,0.343509433293,11.2985860324,0.402719799354,0.176106178019,0.99256911563,3.12363953719,1.0,613.750579407,1.00855027834
4662,5.85961390319,0.729992499394,65.298855198,1.41137807129,0.343439918166,11.2771457148,0.404788164969,0.176052728688,0.992525857876,3.12363953515,1.0,613.749333173,1.00681950733
4663,5.86087079163,0.729845213649,65.307119335,1.41184668963,0.343370624573,11.2557244142,0.406862013785,0.175999460453,0.992482598602,3.12363999145,1.0,613.748090405,1.00509235673
4664,5.86212768007,0.729698398478,65.3153593474,1.41231534835,0.34330155237,11.2343222733,0.408941372257,0.175946373097,0.992439338919,3.12364090493,1.0,613.746851106,1.00336882982
4665,5.86338456851,0.729552053579,65.3235752311,1.41278404732,0.343232701417,11.2129394356,0.411026266956,0.175893466406,0.992396079935,3.12364227439,1.0,613.745615278,1.00164892995
4666,5.86464145695,0.729406178654,65.3317669823,1.41325278642,0.343164071572,11.1915760458,0.413116724572,0.175840740167,0.992352822757,3.12364409867,1.0,613.744382923,0.999932660544
4667,5.86589834539,0.729260773404,65.3399345971,1.4137215655,0.343095662695,11.1702322493,0.415212771912,0.175788194166,0.992309568487,3.12364637658,1.0,613.743154042,0.998220025082
4668,5.86715523383,0.729115837532,65.3480780718,1.41419038443,0.343027474648,11.1489081924,0.417314435903,0.175735828193,0.992266318226,3.12364910694,1.0,613.741928638,0.996511027128
4669,5.86841212227,0.728971370742,65.3561974024,1.41465924308,0.342959507289,11.1276040223,0.419421743588,0.175683642036,0.992223073072,3.12365228857,1.0,613.740706713,0.994805670314
4670,5.86966901071,0.728827372738,65.3642925852,1.41512814132,0.34289176048,11.1063198873,0.421534722129,0.175631635484,0.992179834119,3.12365592028,1.0,613.739488268,0.993103958345
4671,5.87092589915,0.728683843227,65.3723636163,1.41559707901,0.342824234084,11.0850559365,0.423653398803,0.175579808329,0.992136602459,3.12366000088,1.0,613.738273306,0.991405894993
4672,5.87218278759,0.728540781914,65.3804104919,1.41606605602,0.342756927961,11.0638123199,0.42577780101,0.175528160363,0.992093379184,3.1236645292,1.0,613.737061828,0.989711484105
4673,5.87343967603,0.728398188509,65.3884332082,1.41653507223,0.342689841974,11.0425891887,0.427907956262,0.175476691376,0.992050165378,3.12366950405,1.0,613.735853837,0.988020729597
4674,5.87469656446,0.728256062718,65.3964317614,1.41700412749,0.342622975986,11.0213866946,0.43004389219,0.175425401163,0.992006962127,3.12367492422,1.0,613.734649334,0.986333635456
4675,5.8759534529,0.728114404252,65.4044061479,1.41747322168,0.342556329861,11.0002049907,0.432185636545,0.175374289517,0.991963770511,3.12368078855,1.0,613.733448322,0.984650205741
4676,5.87721034134,0.727973212822,65.4123563637,1.41794235467,0.342489903463,10.9790442309,0.434333217192,0.175323356233,0.991920591609,3.12368709582,1.0,613.732250801,0.982970444581
4677,5.87846722978,0.72783248814,65.4202824053,1.41841152631,0.342423696655,10.9579045699,0.436486662113,0.175272601107,0.991877426497,3.12369384486,1.0,613.731056775,0.981294356175
4678,5.87972411822,0.727692229917,65.4281842687,1.41888073648,0.342357709303,10.9367861638,0.438645999408,0.175222023935,0.991834276247,3.12370103447,1.0,613.729866245,0.979621944796
4679,5.88098100666,0.727552437867,65.4360619504,1.41934998506,0.342291941272,10.9156891691,0.440811257292,0.175171624514,0.991791141931,3.12370866344,1.0,613.728679212,0.977953214783
4680,5.8822378951,0.727413111706,65.4439154466,1.4198192719,0.342226392427,10.8946137439,0.442982464098,0.175121402643,0.991748024616,3.12371673059,1.0,613.72749568,0.976288170551
4681,5.88349478354,0.727274251148,65.4517447536,1.42028859687,0.342161062635,10.8735600469,0.445159648273,0.175071358119,0.991704925366,3.12372523473,1.0,613.726315649,0.974626816582
4682,5.88475167198,0.72713585591,65.4595498677,1.42075795985,0.342095951763,10.8525282379,0.447342838382,0.175021490744,0.991661845243,3.12373417464,1.0,613.725139121,0.972969157429
4683,5.88600856042,0.72699792571,65.4673307852,1.42122736071,0.342031059677,10.8315184777,0.449532063102,0.174971800316,0.991618785307,3.12374354913,1.0,613.723966099,0.971315197718
4684,5.88726544886,0.726860460267,65.4750875026,1.4216967993,0.341966386245,10.8105309281,0.451727351228,0.174922286638,0.991575746614,3.123753357,1.0,613.722796585,0.969664942142
4685,5.88852233729,0.726723459299,65.4828200161,1.42216627551,0.342629382238,10.7895657521,0.453928731668,0.17525357428,0.991515053631,3.12372534028,1.0,613.730608985,0.966563452505
4686,5.88977922573,0.726586922527,65.490528322,1.42263578919,0.342565009046,10.7686231136,0.456136233446,0.17520427094,0.991471968702,3.12373603253,1.0,613.729448195,0.964915492493
4687,5.89103611417,0.726450849673,65.4982124168,1.42310534023,0.342500854577,10.7477031774,0.458349885697,0.17515514429,0.991428908203,3.12374715547,1.0,613.728290913,0.963271251075
4688,5.89229300261,0.726315240459,65.5058722969,1.42357492848,0.342436918701,10.7268061095,0.460569717674,0.175106194132,0.991385873183,3.1237587079,1.0,613.72713714,0.961630733254
4689,5.89354989105,0.726180094608,65.5135079586,1.42404455382,0.342373201288,10.7059320769,0.462795758738,0.175057420271,0.991342864687,3.1237706886,1.0,613.725986879,0.959993944107
4690,5.89480677949,0.726045411846,65.5211193984,1.42451421612,0.342309702208,10.6850812478,0.465028038366,0.175008822511,0.991299883755,3.12378309636,1.0,613.724840131,0.95836088878
4691,5.89606366793,0.725911191896,65.5287066126,1.42498391525,0.342246421331,10.6642537913,0.467266586147,0.17496040066,0.991256931428,3.12379592997,1.0,613.723696898,0.956731572489
4692,5.89732055637,0.725777434486,65.5362695977,1.42545365108,0.342183358528,10.6434498775,0.46951143178,0.174912154524,0.99121400874,3.12380918822,1.0,613.722557182,0.955106000522
4693,5.89857744481,0.725644139343,65.5438083502,1.42592342347,0.342120513671,10.6226696777,0.471762605077,0.174864083911,0.991171116727,3.12382286989,1.0,613.721420985,0.953484178238
4694,5.89983433325,0.725511306195,65.5513228664,1.4263932323,0.342057886631,10.6019133644,0.474020135958,0.174816188628,0.991128256418,3.12383697377,1.0,613.720288308,0.951866111066
4695,5.90109122169,0.725378934771,65.5588131429,1.42686307744,0.341995477281,10.581181111,0.476284054457,0.174768468485,0.991085428841,3.12385149863,1.0,613.719159154,0.950251804507
4696,5.90234811013,0.725247024802,65.5662791762,1.42733295876,0.341933285494,10.5604730919,0.478554390714,0.174720923293,0.991042635021,3.12386644326,1.0,613.718033524,0.948641264131
4697,5.90360499856,0.725115576018,65.5737209626,1.42780287612,0.341871311142,10.539789483,0.480831174978,0.174673552862,0.990999875979,3.12388180645,1.0,613.71691142,0.94703449558
4698,5.904861887,0.724984588153,65.5811384988,1.4282728294,0.3418095541,10.5191304609,0.483114437608,0.174626357003,0.990957152736,3.12389758695,1.0,613.715792844,0.945431504566
4699,5.90611877544,0.724854060938,65.5885317812,1.42874281848,0.341748014242,10.4984962035,0.48540420907,0.174579335529,0.990914466306,3.12391378357,1.0,613.714677797,0.943832296871
4700,5.90737566388,0.724723994108,65.5959008063,1.42921284321,0.341686691443,10.4778868898,0.487700519936,0.174532488254,0.990871817704,3.12393039507,1.0,613.713566282,0.942236878349
4701,5.90863255232,0.724594387398,65.6032455708,1.42968290347,0.341625585576,10.4573027,0.490003400883,0.17448581499,0.990829207941,3.12394742022,1.0,613.7124583,0.940645254923
4702,5.90988944076,0.724465240544,65.6105660711,1.43015299914,0.341564696519,10.4367438153,0.492312882696,0.174439315552,0.990786638023,3.12396485781,1.0,613.711353852,0.939057432585
4703,5.9111463292,0.724336553284,65.6178623037,1.43062313008,0.341504024147,10.4162104182,0.494628996261,0.174392989757,0.990744108957,3.12398270659,1.0,613.710252942,0.937473417402
4704,5.91240321764,0.724208325354,65.6251342654,1.43109329616,0.341443568336,10.3957026921,0.496951772572,0.174346837419,0.990701621742,3.12400096535,1.0,613.70915557,0.935893215506
4705,5.91366010608,0.724080556494,65.6323819525,1.43156349726,0.341383328964,10.3752208219,0.499281242721,0.174300858357,0.99065917738,3.12401963286,1.0,613.708061738,0.934316833102
4706,5.91491699452,0.723953246444,65.6396053619,1.43203373325,0.341323305907,10.3547649933,0.501617437904,0.174255052388,0.990616776865,3.12403870788,1.0,613.706971448,0.932744276464
4707,5.91617388296,0.723826394945,65.6468044899,1.43250400399,0.341263499044,10.3343353935,0.50396038942,0.174209419331,0.990574421191,3.12405818918,1.0,613.705884701,0.931175551937
4708,5.91743077139,0.723700001737,65.6539793333,1.43297430937,0.341203908253,10.3139322107,0.506310128664,0.174163959004,0.990532111348,3.12407807552,1.0,613.7048015,0.929610665935
4709,5.91868765983,0.723574066565,65.6611298888,1.43344464924,0.341144533412,10.2935556342,0.508666687133,0.174118671228,0.990489848325,3.12409836567,1.0,613.703721846,0.928049624942
4710,5.91994454827,0.723448589171,65.6682561528,1.43391502349,0.3410853744,10.2732058548,0.51103009642,0.174073555824,0.990447633105,3.1241190584,1.0,613.702645741,0.926492435513
4711,5.92120143671,0.723323569301,65.6753581221,1.43438543198,0.341026431098,10.2528830641,0.513400388215,0.174028612613,0.99040546667,3.12414015247,1.0,613.701573187,0.924939104271
4712,5.92245832515,0.7231990067,65.6824357934,1.43485587459,0.340967703386,10.2325874553,0.515777594307,0.173983841417,0.990363349998,3.12416164664,1.0,613.700504185,0.923389637908
4713,5.92371521359,0.723074901115,65.6894891632,1.43532635119,0.340909191142,10.2123192225,0.518161746574,0.17393924206,0.990321284066,3.12418353966,1.0,613.699438736,0.921844043189
4714,5.92497210203,0.722951252292,65.6965182284,1.43579686165,0.34085089425,10.1920785611,0.520552876993,0.173894814366,0.990279269846,3.1242058303,1.0,613.698376844,0.920302326945
4715,5.92622899047,0.722828059981,65.7035229856,1.43626740585,0.34079281259,10.1718656679,0.522951017631,0.173850558158,0.990237308309,3.12422851731,1.0,613.697318509,0.918764496078
4716,5.92748587891,0.722705323931,65.7105034315,1.43673798365,0.340734946044,10.1516807407,0.525356200644,0.173806473264,0.990195400421,3.12425159945,1.0,613.696263733,0.917230557559
4717,5.92874276735,0.722583043893,65.7174595628,1.43720859493,0.340677294494,10.1315239786,0.527768458281,0.173762559508,0.990153547147,3.12427507548,1.0,613.695212518,0.915700518428
4718,5.92999965579,0.722461219617,65.7243913763,1.43767923956,0.340619857824,10.1113955821,0.530187822877,0.173718816717,0.990111749447,3.12429894414,1.0,613.694164865,0.914174385794
4719,5.93125654422,0.722339850856,65.7312988686,1.43814991741,0.340562635915,10.0912957527,0.532614326857,0.173675244719,0.990070008279,3.12432320419,1.0,613.693120776,0.912652166836
4720,5.93251343266,0.722218937363,65.7381820367,1.43862062836,0.340505628653,10.0712246933,0.535048002729,0.173631843343,0.9900283246,3.12434785438,1.0,613.692080253,0.911133868799
4721,5.9337703211,0.722098478893,65.7450408772,1.43909137228,0.340448835921,10.0511826082,0.537488883087,0.173588612417,0.98998669936,3.12437289347,1.0,613.691043298,0.909619499001
4722,5.93502720954,0.7219784752,65.7518753869,1.43956214904,0.340392257603,10.0311697026,0.539937000605,0.173545551771,0.98994513351,3.12439832019,1.0,613.690009911,0.908109064826
4723,5.93628409798,0.721858926041,65.7586855626,1.44003295852,0.340335893585,10.0111861834,0.542392388042,0.173502661237,0.989903627996,3.12442413329,1.0,613.688980096,0.906602573727
4724,5.93754098642,0.721739831172,65.7654714011,1.44050380058,0.340279743752,9.99123225855,0.544855078235,0.173459940644,0.989862183761,3.12445033153,1.0,613.687953853,0.905100033224
4725,5.93879787486,0.721621190352,65.7722328992,1.44097467511,0.34022380799,9.97130813727,0.547325104097,0.173417389826,0.989820801746,3.12447691364,1.0,613.686931183,0.903601450909
4726,5.9400547633,0.72150300334,65.7789700538,1.44144558197,0.340168086185,9.95141403017,0.549802498621,0.173375008615,0.989779482888,3.12450387838,1.0,613.68591209,0.902106834439
4727,5.94131165174,0.721385269895,65.7856828616,1.44191652104,0.340112578225,9.93155014915,0.552287294873,0.173332796845,0.989738228121,3.12453122447,1.0,613.684896574,0.90061619154
4728,5.94256854018,0.721267989778,65.7923713196,1.4423874922,0.340057283996,9.91171670741,0.554779525991,0.17329075435,0.989697038377,3.12455895066,1.0,613.683884636,0.899129530006
4729,5.94382542862,0.721151162751,65.7990354246,1.44285849531,0.340002203385,9.89191391946,0.557279225186,0.173248880964,0.989655914584,3.1245870557,1.0,613.68287628,0.897646857699
4730,5.94508231706,0.721034788577,65.8056751734,1.44332953024,0.339947336282,9.87214200115,0.559786425737,0.173207176524,0.989614857668,3.12461553831,1.0,613.681871505,0.896168182548
4731,5.94633920549,0.720918867019,65.812290563,1.44380059689,0.340614323076,9.85240116966,0.562301160991,0.173540275722,0.989552037968,3.1246080355,1.0,613.689883259,0.893000908699
4732,5.94759609393,0.720803397842,65.8188815903,1.44427169511,0.340559767068,9.8326916435,0.564823464361,0.173498789636,0.989511029637,3.12463733069,1.0,613.688887112,0.891525141018
4733,5.94885298237,0.720688380811,65.8254482521,1.44474282478,0.340505424687,9.81301364254,0.567353369321,0.173457472507,0.989470091078,3.12466700048,1.0,613.687894547,0.890053396544
4734,5.95010987081,0.720573815694,65.8319905453,1.44521398578,0.340451295823,9.79336738799,0.56989090941,0.173416324171,0.989429223205,3.12469704359,1.0,613.686905565,0.888585683538
4735,5.95136675925,0.720459702256,65.838508467,1.44568517797,0.340397380365,9.77375310242,0.572436118225,0.173375344468,0.989388426933,3.12472745876,1.0,613.685920168,0.887122010331
4736,5.95262364769,0.720346040268,65.845002014,1.44615640125,0.340343678204,9.75417100976,0.574989029418,0.173334533238,0.989347703169,3.12475824471,1.0,613.684938357,0.885662385319
4737,5.95388053613,0.720232829497,65.8514711833,1.44662765547,0.340290189231,9.73462133533,0.577549676699,0.17329389032,0.98930705282,3.12478940017,1.0,613.683960134,0.884206816967
4738,5.95513742457,0.720120069714,65.8579159719,1.44709894051,0.340236913338,9.7151043058,0.58011809383,0.173253415555,0.98926647679,3.12482092387,1.0,613.682985501,0.882755313808
4739,5.95639431301,0.72000776069,65.8643363767,1.44757025625,0.340183850416,9.69562014923,0.582694314623,0.173213108785,0.989225975979,3.12485281453,1.0,613.682014459,0.881307884442
4740,5.95765120145,0.719895902198,65.8707323948,1.44804160256,0.340131000358,9.67616909509,0.585278372938,0.173172969853,0.989185551285,3.12488507087,1.0,613.68104701,0.879864537535
4741,5.95890808989,0.71978449401,65.8771040231,1.44851297932,0.340078363056,9.65675137422,0.58787030268,0.173132998601,0.989145203601,3.12491769161,1.0,613.680083155,0.87842528182
4742,5.96016497832,0.719673535901,65.8834512586,1.4489843864,0.340025938403,9.63736721888,0.5904701378,0.173093194873,0.98910493382,3.12495067547,1.0,613.679122895,0.876990126097
4743,5.96142186676,0.719563027645,65.8897740984,1.44945582368,0.339973726294,9.61801686271,0.593077912286,0.173053558514,0.989064742828,3.12498402118,1.0,613.678166233,0.875559079234
4744,5.9626787552,0.719452969018,65.8960725395,1.44992729104,0.339921726623,9.59870054081,0.595693660167,0.173014089369,0.989024631512,3.12501772745,1.0,613.67721317,0.874132150162
4745,5.96393564364,0.719343359797,65.9023465789,1.45039878833,0.339869939283,9.57941848964,0.598317415505,0.172974787283,0.988984600753,3.125051793,1.0,613.676263707,0.872709347881
4746,5.96519253208,0.719234199759,65.9085962138,1.45087031546,0.33981836417,9.56017094715,0.600949212398,0.172935652104,0.98894465143,3.12508621654,1.0,613.675317846,0.871290681455
4747,5.96644942052,0.719125488683,65.9148214411,1.45134187227,0.339767001179,9.54095815266,0.60358908497,0.172896683679,0.988904784419,3.12512099679,1.0,613.674375588,0.869876160016
4748,5.96770630896,0.719017226349,65.921022258,1.45181345867,0.339715850207,9.52178034697,0.606237067375,0.172857881856,0.988865000593,3.12515613246,1.0,613.673436936,0.868465792759
4749,5.9689631974,0.718909412537,65.9271986615,1.45228507451,0.339664911148,9.5026377723,0.60889319379,0.172819246483,0.988825300822,3.12519162226,1.0,613.672501889,0.867059588945
4750,5.97022008584,0.718802047029,65.9333506488,1.45275671967,0.339614183901,9.48353067233,0.611557498414,0.172780777411,0.988785685972,3.1252274649,1.0,613.671570451,0.865657557901
4751,5.97147697428,0.718695129607,65.939478217,1.45322839403,0.339563668363,9.46445929218,0.614230015462,0.172742474489,0.988746156907,3.12526365909,1.0,613.670642622,0.864259709019
4752,5.97273386272,0.718588660054,65.9455813632,1.45370009747,0.33951336443,9.44542387845,0.616910779168,0.172704337568,0.988706714488,3.12530020353,1.0,613.669718403,0.862866051753
4753,5.97399075116,0.718482638154,65.9516600845,1.45417182987,0.339463272,9.42642467917,0.619599823775,0.1726663665,0.988667359571,3.12533709695,1.0,613.668797798,0.861476595624
4754,5.97524763959,0.718377063693,65.9577143781,1.45464359108,0.339413390974,9.40746194388,0.622297183535,0.172628561137,0.988628093012,3.12537433803,1.0,613.667880805,0.860091350216
4755,5.97650452803,0.718271936457,65.9637442412,1.45511538101,0.339363721248,9.38853592357,0.625002892706,0.172590921332,0.988588915661,3.12541192549,1.0,613.666967428,0.858710325177
4756,5.97776141647,0.718167256231,65.9697496708,1.45558719951,0.339314262724,9.3696468707,0.627716985548,0.172553446939,0.988549828366,3.12544985802,1.0,613.666057668,0.85733353022
4757,5.97901830491,0.718063022806,65.9757306644,1.45605904647,0.339265015299,9.35079503925,0.630439496321,0.172516137812,0.988510831973,3.12548813433,1.0,613.665151526,0.855960975118
4758,5.98027519335,0.717959235968,65.9816872189,1.45653092175,0.339215978876,9.33198068465,0.633170459277,0.172478993806,0.988471927323,3.12552675312,1.0,613.664249004,0.854592669711
4759,5.98153208179,0.717855895509,65.9876193316,1.45700282525,0.339167153353,9.31320406385,0.635909908663,0.172442014777,0.988433115254,3.12556571309,1.0,613.663350103,0.853228623899
4760,5.98278897023,0.717753001218,65.9935269998,1.45747475683,0.339118538633,9.29446543529,0.638657878711,0.172405200581,0.988394396604,3.12560501293,1.0,613.662454824,0.851868847646
4761,5.98404585867,0.717650552887,65.9994102207,1.45794671638,0.339070134617,9.27576505892,0.641414403639,0.172368551076,0.988355772203,3.12564465135,1.0,613.661563169,0.850513350977
4762,5.98530274711,0.717548550309,66.0052689915,1.45841870376,0.339021941207,9.25710319619,0.644179517645,0.17233206612,0.988317242882,3.12568462703,1.0,613.660675139,0.84916214398
4763,5.98655963555,0.717446993278,66.0111033095,1.45889071885,0.338973958305,9.23848011006,0.646953254904,0.17229574557,0.988278809467,3.12572493867,1.0,613.659790736,0.847815236804
4764,5.98781652399,0.717345881586,66.0169131719,1.45936276154,0.338926185814,9.21989606501,0.649735649561,0.172259589287,0.98824047278,3.12576558497,1.0,613.658909962,0.846472639661
4765,5.98907341242,0.717245215031,66.0226985761,1.4598348317,0.338878623638,9.20135132705,0.652526735734,0.17222359713,0.988202233641,3.12580656461,1.0,613.658032817,0.845134362822
4766,5.99033030086,0.717144993407,66.0284595192,1.4603069292,0.33883127168,9.18284616371,0.655326547502,0.172187768959,0.988164092868,3.12584787629,1.0,613.657159303,0.84380041662
4767,5.9915871893,0.717045216513,66.0341959987,1.46077905392,0.338784129844,9.16438084403,0.658135118906,0.172152104637,0.988126051274,3.12588951869,1.0,613.656289421,0.842470811446
4768,5.99284407774,0.716945884146,66.0399080118,1.46125120574,0.338737198034,9.14595563861,0.66095248394,0.172116604024,0.98808810967,3.1259314905,1.0,613.655423173,0.841145557756
4769,5.99410096618,0.716846996104,66.0455955559,1.46172338454,0.338690476157,9.12757081957,0.663778676555,0.172081266984,0.988050268862,3.12597379042,1.0,613.65456056,0.83982466606
4770,5.99535785462,0.716748552189,66.0512586282,1.46219559019,0.338643964117,9.10922666057,0.666613730644,0.17204609338,0.988012529656,3.12601641712,1.0,613.653701584,0.838508146932
4771,5.99661474306,0.7166505522,66.0568972262,1.46266782257,0.33859766182,9.09092343682,0.669457680047,0.172011083076,0.987974892851,3.12605936928,1.0,613.652846246,0.837196011002
4772,5.9978716315,0.71655299594,66.0625113473,1.46314008156,0.338551569172,9.07266142507,0.672310558538,0.171976235937,0.987937359246,3.1261026456,1.0,613.651994547,0.835888268961
4773,5.99912851994,0.71645588321,66.0681009886,1.46361236704,0.338505686081,9.05444090361,0.675172399828,0.171941551827,0.987899929635,3.12614624476,1.0,613.651146489,0.834584931556
4774,6.00038540838,0.716359213815,66.0736661478,1.46408467887,0.338460012453,9.03626215231,0.678043237555,0.171907030614,0.987862604811,3.12619016543,1.0,613.650302072,0.833286009594
4775,6.00164229682,0.716262987559,66.0792068221,1.46455701695,0.338414548195,9.01812545256,0.680923105282,0.171872672163,0.98782538556,3.12623440629,1.0,613.649461299,0.831991513938
4776,6.00289918525,0.716167204246,66.0847230089,1.46502938115,0.338369293217,9.00003108733,0.68381203649,0.171838476343,0.987788272669,3.12627896602,1.0,613.648624171,0.83070145551
4777,6.00415607369,0.716071863685,66.0902147058,1.46550177135,0.338324247426,8.98197934114,0.686710064574,0.171804443021,0.987751266918,3.1263238433,1.0,613.647790688,0.829415845286
4778,6.00541296213,0.715976965681,66.09568191,1.46597418742,0.338279410732,8.96397050008,0.689617222839,0.171770572065,0.987714369088,3.12636903681,1.0,613.646960853,0.828134694302
4779,6.00666985057,0.715882510042,66.1011246191,1.46644662924,0.338234783043,8.94600485178,0.692533544492,0.171736863346,0.987677579953,3.12641454522,1.0,613.646134667,0.826858013647
4780,6.00792673901,0.715788496579,66.1065428305,1.46691909669,0.338190364269,8.92808268548,0.695459062639,0.171703316734,0.987640900285,3.1264603672,1.0,613.645312131,0.825585814467
4781,6.00918362745,0.715694925099,66.1119365417,1.46739158965,0.338146154321,8.91020429193,0.698393810281,0.171669932099,0.987604330854,3.12650650142,1.0,613.644493246,0.824318107962
4782,6.01044051589,0.715601795415,66.1173057501,1.467864108,0.338102153109,8.8923699635,0.701337820304,0.171636709312,0.987567872426,3.12655294656,1.0,613.643678013,0.823054905388
4783,6.01169740433,0.715509107339,66.1226504532,1.46833665161,0.338058360544,8.8745799941,0.704291125477,0.171603648246,0.987531525763,3.12659970128,1.0,613.642866435,0.821796218055
4784,6.01295429277,0.715416860681,66.1279706486,1.46880922036,0.338014776538,8.85683467922,0.707253758446,0.171570748773,0.987495291624,3.12664676426,1.0,613.642058512,0.820542057326
4785,6.01421118121,0.715325055257,66.1332663337,1.46928181414,0.337971401002,8.83913431592,0.710225751727,0.171538010767,0.987459170767,3.12669413416,1.0,613.641254245,0.819292434619
4786,6.01546806965,0.715233690881,66.1385375061,1.46975443282,0.337928233849,8.82147920284,0.713207137701,0.171505434102,0.987423163944,3.12674180964,1.0,613.640453636,0.818047361401
4787,6.01672495809,0.715142767368,66.1437841633,1.47022707627,0.338601133611,8.80386964018,0.716197948607,0.171841761913,0.987360782641,3.12675802708,1.0,613.648704617,0.81482931921
4788,6.01798184652,0.715052284533,66.1490063028,1.47069974438,0.33855829239,8.78630592972,0.71919821654,0.171809415439,0.987324928819,3.12680641217,1.0,613.647912485,0.813588468659
4789,6.01923873496,0.714962242195,66.1542039223,1.47117243703,0.338515659731,8.76878837481,0.722207973439,0.171777230401,0.987289191513,3.12685509951,1.0,613.647124008,0.812352209093
4790,6.0204956234,0.714872640172,66.1593770192,1.47164515409,0.33847323555,8.75131728038,0.725227251085,0.171745206674,0.987253571464,3.12690408773,1.0,613.646339189,0.811120552307
4791,6.02175251184,0.714783478281,66.1645255911,1.47211789545,0.33843101976,8.73389295293,0.728256081091,0.171713344136,0.98721806941,3.12695337552,1.0,613.645558029,0.80989351015
4792,6.02300940028,0.714694756344,66.1696496357,1.47259066098,0.338389012276,8.71651570053,0.731294494902,0.171681642663,0.987182686088,3.12700296151,1.0,613.644780528,0.808671094519
4793,6.02426628872,0.714606474181,66.1747491506,1.47306345056,0.338347213013,8.69918583282,0.734342523781,0.171650102135,0.987147422229,3.12705284436,1.0,613.644006689,0.807453317363
4794,6.02552317716,0.714518631613,66.1798241333,1.47353626407,0.338305621888,8.68190366102,0.737400198808,0.171618722429,0.987112278562,3.12710302274,1.0,613.643236513,0.80624019068
4795,6.0267800656,0.714431228464,66.1848745815,1.47400910139,0.338264238815,8.66466949789,0.740467550869,0.171587503426,0.987077255812,3.12715349528,1.0,613.64247,0.805031726519
4796,6.02803695404,0.714344264556,66.1899004928,1.4744819624,0.338223063712,8.6474836578,0.743544610655,0.171556445006,0.987042354702,3.12720426065,1.0,613.641707152,0.803827936977
4797,6.02929384248,0.714257739714,66.1949018649,1.47495484697,0.338182096494,8.63034645664,0.746631408648,0.171525547049,0.98700757595,3.12725531749,1.0,613.640947971,0.802628834197
4798,6.03055073092,0.714171653763,66.1998786955,1.475427755,0.33814133708,8.6132582119,0.749727975119,0.171494809437,0.986972920273,3.12730666445,1.0,613.640192457,0.801434430374
4799,6.03180761935,0.71408600653,66.2048309821,1.47590068635,0.338100785387,8.59621924261,0.752834340119,0.171464232052,0.986938388382,3.12735830019,1.0,613.639440611,0.800244737746
4800,6.03306450779,0.714000797841,66.2097587226,1.4763736409,0.338060441333,8.57922986935,0.755950533474,0.171433814777,0.986903980987,3.12741022334,1.0,613.638692435,0.7990597686
4801,6.03432139623,0.713916027524,66.2146619145,1.47684661854,0.338020304837,8.56229041428,0.759076584774,0.171403557495,0.986869698794,3.12746243256,1.0,613.637947931,0.797879535269
4802,6.03557828467,0.713831695409,66.2195405557,1.47731961915,0.337980375817,8.5454012011,0.762212523368,0.171373460091,0.986835542505,3.12751492648,1.0,613.637207098,0.796704050129
4803,6.03683517311,0.713747801325,66.2243946438,1.4777926426,0.337940654194,8.52856255504,0.765358378357,0.171343522448,0.986801512819,3.12756770376,1.0,613.636469939,0.795533325603
4804,6.03809206155,0.713664345102,66.2292241765,1.47826568878,0.337901139886,8.51177480289,0.768514178586,0.171313744453,0.986767610432,3.12762076302,1.0,613.635736455,0.794367374157
4805,6.03934894999,0.713581326573,66.2340291516,1.47873875756,0.337861832815,8.49503827298,0.771679952634,0.171284125991,0.986733836038,3.12767410293,1.0,613.635006646,0.7932062083
4806,6.04060583843,0.713498745569,66.2388095669,1.47921184882,0.3378227329,8.47835329518,0.774855728809,0.17125466695,0.986700190325,3.12772772211,1.0,613.634280514,0.792049840585
4807,6.04186272687,0.713416601924,66.2435654201,1.47968496245,0.337783840063,8.46172020086,0.778041535141,0.171225367216,0.986666673979,3.12778161921,1.0,613.63355806,0.790898283606
4808,6.04311961531,0.713334895472,66.248296709,1.48015809833,0.337745154226,8.44513932295,0.78123739937,0.171196226677,0.986633287683,3.12783579285,1.0,613.632839285,0.78975155
4809,6.04437650375,0.713253626049,66.2530034314,1.48063125633,0.337706675309,8.42861099588,0.78444334894,0.171167245222,0.986600032117,3.12789024169,1.0,613.632124191,0.788609652441
4810,6.04563339219,0.71317279349,66.257685585,1.48110443633,0.337668403237,8.41213555559,0.787659410993,0.17113842274,0.986566907957,3.12794496435,1.0,613.631412778,0.787472603648
4811,6.04689028062,0.713092397632,66.2623431678,1.48157763822,0.337630337931,8.39571333954,0.790885612358,0.171109759121,0.986533915875,3.12799995948,1.0,613.630705048,0.786340416376
4812,6.04814716906,0.713012438313,66.2669761775,1.48205086187,0.337592479314,8.37934468669,0.794121979543,0.171081254256,0.986501056541,3.12805522569,1.0,613.630001002,0.785583223375
4813,6.0494040575,0.712932915372,66.2715846119,1.48252410717,0.337554827311,8.36302993747,0.797368538726,0.171052908035,0.986468330621,3.12811076163,1.0,613.62930064,0.786705649184
4814,6.05066094594,0.712853828649,66.2761684689,1.48299737399,0.337517381846,8.34676943382,0.800625315748,0.171024720351,0.986435738777,3.12816656593,1.0,613.628603965,0.787823174974
4815,6.05191783438,0.712775177983,66.2807277464,1.48347066222,0.337480142842,8.33056351915,0.803892336106,0.170996691096,0.98640328167,3.12822263721,1.0,613.627910976,0.78893578784
4816,6.05317472282,0.712696963216,66.2852624422,1.48394397173,0.337443110224,8.31441253835,0.807169624938,0.170968820162,0.986370959956,3.12827897412,1.0,613.627221676,0.79004347484
4817,6.05443161126,0.71261918419,66.2897725543,1.48441730242,0.337406283919,8.29831683774,0.810457207019,0.170941107444,0.986338774286,3.12833557526,1.0,613.626536065,0.791146222998
4818,6.0556884997,0.71254184075,66.2942580804,1.48489065415,0.337369663851,8.28227676513,0.813755106754,0.170913552836,0.986306725311,3.12839243927,1.0,613.625854145,0.792244019301
4819,6.05694538814,0.712464932737,66.2987190186,1.4853640268,0.337333249948,8.26629266976,0.817063348161,0.170886156233,0.986274813677,3.12844956479,1.0,613.625175916,0.793336850706
4820,6.05820227658,0.712388459999,66.3031553666,1.48583742027,0.337297042134,8.25036490229,0.820381954871,0.17085891753,0.986243040027,3.12850695042,1.0,613.62450138,0.794424704136
4821,6.05945916502,0.712312422379,66.3075671226,1.48631083443,0.337261040339,8.23449381483,0.823710950111,0.170831836624,0.986211404999,3.1285645948,1.0,613.623830537,0.795507566481
4822,6.06071605345,0.712236819726,66.3119542843,1.48678426916,0.337225244488,8.21867976088,0.827050356702,0.170804913411,0.98617990923,3.12862249654,1.0,613.623163389,0.796585424603
4823,6.06197294189,0.712161651886,66.3163168498,1.48725772434,0.337189654509,8.20292309535,0.830400197041,0.170778147789,0.986148553353,3.12868065427,1.0,613.622499937,0.797658265331
4824,6.06322983033,0.712086918708,66.320654817,1.48773119985,0.337154270332,8.18722417455,0.833760493101,0.170751539656,0.986117337996,3.12873906662,1.0,613.621840182,0.798726075465
4825,6.06448671877,0.712012620041,66.3249681838,1.48820469558,0.337119091884,8.17158335616,0.837131266413,0.170725088911,0.986086263786,3.12879773219,1.0,613.621184125,0.799788841778
4826,6.06574360721,0.711938755737,66.3292569483,1.4886782114,0.337084119095,8.15600099922,0.84051253806,0.170698795453,0.986055331346,3.12885664961,1.0,613.620531767,0.800846551014
4827,6.06700049565,0.711865325645,66.3335211085,1.4891517472,0.337049351895,8.14047746415,0.84390432867,0.170672659182,0.986024541294,3.12891581749,1.0,613.619883109,0.801899189891
4828,6.06825738409,0.711792329618,66.3377606624,1.48962530286,0.337014790212,8.1250131127,0.847306658398,0.170646679999,0.985993894247,3.12897523445,1.0,613.619238152,0.802946745102
4829,6.06951427253,0.711719767508,66.341975608,1.49009887825,0.336980433978,8.10960830792,0.850719546926,0.170620857805,0.985963390816,3.12903489911,1.0,613.618596897,0.803989203312
4830,6.07077116097,0.71164763917,66.3461659433,1.49057247327,0.336946283123,8.09426341422,0.854143013445,0.170595192501,0.985933031611,3.12909481008,1.0,613.617959345,0.805026551164
4831,6.07202804941,0.711575944458,66.3503316663,1.49104608778,0.336912337579,8.07897879728,0.857577076649,0.17056968399,0.985902817238,3.12915496597,1.0,613.617325497,0.806058775278
4832,6.07328493785,0.711504683228,66.3544727752,1.49151972168,0.336878597277,8.06375482408,0.861021754722,0.170544332176,0.985872748298,3.1292153654,1.0,613.616695354,0.807085862252
4833,6.07454182629,0.711433855336,66.358589268,1.49199337485,0.336845062149,8.04859186286,0.864477065331,0.170519136962,0.985842825392,3.12927600697,1.0,613.616068918,0.80810779866
4834,6.07579871472,0.711363460639,66.3626811427,1.49246704716,0.336811732127,8.03349028311,0.867943025612,0.170494098252,0.985813049113,3.1293368893,1.0,613.615446189,0.809124571058
4835,6.07705560316,0.711293498996,66.3667483975,1.4929407385,0.336778607145,8.01845045556,0.871419652164,0.170469215951,0.985783420055,3.12939801099,1.0,613.614827168,0.810136165983
4836,6.0783124916,0.711223970266,66.3707910305,1.49341444874,0.336745687136,8.00347275218,0.874906961032,0.170444489965,0.985753938805,3.12945937066,1.0,613.614211856,0.811142569951
4837,6.07956938004,0.711154874308,66.3748090398,1.49388817778,0.336712972033,7.98855754612,0.878404967704,0.1704199202,0.98572460595,3.1295209669,1.0,613.613600254,0.812143769462
4838,6.08082626848,0.711086210983,66.3788024234,1.49436192549,0.33668046177,7.97370521171,0.881913687094,0.170395506562,0.985695422071,3.12958279834,1.0,613.612992363,0.813139751
4839,6.08208315692,0.711017980154,66.3827711796,1.49483569176,0.336648156282,7.95891612447,0.885433133533,0.17037124896,0.985666387746,3.12964486356,1.0,613.612388184,0.814130501031
4840,6.08334004536,0.710950181683,66.3867153065,1.49530947646,0.336616055504,7.94419066106,0.88896332076,0.170347147301,0.985637503551,3.12970716118,1.0,613.611787718,0.81511600601
4841,6.0845969338,0.710882815433,66.3906348022,1.49578327948,0.336584159372,7.92952919925,0.892504261911,0.170323201494,0.985608770057,3.12976968979,1.0,613.611190967,0.816096252376
4842,6.08585382224,0.710815881268,66.3945296649,1.4962571007,0.33655246782,7.91493211794,0.896055969503,0.170299411448,0.985580187833,3.129832448,1.0,613.61059793,0.817071226555
4843,6.08711071068,0.710749379054,66.3983998928,1.49673094,0.336520980786,7.9003997971,0.899618455431,0.170275777073,0.985551757442,3.12989543442,1.0,613.610008609,0.818040914963
4844,6.08836759912,0.710683308657,66.4022454841,1.49720479727,0.336489698206,7.88593261779,0.90319173095,0.170252298279,0.985523479448,3.12995864763,1.0,613.609423005,0.819005304005
4845,6.08962448755,0.710617669944,66.406066437,1.49767867239,0.336458620017,7.87153096209,0.906775806668,0.170228974978,0.985495354407,3.13002208625,1.0,613.608841119,0.819964380076
4846,6.09088137599,0.710552462783,66.4098627497,1.49815256523,0.336427746155,7.85719521312,0.910370692531,0.170205807081,0.985467382874,3.13008574886,1.0,613.608262951,0.820918129563
4847,6.09213826443,0.710487687042,66.4136344205,1.49862647569,0.33639707656,7.84292575499,0.913976397817,0.1701827945,0.9854395654,3.13014963407,1.0,613.607688504,0.821866538847
4848,6.09339515287,0.710423342591,66.4173814475,1.49910040364,0.33636661117,7.82872297279,0.91759293112,0.170159937149,0.985411902532,3.13021374047,1.0,613.607117776,0.8228095943
4849,6.09465204131,0.710359429301,66.4211038291,1.49957434897,0.336336349922,7.81458725256,0.92122030034,0.170137234941,0.985384394816,3.13027806665,1.0,613.60655077,0.823747282291
4850,6.09590892975,0.710295947043,66.4248015635,1.50004831155,0.336306292757,7.80051898128,0.924858512674,0.17011468779,0.985357042791,3.13034261122,1.0,613.605987487,0.824679589186
4851,6.09716581819,0.710232895689,66.4284746489,1.50052229128,0.336276439613,7.78651854682,0.928507574599,0.17009229561,0.985329846995,3.13040737276,1.0,613.605427927,0.825606501344
4852,6.09842270663,0.710170275112,66.4321230837,1.50099628803,0.336246790431,7.77258633792,0.932167491869,0.170070058318,0.985302807962,3.13047234986,1.0,613.604872091,0.826528005127
4853,6.09967959507,0.710108085187,66.4357468661,1.50147030169,0.336217345151,7.7587227442,0.935838269494,0.170047975828,0.985275926222,3.13053754112,1.0,613.60431998,0.827444086892
4854,6.10093648351,0.710046325787,66.4393459946,1.50194433213,0.336188103714,7.74492815608,0.939519911735,0.170026048059,0.985249202302,3.13060294513,1.0,613.603771594,0.828354733001
4855,6.10219337195,0.70998499679,66.4429204673,1.50241837925,0.33615906606,7.73120296479,0.94321242209,0.170004274925,0.985222636725,3.13066856048,1.0,613.603226936,0.829259929813
4856,6.10345026038,0.709924098071,66.4464702826,1.50289244292,0.336130232132,7.71754756232,0.946915803284,0.169982656347,0.985196230012,3.13073438575,1.0,613.602686006,0.830159663693
4857,6.10470714882,0.709863629507,66.4499954389,1.50336652302,0.336101601872,7.70396234141,0.950630057255,0.169961192241,0.98516998268,3.13080041954,1.0,613.602148803,0.83105392101
4858,6.10596403726,0.709803590978,66.4534959345,1.50384061945,0.336073175221,7.69044769549,0.954355185144,0.169939882527,0.98514389524,3.13086666043,1.0,613.601615331,0.831942688136
4859,6.1072209257,0.709743982363,66.4569717678,1.50431473208,0.336044952123,7.67700401871,0.958091187285,0.169918727124,0.985117968204,3.130933107,1.0,613.601085588,0.83282595145
4860,6.10847781414,0.709684803541,66.4604229371,1.5047888608,0.33601693252,7.66363170584,0.961838063187,0.169897725953,0.985092202076,3.13099975785,1.0,613.600559577,0.83370369734
4861,6.10973470258,0.709626054394,66.4638494409,1.50526300548,0.335989116358,7.65033115228,0.965595811532,0.169876878934,0.98506659736,3.13106661155,1.0,613.600037298,0.834575912202
4862,6.11099159102,0.709567734803,66.4672512776,1.50573716602,0.335961503578,7.63710275402,0.969364430154,0.169856185988,0.985041154555,3.13113366669,1.0,613.599518751,0.835442582441
4863,6.11224847946,0.709509844651,66.4706284455,1.50621134229,0.335934094127,7.62394690761,0.973143916036,0.169835647038,0.985015874156,3.13120092185,1.0,613.599003938,0.836303694475
4864,6.1135053679,0.709452383822,66.4739809432,1.50668553418,0.335906887949,7.6108640101,0.97693426529,0.169815262007,0.984990756657,3.13126837561,1.0,613.598492859,0.837159234732
4865,6.11476225634,0.7093953522,66.4773087689,1.50715974157,0.335879884988,7.59785445906,0.980735473151,0.169795030816,0.984965802545,3.13133602656,1.0,613.597985516,0.838009189655
4866,6.11601914478,0.70933874967,66.4806119213,1.50763396434,0.336563133984,7.5849186525,0.984547533966,0.170137844936,0.984909285094,3.13138200284,1.0,613.606566008,0.841193278512
4867,6.11727603322,0.709282576119,66.4838903987,1.50810820238,0.336536481068,7.57205698886,0.988370441177,0.170117864735,0.984884605683,3.13145018939,1.0,613.606066864,0.842035982268
4868,6.11853292165,0.709226831433,66.4871441996,1.50858245557,0.336510031637,7.55926986696,0.992204187315,0.170098038586,0.984860091458,3.13151856929,1.0,613.605571453,0.842873040941
4869,6.11978981009,0.709171515501,66.4903733225,1.50905672379,0.336483785639,7.54655768596,0.996048763987,0.170078366416,0.984835742897,3.13158714111,1.0,613.605079774,0.843704440856
4870,6.12104669853,0.709116628211,66.4935777659,1.50953100694,0.336457743021,7.53392084535,0.999904161863,0.17005884815,0.984811560471,3.13165590341,1.0,613.60459183,0.844530168353
4871,6.12230358697,0.709062169453,66.4967575283,1.51000530488,0.336431903731,7.52135974488,1.00377037067,0.170039483713,0.984787544649,3.13172485479,1.0,613.60410762,0.845350209798
4872,6.12356047541,0.709008139118,66.4999126082,1.51047961751,0.336406267716,7.50887478455,1.00764737916,0.170020273034,0.984763695896,3.13179399379,1.0,613.603627145,0.846164551576
4873,6.12481736385,0.708954537096,66.5030430041,1.5109539447,0.336380834925,7.49646636456,1.01153517514,0.17000121604,0.984740014676,3.13186331901,1.0,613.603150406,0.846973180097
4874,6.12607425229,0.708901363281,66.5061487146,1.51142828635,0.336355605307,7.48413488526,1.01543374542,0.169982312659,0.984716501445,3.131932829,1.0,613.602677405,0.847776081795
4875,6.12733114073,0.708848617565,66.5092297383,1.51190264233,0.336330578811,7.47188074712,1.01934307583,0.16996356282,0.984693156659,3.13200252233,1.0,613.602208141,0.848573243132
4876,6.12858802917,0.708796299842,66.5122860736,1.51237701252,0.336305755387,7.4597043507,1.02326315118,0.169944966452,0.984669980769,3.13207239758,1.0,613.601742615,0.849364650595
4877,6.12984491761,0.708744410007,66.5153177193,1.51285139683,0.336281134984,7.44760609659,1.02719395527,0.169926523486,0.984646974223,3.13214245331,1.0,613.601280829,0.850150290703
4878,6.13110180605,0.708692947956,66.5183246737,1.51332579511,0.336256717555,7.43558638538,1.0311354709,0.169908233851,0.984624137465,3.13221268809,1.0,613.600822782,0.850930150003
4879,6.13235869448,0.708641913585,66.5213069357,1.51380020727,0.336232503048,7.42364561761,1.03508767979,0.169890097479,0.984601470936,3.13228310048,1.0,613.600368476,0.851704215075
4880,6.13361558292,0.708591306791,66.5242645037,1.51427463318,0.336208491417,7.41178419373,1.03905056266,0.169872114302,0.984578975072,3.13235368904,1.0,613.599917911,0.852472472531
4881,6.13487247136,0.708541127474,66.5271973764,1.51474907272,0.336184682612,7.40000251407,1.04302409914,0.169854284252,0.984556650309,3.13242445235,1.0,613.599471089,0.85323490902
4882,6.1361293598,0.708491375532,66.5301055524,1.51522352579,0.336161076585,7.38830097878,1.04700826781,0.169836607262,0.984534497075,3.13249538897,1.0,613.599028009,0.853991511225
4883,6.13738624824,0.708442050866,66.5329890304,1.51569799226,0.33613767329,7.37667998779,1.05100304617,0.169819083266,0.984512515798,3.13256649745,1.0,613.598588673,0.854742265865
4884,6.13864313668,0.708393153375,66.5358478091,1.51617247202,0.336114472679,7.36513994074,1.05500841063,0.169801712197,0.984490706901,3.13263777636,1.0,613.59815308,0.8554871597
4885,6.13990002512,0.708344682962,66.538681887,1.51664696496,0.336091474705,7.35368123699,1.0590243365,0.16978449399,0.984469070802,3.13270922426,1.0,613.597721233,0.856226179529
4886,6.14115691356,0.70829663953,66.5414912629,1.51712147095,0.336068679323,7.34230427552,1.06305079798,0.169767428581,0.984447607919,3.13278083971,1.0,613.597293131,0.856959312193
4887,6.142413802,0.708249022982,66.5442759354,1.51759598988,0.336046086486,7.33100945492,1.06708776816,0.169750515906,0.984426318662,3.13285262128,1.0,613.596868776,0.857686544575
4888,6.14367069044,0.708201833222,66.5470359033,1.51807052163,0.33602369615,7.31979717331,1.07113521901,0.1697337559,0.984405203443,3.13292456751,1.0,613.596448167,0.858407863604
4889,6.14492757888,0.708155070156,66.5497711653,1.5185450661,0.336001508268,7.30866782832,1.07519312135,0.169717148501,0.984384262665,3.13299667697,1.0,613.596031306,0.859123256254
4890,6.14618446732,0.708108733689,66.5524817201,1.51901962316,0.335979522798,7.29762181702,1.07926144486,0.169700693647,0.98436349673,3.13306894821,1.0,613.595618193,0.859832709544
4891,6.14744135575,0.708062823729,66.5551675664,1.51949419269,0.335957739693,7.28665953588,1.08334015807,0.169684391276,0.984342906037,3.1331413798,1.0,613.595208829,0.860536210544
4892,6.14869824419,0.708017340183,66.557828703,1.51996877459,0.335936158912,7.27578138073,1.08742922833,0.169668241326,0.984322490981,3.13321397028,1.0,613.594803215,0.861233746375
4893,6.14995513263,0.70797228296,66.5604651287,1.52044336873,0.33591478041,7.26498774667,1.09152862184,0.169652243736,0.984302251951,3.13328671822,1.0,613.594401351,0.861925304207
4894,6.15121202107,0.707927651969,66.5630768422,1.52091797501,0.335893604144,7.25427902809,1.0956383036,0.169636398448,0.984282189337,3.13335962216,1.0,613.594003238,0.862610871264
4895,6.15246890951,0.707883447121,66.5656638423,1.52139259329,0.335872630072,7.24365561853,1.09975823744,0.169620705401,0.984262303522,3.13343268065,1.0,613.593608876,0.863290434824
4896,6.15372579795,0.707839668328,66.5682261278,1.52186722348,0.335851858152,7.2331179107,1.10388838598,0.169605164537,0.984242594887,3.13350589227,1.0,613.593218266,0.863963982221
4897,6.15498268639,0.7077963155,66.5707636975,1.52234186545,0.335831288342,7.2226662964,1.10802871063,0.169589775796,0.984223063807,3.13357925554,1.0,613.59283141,0.864631500847
4898,6.15623957483,0.707753388551,66.5732765502,1.52281651909,0.3358109206,7.21230116646,1.11217917161,0.169574539122,0.984203710657,3.13365276904,1.0,613.592448306,0.865292978152
4899,6.15749646327,0.707710887395,66.5757646848,1.52329118428,0.335790754887,7.20202291069,1.1163397279,0.169559454458,0.984184535806,3.1337264313,1.0,613.592068957,0.865948401646
4900,6.15875335171,0.707668811947,66.5782281,1.52376586091,0.33577079116,7.19183191784,1.12051033726,0.169544521745,0.984165539621,3.13380024088,1.0,613.591693362,0.866597758901
4901,6.16001024015,0.707627162122,66.5806667948,1.52424054886,0.335751029381,7.18172857551,1.12469095621,0.16952974093,0.984146722464,3.13387419632,1.0,613.591321522,0.867241037552
4902,6.16126712858,0.707585937836,66.583080768,1.52471524801,0.33573146951,7.17171327015,1.12888154004,0.169515111956,0.984128084693,3.13394829619,1.0,613.590953438,0.867878225299
4903,6.16252401702,0.707545139007,66.5854700185,1.52518995826,0.335712111507,7.16178638694,1.13308204279,0.169500634768,0.984109626665,3.13402253901,1.0,613.590589111,0.868509309906
4904,6.16378090546,0.707504765552,66.5878345452,1.52566467948,0.335692955333,7.15194830981,1.13729241724,0.169486309313,0.984091348731,3.13409692335,1.0,613.59022854,0.869134279208
4905,6.1650377939,0.707464817391,66.5901743469,1.52613941156,0.335674000951,7.14219942129,1.14151261492,0.169472135536,0.984073251239,3.13417144774,1.0,613.589871727,0.869753121105
4906,6.16629468234,0.707425294444,66.5924894226,1.52661415438,0.335655248321,7.13254010254,1.14574258608,0.169458113384,0.984055334534,3.13424611075,1.0,613.589518672,0.87036582357
4907,6.16755157078,0.707386196631,66.5947797712,1.52708890784,0.335636697407,7.12297073323,1.14998227973,0.169444242805,0.984037598958,3.1343209109,1.0,613.589169376,0.870972374648
4908,6.16880845922,0.707347523873,66.5970453917,1.52756367181,0.33561834817,7.11349169153,1.15423164357,0.169430523747,0.984020044847,3.13439584674,1.0,613.588823839,0.871572762455
4909,6.17006534766,0.707309276093,66.5992862829,1.52803844617,0.335600200575,7.10410335401,1.15849062404,0.169416956158,0.984002672535,3.13447091683,1.0,613.588482062,0.872166975183
4910,6.1713222361,0.707271453215,66.6015024438,1.52851323082,0.335582254585,7.09480609562,1.1627591663,0.169403539988,0.983985482353,3.13454611969,1.0,613.588144045,0.872755001102
4911,6.17257912454,0.707234055162,66.6036938735,1.52898802564,0.335564510163,7.08560028959,1.16703721422,0.169390275187,0.983968474627,3.13462145389,1.0,613.587809789,0.873336828556
4912,6.17383601298,0.707197081859,66.6058605708,1.52946283052,0.335546967274,7.07648630741,1.17132471037,0.169377161704,0.983951649681,3.13469691795,1.0,613.587479294,0.873912445972
4913,6.17509290141,0.707160533232,66.6080025349,1.52993764533,0.335529625884,7.06746451873,1.17562159602,0.169364199491,0.983935007834,3.13477251042,1.0,613.587152561,0.874481841854
4914,6.17634978985,0.707124409207,66.6101197645,1.53041246997,0.335512485957,7.05853529136,1.17992781117,0.169351388499,0.983918549402,3.13484822985,1.0,613.586829591,0.87504500479
4915,6.17760667829,0.707088709713,66.6122122589,1.53088730431,0.335495547458,7.04969899114,1.18424329449,0.16933872868,0.983902274697,3.13492407477,1.0,613.586510384,0.875601923451
4916,6.17886356673,0.707053434678,66.614280017,1.53136214825,0.335478810354,7.04095598191,1.18856798337,0.169326219987,0.983886184028,3.13500004372,1.0,613.58619494,0.876152586594
4917,6.18012045517,0.70701858403,66.6163230379,1.53183700166,0.335462274611,7.03230662548,1.19290181387,0.169313862374,0.983870277699,3.13507613524,1.0,613.58588326,0.87669698306
4918,6.18137734361,0.7069841577,66.6183413205,1.53231186444,0.335445940196,7.02375128152,1.19724472077,0.169301655793,0.983854556013,3.13515234787,1.0,613.585575345,0.877235101779
4919,6.18263423205,0.706950155619,66.620334864,1.53278673647,0.335429807077,7.01529030752,1.20159663753,0.169289600199,0.983839019268,3.13522868016,1.0,613.585271194,0.877766931771
4920,6.18389112049,0.706916577718,66.6223036674,1.53326161763,0.33541387522,7.00692405873,1.2059574963,0.169277695547,0.983823667757,3.13530513062,1.0,613.584970809,0.878292462145
4921,6.18514800893,0.70688342393,66.6242477299,1.53373650781,0.335398144594,6.9986528881,1.21032722792,0.169265941793,0.983808501771,3.13538169782,1.0,613.58467419,0.878811682104
4922,6.18640489737,0.706850694189,66.6261670504,1.53421140689,0.335382615167,6.9904771462,1.21470576194,0.169254338892,0.983793521597,3.13545838027,1.0,613.584381338,0.879324580941
4923,6.18766178581,0.706818388429,66.6280616282,1.53468631477,0.335367286909,6.9823971812,1.21909302658,0.169242886801,0.983778727519,3.13553517653,1.0,613.584092252,0.879831148048
4924,6.18891867425,0.706786506585,66.6299314623,1.53516123131,0.335352159787,6.97441333875,1.22348894875,0.169231585478,0.983764119817,3.13561208511,1.0,613.583806934,0.880331372911
4925,6.19017556268,0.706755048593,66.6317765519,1.53563615642,0.335337233773,6.96652596197,1.22789345407,0.16922043488,0.983749698766,3.13568910457,1.0,613.583525383,0.880825245113
4926,6.19143245112,0.70672401439,66.6335968961,1.53611108997,0.335322508836,6.95873539135,1.23230646686,0.169209434966,0.983735464639,3.13576623342,1.0,613.583247601,0.881312754337
4927,6.19268933956,0.706693403914,66.635392494,1.53658603186,0.335307984946,6.95104196471,1.23672791011,0.169198585694,0.983721417706,3.13584347022,1.0,613.582973587,0.881793890367
4928,6.193946228,0.706663217103,66.6371633448,1.53706098195,0.335293662075,6.94344601715,1.24115770554,0.169187887023,0.98370755823,3.13592081348,1.0,613.582703342,0.882268643087
4929,6.19520311644,0.706633453897,66.6389094478,1.53753594015,0.335279540194,6.93594788094,1.24559577355,0.169177338915,0.983693886475,3.13599826175,1.0,613.582436867,0.882737002487
4930,6.19646000488,0.706604114236,66.640630802,1.53801090634,0.335265619273,6.92854788551,1.25004203325,0.169166941329,0.983680402699,3.13607581355,1.0,613.582174162,0.883198958657
4931,6.19771689332,0.706575198061,66.6423274067,1.53848588039,0.335251899287,6.92124635735,1.25449640247,0.169156694227,0.983667107154,3.13615346743,1.0,613.581915228,0.883654501797
4932,6.19897378176,0.706546705315,66.6439992611,1.53896086221,0.335238380206,6.91404361998,1.25895879775,0.169146597569,0.983654000094,3.1362312219,1.0,613.581660064,0.884103622213
4933,6.2002306702,0.70651863594,66.6456463644,1.53943585166,0.335225062004,6.90693999384,1.26342913434,0.16913665132,0.983641081763,3.1363090755,1.0,613.581408671,0.884546310318
4934,6.20148755864,0.706490989879,66.6472687159,1.53991084865,0.335211944654,6.89993579631,1.26790732622,0.169126855441,0.983628352407,3.13638702677,1.0,613.581161051,0.884982556636
4935,6.20274444708,0.706463767078,66.6488663147,1.54038585304,0.335199028129,6.89303134154,1.2723932861,0.169117209896,0.983615812266,3.13646507422,1.0,613.580917202,0.885412351803
4936,6.20400133551,0.706436967481,66.6504391602,1.54086086474,0.335186312405,6.88622694049,1.27688692543,0.169107714649,0.983603461574,3.1365432164,1.0,613.580677125,0.885835686566
4937,6.20525822395,0.706410591035,66.6519872516,1.54133588362,0.335173797454,6.8795229008,1.28138815438,0.169098369664,0.983591300566,3.13662145183,1.0,613.580440822,0.886252551786
4938,6.20651511239,0.706384637688,66.6535105882,1.54181090957,0.335161483253,6.87291952677,1.28589688189,0.169089174907,0.983579329469,3.13669977904,1.0,613.580208291,0.886662938439
4939,6.20777200083,0.706359107386,66.6550091693,1.54228594248,0.335149369777,6.86641711928,1.29041301566,0.169080130343,0.98356754851,3.13677819656,1.0,613.579979534,0.887066837617
4940,6.20902888927,0.706334000079,66.6564829942,1.54276098222,0.335137457001,6.86001597571,1.29493646212,0.169071235939,0.98355595791,3.13685670292,1.0,613.579754551,0.887464240531
4941,6.21028577771,0.706309315717,66.6579320622,1.5432360287,0.335125744901,6.85371638993,1.29946712651,0.169062491661,0.983544557888,3.13693529664,1.0,613.579533342,0.887855138509
4942,6.21154266615,0.706285054249,66.6593563726,1.54371108178,0.335114233454,6.84751865219,1.30400491284,0.169053897476,0.983533348656,3.13701397625,1.0,613.579315908,0.888239522999
4943,6.21279955459,0.706261215628,66.6607559247,1.54418614137,0.335102922637,6.84142304909,1.30854972389,0.169045453354,0.983522330428,3.13709274028,1.0,613.579102249,0.888617385572
4944,6.21405644303,0.706237799806,66.662130718,1.54466120733,0.335091812426,6.83542986353,1.31310146126,0.169037159261,0.983511503409,3.13717158726,1.0,613.578892365,0.88898871792
4945,6.21531333147,0.706214806734,66.6634807517,1.54513627957,0.335080902801,6.8295393746,1.31766002535,0.169029015167,0.983500867803,3.1372505157,1.0,613.578686257,0.889353511857
4946,6.21657021991,0.706192236369,66.6648060253,1.54561135796,0.335070193739,6.82375185758,1.32222531539,0.169021021043,0.983490423811,3.13732952414,1.0,613.578483925,0.889711759326
4947,6.21782710835,0.706170088663,66.6661065381,1.54608644239,0.335059685218,6.81806758384,1.32679722943,0.169013176857,0.983480171627,3.13740861111,1.0,613.578285369,0.890063452391
4948,6.21908399678,0.706148363573,66.6673822896,1.54656153275,0.335049377217,6.81248682081,1.33137566438,0.169005482581,0.983470111445,3.13748777512,1.0,613.578090589,0.890408583247
4949,6.22034088522,0.706127061056,66.668633279,1.54703662892,0.335039269716,6.8070098319,1.33596051598,0.168997938186,0.983460243455,3.1375670147,1.0,613.577899587,0.890747144216
4950,6.22159777366,0.706106181067,66.6698595059,1.54751173079,0.335029362695,6.80163687648,1.34055167887,0.168990543644,0.98345056784,3.13764632837,1.0,613.577712362,0.891079127748
4951,6.2228546621,0.706085723567,66.6710609697,1.54798683824,0.335019656133,6.79636820978,1.34514904653,0.168983298927,0.983441084783,3.13772571467,1.0,613.577528914,0.891404526424
4952,6.22411155054,0.706065688513,66.6722376698,1.54846195116,0.335010150011,6.79120408284,1.34975251137,0.168976204008,0.983431794461,3.13780517211,1.0,613.577349244,0.891723332958
4953,6.22536843898,0.706046075865,66.6733896057,1.54893706944,0.335000844311,6.78614474251,1.35436196469,0.168969258861,0.983422697049,3.13788469921,1.0,613.577173353,0.892035540196
4954,6.22662532742,0.706026885585,66.6745167767,1.54941219296,0.334991739012,6.78119043131,1.35897729673,0.168962463461,0.983413792718,3.1379642945,1.0,613.57700124,0.892341141115
4955,6.22788221586,0.706008117633,66.6756191825,1.5498873216,0.334982834098,6.77634138745,1.36359839663,0.168955817781,0.983405081635,3.1380439565,1.0,613.576832905,0.89264012883
4956,6.2291391043,0.705989771972,66.6766968225,1.55036245526,0.33497412955,6.77159784474,1.36822515253,0.168949321796,0.983396563962,3.13812368374,1.0,613.576668349,0.89293249659
4957,6.23039599274,0.705971848565,66.6777496962,1.55083759382,0.334965625351,6.76696003254,1.37285745151,0.168942975484,0.98338823986,3.13820347473,1.0,613.576507573,0.893218237782
4958,6.23165288118,0.705954347377,66.6787778031,1.55131273716,0.334957321484,6.76242817573,1.37749517963,0.168936778819,0.983380109485,3.138283328,1.0,613.576350576,0.893497345929
4959,6.23290976961,0.705937268371,66.6797811427,1.55178788517,0.334949217932,6.75800249463,1.38213822197,0.16893073178,0.983372172989,3.13836324206,1.0,613.576197359,0.893769814693
4960,6.23416665805,0.705920611515,66.6807597145,1.55226303774,0.334941314679,6.75368320497,1.38678646262,0.168924834342,0.983364430521,3.13844321544,1.0,613.576047921,0.894035637877
4961,6.23542354649,0.705904376774,66.6817135182,1.55273819475,0.334933611709,6.74947051783,1.39143978471,0.168919086485,0.983356882225,3.13852324666,1.0,613.575902264,0.894294809422
4962,6.23668043493,0.705888564116,66.6826425532,1.55321335608,0.334926109006,6.74536463961,1.39609807041,0.168913488187,0.983349528244,3.13860333425,1.0,613.575760387,0.894547323413
4963,6.23793732337,0.70587317351,66.6835468191,1.55368852164,0.334918806556,6.74136577194,1.40076120098,0.168908039428,0.983342368714,3.13868347671,1.0,613.575622291,0.894793174076
4964,6.23919421181,0.705858204924,66.6844263156,1.55416369129,0.334911704344,6.73747411171,1.40542905675,0.168902740186,0.983335403771,3.13876367257,1.0,613.575487976,0.89503235578
4965,6.24045110025,0.705843658328,66.6852810421,1.55463886493,0.334904802356,6.73368985094,1.41010151719,0.168897590442,0.983328633544,3.13884392035,1.0,613.575357442,0.895264863038
4966,6.24170798869,0.705829533694,66.6861109983,1.55511404244,0.334898100578,6.73001317677,1.41477846088,0.168892590177,0.98332205816,3.13892421857,1.0,613.575230689,0.895490690509
4967,6.24296487713,0.705815830992,66.6869161839,1.5555892237,0.334891598996,6.72644427146,1.41945976554,0.168887739372,0.983315677742,3.13900456574,1.0,613.575107718,0.895709832996
4968,6.24422176557,0.705802550196,66.6876965983,1.55606440862,0.334885297597,6.72298331226,1.42414530809,0.16888303801,0.98330949241,3.1390849604,1.0,613.574988529,0.89592228545
4969,6.24547865401,0.705789691279,66.6884522414,1.55653959706,0.334879196369,6.71963047144,1.42883496462,0.168878486072,0.983303502279,3.13916540105,1.0,613.574873121,0.896128042969
4970,6.24673554244,0.705777254215,66.6891831127,1.55701478892,0.3348732953,6.71638591622,1.43352861043,0.168874083542,0.983297707461,3.13924588621,1.0,613.574761495,0.896327100797
4971,6.24799243088,0.70576523898,66.6898892118,1.55748998408,0.334867594377,6.71324980874,1.43822612006,0.168869830403,0.983292108066,3.1393264144,1.0,613.574653652,0.896519454328
4972,6.24924931932,0.705753645548,66.6905705385,1.55796518243,0.33486209359,6.710222306,1.44292736732,0.16886572664,0.983286704197,3.13940698415,1.0,613.574549591,0.896705099108
4973,6.25050620776,0.705742473897,66.6912270924,1.55844038385,0.334856792926,6.70730355987,1.44763222527,0.168861772237,0.983281495955,3.13948759396,1.0,613.574449313,0.896884030828
4974,6.2517630962,0.705731724005,66.6918588733,1.55891558823,0.334851692377,6.70449371698,1.4523405663,0.168857967179,0.983276483439,3.13956824236,1.0,613.574352817,0.897056245334
4975,6.25301998464,0.705721395849,66.6924658808,1.55939079546,0.334846791931,6.70179291876,1.45705226209,0.168854311453,0.983271666741,3.13964892786,1.0,613.574260105,0.897221738622
4976,6.25427687308,0.70571148941,66.6930481146,1.55986600543,0.334842091578,6.69920130137,1.4617671837,0.168850805045,0.983267045952,3.13972964898,1.0,613.574171175,0.897380506839
4977,6.25553376152,0.705702004667,66.6936055745,1.56034121801,0.33483759131,6.69671899565,1.46648520154,0.168847447941,0.983262621158,3.13981040424,1.0,613.574086028,0.897532546285
4978,6.25679064996,0.705692941602,66.6941382603,1.56081643309,0.334833291116,6.69434612714,1.47120618542,0.168844240129,0.983258392442,3.13989119215,1.0,613.574004665,0.897677853415
4979,6.2580475384,0.705684300195,66.6946461716,1.56129165057,0.33482919099,6.69208281599,1.47593000457,0.168841181598,0.983254359882,3.13997201123,1.0,613.573927086,0.897816424835
4980,6.25930442684,0.70567608043,66.6951293082,1.56176687032,0.334825290921,6.68992917699,1.48065652766,0.168838272336,0.983250523555,3.14005286001,1.0,613.57385329,0.897948257308
4981,6.26056131528,0.705668282291,66.69558767,1.56224209224,0.334821590903,6.68788531947,1.48538562283,0.168835512331,0.983246883532,3.14013373698,1.0,613.573783277,0.898073347749
4982,6.26181820371,0.705660905762,66.6960212567,1.5627173162,0.334818090928,6.68595134735,1.49011715771,0.168832901574,0.983243439881,3.14021464068,1.0,613.573717049,0.89819169323
4983,6.26307509215,0.705653950827,66.696430068,1.5631925421,0.334814790989,6.68412735908,1.49485099945,0.168830440056,0.983240192666,3.14029556961,1.0,613.573654604,0.898303290978
4984,6.26433198059,0.705647417474,66.6968141039,1.56366776982,0.33481169108,6.68241344758,1.49958701473,0.168828127766,0.983237141948,3.14037652229,1.0,613.573595944,0.898408138377
4985,6.26558886903,0.705641305688,66.6971733641,1.56414299925,0.334808791194,6.6808097003,1.50432506983,0.168825964696,0.983234287784,3.14045749725,1.0,613.573541067,0.898506232966
4986,6.26684575747,0.705635615458,66.6975078485,1.56461823028,0.334806091325,6.67931619911,1.5090650306,0.168823950839,0.983231630227,3.14053849299,1.0,613.573489975,0.898597572443
4987,6.26810264591,0.705630346773,66.6978175568,1.56509346278,0.334803591468,6.67793302035,1.51380676252,0.168822086186,0.983229169327,3.14061950803,1.0,613.573442667,0.898682154661
4988,6.26935953435,0.705625499621,66.698102489,1.56556869665,0.334801291618,6.67666023477,1.5185501307,0.168820370731,0.98322690513,3.14070054088,1.0,613.573399143,0.898759977632
4989,6.27061642279,0.705621073993,66.698362645,1.56604393177,0.334799191771,6.67549790753,1.52329499994,0.168818804467,0.983224837678,3.14078159007,1.0,613.573359404,0.898831039526
4990,6.27187331123,0.70561706988,66.6985980246,1.56651916803,0.334797291921,6.67444609816,1.52804123475,0.168817387389,0.98322296701,3.14086265411,1.0,613.573323449,0.89889533867
4991,6.27313019967,0.705613487274,66.6988086276,1.56699440531,0.334795592066,6.67350486058,1.53278869935,0.168816119491,0.983221293161,3.1409437315,1.0,613.573291279,0.898952873551
4992,6.27438708811,0.705610326169,66.6989944541,1.5674696435,0.334794092202,6.67267424308,1.53753725772,0.168815000769,0.983219816161,3.14102482078,1.0,613.573262894,0.899003642814
4993,6.27564397654,0.705607586556,66.6991555039,1.56794488249,0.334792792326,6.67195428829,1.54228677361,0.168814031218,0.983218536039,3.14110592045,1.0,613.573238293,0.899047645262
4994,6.27690086498,0.705605268432,66.6992917769,1.56842012217,0.334791692436,6.67134503315,1.54703711059,0.168813210835,0.983217452818,3.14118702903,1.0,613.573217477,0.899084879859
4995,6.27815775342,0.705603371792,66.6994032731,1.56889536241,0.334790792528,6.67084650898,1.55178813207,0.168812539617,0.983216566519,3.14126814503,1.0,613.573200445,0.899115345726
4996,6.27941464186,0.705601896631,66.6994899924,1.56937060311,0.334790092602,6.67045874138,1.55653970132,0.168812017561,0.983215877158,3.14134926698,1.0,613.573187198,0.899139042146
4997,6.2806715303,0.705600842946,66.6995519348,1.56984584415,0.334789592655,6.67018175029,1.56129168148,0.168811644665,0.983215384748,3.14143039337,1.0,613.573177736,0.899155968559
4998,6.28192841874,0.705600210736,66.6995891002,1.57032108541,0.334789292688,6.67001554994,1.56604393563,0.168811420928,0.983215089299,3.14151152274,1.0,613.573172059,0.899166124567
4999,6.28318530718,0.7056,66.6996014887,1.57079632679,0.334789192699,6.66996014887,1.57079632679,0.168811346349,0.983214990815,3.14159265359,1.0,613.573170167,0.89916950993
