,theta i [rad],r orb [AU],v orb [km s-1],ang orb [rad],r L1 [AU],v i [km s-1],ang i [rad],a p [AU],e p,theta p i [rad],flag impact,v imp [km s-1],ang imp [rad]
0,0.0,0.8757,58.0862100219,1.57079632679,0.415497300807,5.80862100219,1.57079632679,0.209402783372,0.98420142329,3.14159265359,1.0,614.402938298,1.00641795433
1,0.00125688843912,0.87570023468,58.0861997367,1.57122276365,0.415497412157,5.80865824986,1.57506068002,0.20940286132,0.98420150604,3.14166110581,1.0,614.402939582,1.00641414112
2,0.00251377687825,0.875700938722,58.0861688811,1.57164920036,0.415497746207,5.80876999139,1.57932493999,0.209403095165,0.984201754287,3.14172955689,1.0,614.402943433,1.00640270164
3,0.00377066531737,0.875702112126,58.0861174552,1.57207563678,0.415498302957,5.80895622229,1.58358901346,0.209403484907,0.984202168028,3.14179800571,1.0,614.402949851,1.00638363628
4,0.00502755375649,0.875703754895,58.086045459,1.57250207278,0.415499082409,5.80921693512,1.58785280721,0.209404030548,0.984202747256,3.14186645114,1.0,614.402958837,1.0063569457
5,0.00628444219562,0.87570586703,58.0859528925,1.5729285082,0.415500084563,5.80955211943,1.59211622808,0.209404732089,0.984203491962,3.14193489203,1.0,614.40297039,1.00632263082
6,0.00754133063474,0.875708448536,58.0858397558,1.57335494291,0.415501309422,5.8099617618,1.59637918295,0.209405589532,0.984204402132,3.14200332725,1.0,614.40298451,1.00628069282
7,0.00879821907387,0.875711499417,58.0857060489,1.57378137676,0.415502756987,5.81044584583,1.60064157877,0.20940660288,0.984205477751,3.14207175568,1.0,614.403001197,1.00623113315
8,0.010055107513,0.875715019677,58.0855517719,1.5742078096,0.415504427261,5.81100435217,1.60490332261,0.209407772135,0.984206718802,3.14214017617,1.0,614.403020452,1.00617395352
9,0.0113119959521,0.875719009323,58.0853769248,1.5746342413,0.415506320246,5.81163725847,1.60916432159,0.209409097301,0.984208125264,3.14220858761,1.0,614.403042274,1.0061091559
10,0.0125688843912,0.875723468361,58.0851815078,1.57506067172,0.415508435945,5.81234453942,1.61342448299,0.209410578382,0.984209697114,3.14227698884,1.0,614.403066664,1.00603674253
11,0.0138257728304,0.875728396798,58.084965521,1.5754871007,0.415510774363,5.81312616677,1.6176837142,0.209412215382,0.984211434325,3.14234537875,1.0,614.40309362,1.00595671589
12,0.0150826612695,0.875733794643,58.0847289644,1.57591352811,0.415513335502,5.81398210928,1.62194192276,0.209414008305,0.984213336867,3.1424137562,1.0,614.403123143,1.00586907875
13,0.0163395497086,0.875739661903,58.0844718383,1.57633995381,0.415516119368,5.8149123328,1.62619901636,0.209415957158,0.984215404711,3.14248212005,1.0,614.403155234,1.00577383411
14,0.0175964381477,0.87574599859,58.0841941427,1.57676637764,0.415519125964,5.81591680022,1.63045490287,0.209418061944,0.98421763782,3.14255046918,1.0,614.403189891,1.00567098526
15,0.0188533265869,0.875752804712,58.0838958777,1.57719279947,0.415522355295,5.81699547147,1.63470949033,0.209420322672,0.984220036159,3.14261880245,1.0,614.403227116,1.00556053572
16,0.020110215026,0.875760080282,58.0835770436,1.57761921915,0.415525807367,5.8181483036,1.63896268702,0.209422739347,0.984222599686,3.14268711873,1.0,614.403266907,1.00544248928
17,0.0213671034651,0.875767825311,58.0832376405,1.57804563655,0.415529482186,5.8193752507,1.64321440139,0.209425311975,0.984225328358,3.14275541688,1.0,614.403309265,1.00531685001
18,0.0226239919042,0.875776039812,58.0828776685,1.57847205151,0.415533379757,5.82067626397,1.64746454214,0.209428040566,0.984228222132,3.14282369578,1.0,614.40335419,1.00518362219
19,0.0238808803434,0.875784723798,58.0824971279,1.57889846389,0.415537500087,5.82205129169,1.65171301821,0.209430925125,0.984231280957,3.14289195428,1.0,614.403401682,1.00504281039
20,0.0251377687825,0.875793877284,58.0820960188,1.57932487356,0.415541843182,5.82350027928,1.65595973879,0.209433965663,0.984234504783,3.14296019127,1.0,614.40345174,1.00489441942
21,0.0263946572216,0.875803500284,58.0816743416,1.57975128036,0.41554640905,5.82502316925,1.66020461336,0.209437162187,0.984237893557,3.14302840561,1.0,614.403504365,1.00473845436
22,0.0276515456607,0.875813592815,58.0812320962,1.58017768416,0.415551197698,5.82661990125,1.66444755164,0.209440514707,0.984241447221,3.14309659616,1.0,614.403559556,1.00457492052
23,0.0289084340998,0.875824154892,58.0807692831,1.58060408481,0.415556209134,5.82829041206,1.6686884637,0.209444023232,0.984245165717,3.1431647618,1.0,614.403617313,1.00440382349
24,0.030165322539,0.875835186533,58.0802859025,1.58103048217,0.415561443366,5.83003463563,1.67292725987,0.209447687773,0.984249048982,3.14323290139,1.0,614.403677637,1.00422516907
25,0.0314222109781,0.875846687756,58.0797819545,1.5814568761,0.415566900403,5.83185250307,1.67716385083,0.209451508339,0.984253096951,3.14330101381,1.0,614.403740527,1.00403896335
26,0.0326790994172,0.87585865858,58.0792574395,1.58188326644,0.415572580254,5.83374394265,1.68139814759,0.209455484944,0.984257309557,3.14336909791,1.0,614.403805983,1.00384521265
27,0.0339359878563,0.875871099025,58.0787123577,1.58230965307,0.415578482927,5.83570887986,1.6856300615,0.209459617596,0.984261686729,3.14343715257,1.0,614.403874005,1.00364392352
28,0.0351928762955,0.87588400911,58.0781467094,1.58273603583,0.415584608433,5.83774723737,1.68985950429,0.20946390631,0.984266228395,3.14350517666,1.0,614.403944593,1.0034351028
29,0.0364497647346,0.875897388858,58.077560495,1.58316241459,0.415590956782,5.8398589351,1.69408638804,0.209468351096,0.984270934478,3.14357316905,1.0,614.404017746,1.00321875753
30,0.0377066531737,0.875911238289,58.0769537146,1.58358878919,0.415597527983,5.84204389016,1.69831062523,0.209472951968,0.9842758049,3.1436411286,1.0,614.404093466,1.00299489501
31,0.0389635416128,0.875925557427,58.0763263687,1.5840151595,0.415604322049,5.84430201696,1.70253212874,0.20947770894,0.98428083958,3.14370905419,1.0,614.40417175,1.00276352279
32,0.040220430052,0.875940346294,58.0756784575,1.58444152537,0.415611338989,5.84663322713,1.70675081186,0.209482622024,0.984286038432,3.14377694469,1.0,614.4042526,1.00252464865
33,0.0414773184911,0.875955604916,58.0750099813,1.58486788666,0.415618578815,5.84903742963,1.71096658828,0.209487691235,0.984291401372,3.14384479896,1.0,614.404336016,1.00227828059
34,0.0427342069302,0.875971333317,58.0743209407,1.58529424323,0.41562604154,5.85151453067,1.71517937216,0.209492916588,0.984296928308,3.14391261587,1.0,614.404421996,1.0020244269
35,0.0439910953693,0.875987531523,58.0736113357,1.58572059493,0.415633727175,5.85406443381,1.71938907807,0.209498298098,0.984302619148,3.1439803943,1.0,614.404510542,1.00176309604
36,0.0452479838085,0.87600419956,58.072881167,1.58614694162,0.415641635733,5.85668703994,1.72359562108,0.20950383578,0.984308473798,3.14404813312,1.0,614.404601652,1.00149429675
37,0.0465048722476,0.876021337456,58.0721304348,1.58657328316,0.415649767227,5.85938224729,1.72779891669,0.20950952965,0.984314492159,3.14411583119,1.0,614.404695327,1.00121803797
38,0.0477617606867,0.876038945238,58.0713591394,1.5869996194,0.415658121671,5.86214995146,1.73199888089,0.209515379725,0.984320674131,3.14418348739,1.0,614.404791566,1.00093432891
39,0.0490186491258,0.876057022936,58.0705672814,1.5874259502,0.415666699077,5.86499004545,1.73619543018,0.209521386022,0.98432701961,3.14425110058,1.0,614.40489037,1.00064317897
40,0.0502755375649,0.876075570579,58.0697548612,1.58785227541,0.41567549946,5.86790241968,1.74038848154,0.209527548558,0.98433352849,3.14431866965,1.0,614.404991739,1.00034459779
41,0.0515324260041,0.876094588197,58.068921879,1.5882785949,0.415684522834,5.87088696197,1.74457795248,0.209533867351,0.984340200662,3.14438619345,1.0,614.405095671,1.00003859523
42,0.0527893144432,0.876114075821,58.0680683355,1.58870490852,0.415693769215,5.8739435576,1.74876376101,0.209540342419,0.984347036015,3.14445367087,1.0,614.405202167,0.999725181382
43,0.0540462028823,0.876134033484,58.0671942309,1.58913121612,0.415703238616,5.87707208934,1.7529458257,0.20954697378,0.984354034435,3.14452110077,1.0,614.405311227,0.999404366555
44,0.0553030913214,0.876154461219,58.0662995659,1.58955751757,0.415712931055,5.88027243741,1.75712406564,0.209553761455,0.984361195803,3.14458848202,1.0,614.40542285,0.999076161273
45,0.0565599797606,0.876175359057,58.0653843408,1.58998381271,0.415722846546,5.88354447959,1.7612984005,0.209560705462,0.984368520001,3.14465581351,1.0,614.405537037,0.998740576277
46,0.0578168681997,0.876196727034,58.064448556,1.59041010141,0.415732985106,5.88688809115,1.76546875049,0.209567805822,0.984376006905,3.14472309409,1.0,614.405653787,0.998397622526
47,0.0590737566388,0.876218565185,58.0634922122,1.59083638353,0.415743346751,5.89030314493,1.76963503639,0.209575062555,0.98438365639,3.14479032264,1.0,614.4057731,0.998047311187
48,0.0603306450779,0.876240873545,58.0625153098,1.59126265891,0.415753931498,5.89378951138,1.7737971796,0.209582475682,0.984391468328,3.14485749805,1.0,614.405894976,0.997689653642
49,0.0615875335171,0.876263652152,58.0615178492,1.59168892742,0.415764739365,5.89734705849,1.77795510206,0.209590045225,0.984399442588,3.14492461917,1.0,614.406019415,0.997324661477
50,0.0628444219562,0.876286901041,58.0604998311,1.59211518891,0.41577577037,5.90097565193,1.78210872635,0.209597771205,0.984407579037,3.14499168488,1.0,614.406146416,0.996952346486
51,0.0641013103953,0.876310620251,58.0594612558,1.59254144324,0.41578702453,5.90467515498,1.78625797563,0.209605653646,0.984415877538,3.14505869406,1.0,614.406275979,0.996572720667
52,0.0653581988344,0.876334809821,58.0584021241,1.59296769026,0.415798501863,5.90844542861,1.7904027737,0.209613692568,0.984424337952,3.14512564558,1.0,614.406408104,0.996185796219
53,0.0666150872736,0.876359469791,58.0573224364,1.59339392983,0.41581020239,5.91228633147,1.79454304498,0.209621887997,0.984432960137,3.14519253831,1.0,614.406542791,0.99579158554
54,0.0678719757127,0.876384600201,58.0562221933,1.59382016181,0.415822126128,5.91619771995,1.79867871452,0.209630239955,0.984441743949,3.14525937113,1.0,614.40668004,0.995390101226
55,0.0691288641518,0.876410201092,58.0551013953,1.59424638606,0.415834273097,5.92017944815,1.80280970801,0.209638748466,0.98445068924,3.14532614292,1.0,614.40681985,0.994981356066
56,0.0703857525909,0.876436272506,58.053960043,1.59467260243,0.415846643317,5.92423136798,1.80693595179,0.209647413556,0.98445979586,3.14539285254,1.0,614.406962221,0.994565363044
57,0.0716426410301,0.876462814485,58.0527981371,1.59509881077,0.415859236809,5.92835332911,1.81105737286,0.20965623525,0.984469063657,3.14545949888,1.0,614.407107154,0.994142135332
58,0.0728995294692,0.876489827073,58.0516156781,1.59552501094,0.415872053593,5.93254517904,1.81517389889,0.209665213572,0.984478492474,3.14552608081,1.0,614.407254646,0.99371168629
59,0.0741564179083,0.876517310315,58.0504126666,1.59595120281,0.415885093689,5.93680676312,1.81928545821,0.209674348549,0.984488082154,3.1455925972,1.0,614.4074047,0.993274029463
60,0.0754133063474,0.876545264255,58.0491891033,1.59637738622,0.41589835712,5.94113792456,1.82339197984,0.209683640207,0.984497832535,3.14565904694,1.0,614.407557313,0.992829178578
61,0.0766701947865,0.876573688938,58.0479449887,1.59680356103,0.415911843907,5.94553850447,1.82749339347,0.209693088573,0.984507743454,3.1457254289,1.0,614.407712487,0.992377147546
62,0.0779270832257,0.876602584412,58.0466803236,1.5972297271,0.415925554072,5.95000834188,1.83158962949,0.209702693675,0.984517814744,3.14579174195,1.0,614.40787022,0.991917950451
63,0.0791839716648,0.876631950724,58.0453951086,1.59765588428,0.415939487637,5.95454727377,1.83568061899,0.20971245554,0.984528046236,3.14585798498,1.0,614.408030513,0.991451601556
64,0.0804408601039,0.876661787922,58.0440893444,1.59808203243,0.415953644626,5.9591551351,1.83976629375,0.209722374196,0.984538437758,3.14592415686,1.0,614.408193365,0.990978115294
65,0.081697748543,0.876692096054,58.0427630315,1.59850817141,0.415968025061,5.96383175883,1.84384658629,0.209732449672,0.984548989136,3.14599025647,1.0,614.408358776,0.990497506271
66,0.0829546369822,0.87672287517,58.0414161708,1.59893430107,0.415982628966,5.96857697593,1.8479214298,0.209742681998,0.984559700191,3.14605628269,1.0,614.408526746,0.990009789259
67,0.0842115254213,0.876754125321,58.0400487629,1.59936042128,0.415997456365,5.97339061546,1.85199075823,0.209753071203,0.984570570744,3.14612223439,1.0,614.408697274,0.989514979196
68,0.0854684138604,0.876785846557,58.0386608085,1.59978653187,0.416012507282,5.97827250454,1.85605450623,0.209763617317,0.984581600611,3.14618811046,1.0,614.40887036,0.989013091181
69,0.0867253022995,0.876818038932,58.0372523084,1.60021263272,0.416027781742,5.98322246841,1.86011260919,0.20977432037,0.984592789608,3.14625390977,1.0,614.409046005,0.988504140477
70,0.0879821907387,0.876850702496,58.0358232632,1.60063872367,0.416043279769,5.98824033044,1.86416500323,0.209785180393,0.984604137546,3.14631963121,1.0,614.409224207,0.987988142499
71,0.0892390791778,0.876883837304,58.0343736738,1.60106480459,0.41605900139,5.99332591217,1.86821162521,0.209796197419,0.984615644233,3.14638527366,1.0,614.409404966,0.987465112822
72,0.0904959676169,0.87691744341,58.0329035408,1.60149087532,0.416074946629,5.99847903334,1.87225241274,0.209807371478,0.984627309477,3.14645083599,1.0,614.409588282,0.98693506717
73,0.091752856056,0.876951520869,58.031412865,1.60191693573,0.416091115514,6.0036995119,1.87628730417,0.209818702603,0.984639133079,3.14651631708,1.0,614.409774155,0.986398021418
74,0.0930097444952,0.876986069737,58.0299016473,1.60234298567,0.41610750807,6.00898716407,1.8803162386,0.209830190827,0.984651114842,3.14658171583,1.0,614.409962585,0.985853991586
75,0.0942666329343,0.87702109007,58.0283698883,1.602769025,0.416124124324,6.01434180433,1.88433915588,0.209841836184,0.984663254563,3.1466470311,1.0,614.41015357,0.985302993841
76,0.0955235213734,0.877056581925,58.0268175888,1.60319505357,0.416140964303,6.01976324547,1.88835599664,0.209853638706,0.984675552038,3.14671226179,1.0,614.410347112,0.984745044491
77,0.0967804098125,0.877092545361,58.0252447498,1.60362107124,0.416158028035,6.02525129862,1.89236670225,0.209865598429,0.984688007058,3.14677740677,1.0,614.410543209,0.984180159981
78,0.0980372982517,0.877128980437,58.0236513719,1.60404707786,0.416175315549,6.03080577328,1.89637121484,0.209877715386,0.984700619414,3.14684246493,1.0,614.410741861,0.983608356894
79,0.0992941866908,0.877165887211,58.022037456,1.60447307329,0.416192826871,6.03642647731,1.90036947733,0.209889989612,0.984713388894,3.14690743515,1.0,614.410943068,0.983029651947
80,0.10055107513,0.877203265745,58.020403003,1.60489905739,0.416210562031,6.04211321703,1.90436143339,0.209902421145,0.98472631528,3.14697231631,1.0,614.41114683,0.982444061987
81,0.101807963569,0.8772411161,58.0187480137,1.60532503001,0.416228521059,6.04786579719,1.90834702746,0.209915010018,0.984739398356,3.14703710731,1.0,614.411353146,0.981851603988
82,0.103064852008,0.877279438337,58.017072489,1.605750991,0.416246703982,6.05368402101,1.91232620476,0.20992775627,0.9847526379,3.14710180701,1.0,614.411562016,0.981252295053
83,0.104321740447,0.87731823252,58.0153764296,1.60617694023,0.416265110831,6.05956769024,1.9162989113,0.209940659936,0.984766033688,3.14716641432,1.0,614.41177344,0.980646152405
84,0.105578628886,0.877357498711,58.0136598366,1.60660287755,0.416283741637,6.06551660513,1.92026509384,0.209953721054,0.984779585494,3.14723092811,1.0,614.411987417,0.980033193388
85,0.106835517326,0.877397236975,58.0119227107,1.60702880281,0.416302596429,6.07153056452,1.92422469993,0.209966939662,0.984793293089,3.14729534727,1.0,614.412203947,0.979413435463
86,0.108092405765,0.877437447378,58.010165053,1.60745471587,0.416321675238,6.07760936583,1.92817767791,0.209980315798,0.984807156241,3.14735967068,1.0,614.412423029,0.978786896208
87,0.109349294204,0.877478129984,58.0083868642,1.60788061658,0.416340978097,6.08375280512,1.93212397689,0.209993849502,0.984821174714,3.14742389724,1.0,614.412644664,0.97815359331
88,0.110606182643,0.877519284861,58.0065881453,1.6083065048,0.416360505035,6.08996067706,1.93606354676,0.210007540811,0.984835348273,3.14748802583,1.0,614.412868851,0.977513544567
89,0.111863071082,0.877560912075,58.0047688973,1.6087323804,0.416380256086,6.09623277504,1.93999633819,0.210021389767,0.984849676677,3.14755205533,1.0,614.413095589,0.976866767885
90,0.113119959521,0.877603011696,58.0029291211,1.60915824321,0.416400231281,6.10256889112,1.94392230265,0.210035396409,0.984864159683,3.14761598465,1.0,614.413324878,0.976213281272
91,0.11437684796,0.877645583791,58.0010688177,1.6095840931,0.416420430654,6.10896881612,1.94784139239,0.210049560777,0.984878797046,3.14767981266,1.0,614.413556718,0.975553102837
92,0.115633736399,0.877688628431,57.9991879879,1.61000992992,0.416440854237,6.11543233961,1.95175356042,0.210063882913,0.984893588518,3.14774353825,1.0,614.413791109,0.974886250791
93,0.116890624839,0.877732145685,57.9972866329,1.61043575352,0.416461502063,6.12195924996,1.95565876056,0.210078362858,0.984908533848,3.14780716032,1.0,614.414028049,0.974212743436
94,0.118147513278,0.877776135626,57.9953647535,1.61086156377,0.416482374167,6.12854933435,1.9595569474,0.210093000655,0.984923632782,3.14787067775,1.0,614.414267539,0.973532599173
95,0.119404401717,0.877820598325,57.9934223508,1.61128736052,0.416503470583,6.13520237881,1.96344807632,0.210107796345,0.984938885064,3.14793408944,1.0,614.414509579,0.97284583649
96,0.120661290156,0.877865533855,57.9914594257,1.61171314362,0.416524791345,6.14191816825,1.96733210348,0.210122749972,0.984954290436,3.14799739427,1.0,614.414754168,0.972152473963
97,0.121918178595,0.877910942289,57.9894759793,1.61213891293,0.416546336488,6.14869648649,1.97120898582,0.210137861579,0.984969848635,3.14806059114,1.0,614.415001305,0.971452530256
98,0.123175067034,0.877956823702,57.9874720127,1.61256466831,0.416568106047,6.15553711626,1.97507868105,0.210153131209,0.984985559397,3.14812367894,1.0,614.41525099,0.970746024114
99,0.124431955473,0.878003178169,57.9854475268,1.6129904096,0.416590100058,6.16243983928,1.97894114769,0.210168558908,0.985001422456,3.14818665657,1.0,614.415503223,0.970032974362
100,0.125688843912,0.878050005765,57.9834025227,1.61341613666,0.416612318557,6.16940443623,1.982796345,0.210184144719,0.985017437541,3.14824952291,1.0,614.415758003,0.969313399904
101,0.126945732351,0.878097306568,57.9813370015,1.61384184936,0.416634761581,6.17643068682,1.98664423306,0.210199888689,0.98503360438,3.14831227686,1.0,614.41601533,0.968587319717
102,0.128202620791,0.878145080654,57.9792509642,1.61426754754,0.416657429166,6.18351836981,1.99048477267,0.210215790863,0.985049922698,3.14837491731,1.0,614.416275204,0.967854752852
103,0.12945950923,0.878193328103,57.9771444119,1.61469323105,0.416680321348,6.19066726301,1.99431792546,0.210231851286,0.985066392218,3.14843744316,1.0,614.416537624,0.967115718431
104,0.130716397669,0.878242048992,57.9750173458,1.61511889976,0.416703438167,6.19787714334,1.9981436538,0.210248070006,0.985083012659,3.14849985331,1.0,614.416802589,0.966370235639
105,0.131973286108,0.878291243402,57.9728697668,1.61554455352,0.416726779658,6.20514778684,2.00196192083,0.210264447069,0.985099783737,3.14856214665,1.0,614.4170701,0.96561832373
106,0.133230174547,0.878340911413,57.9707016762,1.61597019218,0.416750345862,6.21247896872,2.00577269047,0.210280982524,0.985116705166,3.14862432207,1.0,614.417340156,0.964860002018
107,0.134487062986,0.878391053107,57.968513075,1.6163958156,0.416774136816,6.21987046334,2.00957592739,0.210297676418,0.98513377666,3.14868637848,1.0,614.417612756,0.964095289878
108,0.135743951425,0.878441668565,57.9663039644,1.61682142363,0.416798152558,6.22732204429,2.01337159704,0.210314528799,0.985150997925,3.14874831477,1.0,614.4178879,0.963324206741
109,0.137000839864,0.87849275787,57.9640743455,1.61724701613,0.41682239313,6.23483348438,2.01715966562,0.210331539718,0.985168368668,3.14881012984,1.0,614.418165588,0.962546772092
110,0.138257728304,0.878544321106,57.9618242196,1.61767259295,0.416846858569,6.24240455568,2.02094010008,0.210348709222,0.985185888593,3.14887182258,1.0,614.418445818,0.961763005471
111,0.139514616743,0.878596358358,57.9595535876,1.61809815394,0.416871548917,6.25003502954,2.02471286815,0.210366037362,0.9852035574,3.1489333919,1.0,614.418728592,0.960972926465
112,0.140771505182,0.87864886971,57.9572624509,1.61852369897,0.416896464213,6.25772467663,2.02847793827,0.210383524188,0.985221374787,3.1489948367,1.0,614.419013907,0.960176554709
113,0.142028393621,0.878701855248,57.9549508106,1.61894922789,0.416921604498,6.26547326696,2.03223527967,0.210401169751,0.98523934045,3.14905615588,1.0,614.419301764,0.959373909884
114,0.14328528206,0.87875531506,57.9526186679,1.61937474054,0.416946969814,6.2732805699,2.0359848623,0.210418974102,0.985257454082,3.14911734834,1.0,614.419592163,0.958565011712
115,0.144542170499,0.878809249232,57.950266024,1.61980023679,0.416972560202,6.28114635418,2.03972665685,0.210436937294,0.985275715372,3.14917841297,1.0,614.419885102,0.957749879956
116,0.145799058938,0.878863657853,57.9478928802,1.62022571649,0.416998375704,6.289070388,2.04346063476,0.210455059378,0.985294124008,3.14923934869,1.0,614.420180582,0.956928534416
117,0.147055947377,0.878918541012,57.9454992377,1.62065117949,0.417024416362,6.29705243895,2.0471867682,0.210473340406,0.985312679674,3.14930015439,1.0,614.420478602,0.956100994927
118,0.148312835817,0.878973898799,57.9430850976,1.62107662565,0.417050682219,6.3050922741,2.05090503007,0.210491780433,0.985331382053,3.14936082898,1.0,614.420779161,0.955267281359
119,0.149569724256,0.879029731305,57.9406504613,1.62150205482,0.417077173318,6.31318966001,2.054615394,0.210510379511,0.985350230824,3.14942137137,1.0,614.421082259,0.95442741361
120,0.150826612695,0.87908603862,57.9381953301,1.62192746686,0.417103889702,6.32134436275,2.05831783433,0.210529137695,0.985369225664,3.14948178045,1.0,614.421387895,0.953581411608
121,0.152083501134,0.879142820837,57.9357197052,1.62235286162,0.417130831414,6.32955614794,2.06201232613,0.21054805504,0.985388366246,3.14954205513,1.0,614.42169607,0.952729295307
122,0.153340389573,0.879200078049,57.9332235878,1.62277823895,0.4171579985,6.33782478074,2.06569884517,0.210567131599,0.985407652243,3.14960219432,1.0,614.422006782,0.951871084684
123,0.154597278012,0.87925781035,57.9307069793,1.62320359871,0.417185391003,6.34615002592,2.06937736795,0.21058636743,0.985427083322,3.14966219693,1.0,614.422320031,0.951006799739
124,0.155854166451,0.879316017833,57.928169881,1.62362894076,0.417213008968,6.35453164783,2.07304787167,0.210605762587,0.98544665915,3.14972206186,1.0,614.422635816,0.950136460489
125,0.15711105489,0.879374700596,57.9256122942,1.62405426494,0.417240852441,6.36296941048,2.07671033421,0.210625317127,0.98546637939,3.14978178801,1.0,614.422954137,0.949260086971
126,0.15836794333,0.879433858732,57.9230342203,1.62447957111,0.417268921467,6.37146307751,2.08036473418,0.210645031108,0.985486243703,3.14984137431,1.0,614.423274994,0.948377699234
127,0.159624831769,0.87949349234,57.9204356604,1.62490485913,0.417297216091,6.38001241227,2.08401105085,0.210664904586,0.985506251747,3.14990081965,1.0,614.423598386,0.947489317344
128,0.160881720208,0.879553601517,57.9178166162,1.62533012884,0.417325736361,6.38861717779,2.08764926419,0.210684937619,0.985526403177,3.14996012295,1.0,614.423924312,0.946594961372
129,0.162138608647,0.87961418636,57.9151770887,1.62575538011,0.417354482323,6.39727713683,2.09127935487,0.210705130266,0.985546697647,3.15001928312,1.0,614.424252772,0.945694651403
130,0.163395497086,0.879675246971,57.9125170796,1.62618061278,0.417383454024,6.40599205189,2.09490130419,0.210725482585,0.985567134806,3.15007829906,1.0,614.424583766,0.944788407526
131,0.164652385525,0.879736783447,57.90983659,1.62660582671,0.417412651512,6.41476168525,2.09851509418,0.210745994636,0.985587714302,3.1501371697,1.0,614.424917293,0.943876249834
132,0.165909273964,0.879798795891,57.9071356215,1.62703102176,0.417442074833,6.42358579898,2.10212070749,0.210766666478,0.985608435779,3.15019589393,1.0,614.425253351,0.942958198423
133,0.167166162403,0.879861284403,57.9044141753,1.62745619777,0.417471724038,6.43246415496,2.10571812745,0.210787498172,0.985629298881,3.15025447069,1.0,614.425591942,0.94203427339
134,0.168423050843,0.879924249087,57.901672253,1.62788135461,0.417501599173,6.44139651489,2.10930733806,0.210808489778,0.985650303246,3.15031289887,1.0,614.425933064,0.94110449483
135,0.169679939282,0.879987690044,57.898909856,1.62830649211,0.417531700287,6.45038264035,2.11288832394,0.210829641357,0.985671448511,3.15037117739,1.0,614.426276717,0.940168882833
136,0.170936827721,0.880051607379,57.8961269856,1.62873161015,0.417562027431,6.45942229278,2.11646107038,0.210850952972,0.985692734311,3.15042930517,1.0,614.426622899,0.939227457486
137,0.17219371616,0.880116001196,57.8933236433,1.62915670856,0.417592580654,6.46851523351,2.12002556331,0.210872424684,0.985714160277,3.15048728113,1.0,614.426971612,0.938280238866
138,0.173450604599,0.880180871601,57.8904998307,1.62958178721,0.417623360005,6.47766122382,2.12358178929,0.210894056555,0.985735726038,3.15054510418,1.0,614.427322854,0.937327247042
139,0.174707493038,0.880246218701,57.887655549,1.63000684595,0.417654365536,6.48686002488,2.12712973549,0.210915848649,0.985757431221,3.15060277324,1.0,614.427676624,0.936368502073
140,0.175964381477,0.880312042601,57.8847907999,1.63043188463,0.417685597296,6.49611139786,2.13066938974,0.21093780103,0.985779275449,3.15066028722,1.0,614.428032922,0.935404024001
141,0.177221269916,0.88037834341,57.8819055849,1.6308569031,0.417717055338,6.50541510388,2.13420074046,0.210959913761,0.985801258344,3.15071764504,1.0,614.428391747,0.934433832857
142,0.178478158356,0.880445121236,57.8789999053,1.63128190122,0.417748739712,6.51477090406,2.1377237767,0.210982186907,0.985823379524,3.15077484563,1.0,614.428753099,0.933457948653
143,0.179735046795,0.880512376188,57.8760737627,1.63170687883,0.41778065047,6.52417855954,2.1412384881,0.211004620532,0.985845638605,3.15083188791,1.0,614.429116978,0.932476391383
144,0.180991935234,0.880580108378,57.8731271587,1.6321318358,0.417812787665,6.53363783151,2.14474486493,0.211027214703,0.985868035199,3.15088877078,1.0,614.429483382,0.931489181021
145,0.182248823673,0.880648317915,57.8701600947,1.63255677198,0.417845151349,6.54314848118,2.14824289801,0.211049969485,0.985890568918,3.15094549319,1.0,614.429852311,0.930496337518
146,0.183505712112,0.880717004911,57.8671725724,1.63298168722,0.417877741576,6.55271026985,2.1517325788,0.211072884944,0.98591323937,3.15100205404,1.0,614.430223765,0.929497880803
147,0.184762600551,0.880786169479,57.8641645931,1.63340658136,0.417910558398,6.56232295892,2.1552138993,0.211095961148,0.98593604616,3.15105845227,1.0,614.430597743,0.928493830777
148,0.18601948899,0.880855811731,57.8611361587,1.63383145428,0.417943601869,6.57198630987,2.15868685212,0.211119198163,0.985958988891,3.15111468678,1.0,614.430974243,0.927484207317
149,0.187276377429,0.880925931783,57.8580872705,1.6342563058,0.417976872043,6.58170008433,2.16215143043,0.211142596058,0.985982067162,3.15117075652,1.0,614.431353267,0.926469030267
150,0.188533265869,0.880996529748,57.8550179301,1.6346811358,0.418010368976,6.59146404406,2.16560762795,0.211166154901,0.986005280572,3.1512266604,1.0,614.431734813,0.925448319445
151,0.189790154308,0.881067605742,57.8519281393,1.63510594412,0.418044092721,6.60127795098,2.16905543899,0.21118987476,0.986028628716,3.15128239736,1.0,614.43211888,0.924422094634
152,0.191047042747,0.881139159882,57.8488178995,1.63553073062,0.418078043334,6.6111415672,2.17249485839,0.211213755705,0.986052111185,3.15133796631,1.0,614.432505468,0.923390375584
153,0.192303931186,0.881211192285,57.8456872124,1.63595549515,0.41811222087,6.62105465499,2.17592588155,0.211237797807,0.986075727569,3.15139336618,1.0,614.432894577,0.922353182012
154,0.193560819625,0.881283703068,57.8425360796,1.63638023755,0.418146625386,6.63101697687,2.17934850441,0.211262001133,0.986099477456,3.15144859591,1.0,614.433286205,0.921310533596
155,0.194817708064,0.881356692351,57.8393645028,1.63680495769,0.418181256937,6.64102829556,2.18276272344,0.211286365757,0.98612336043,3.15150365441,1.0,614.433680352,0.920262449975
156,0.196074596503,0.881430160252,57.8361724836,1.63722965541,0.418216115581,6.65108837402,2.18616853564,0.211310891748,0.986147376072,3.15155854063,1.0,614.434077017,0.919208950752
157,0.197331484942,0.881504106893,57.8329600236,1.63765433056,0.418251201375,6.66119697549,2.18956593855,0.211335579179,0.986171523963,3.1516132535,1.0,614.4344762,0.918150055486
158,0.198588373382,0.881578532394,57.8297271246,1.63807898301,0.418286514375,6.67135386346,2.1929549302,0.211360428122,0.986195803678,3.15166779193,1.0,614.434877901,0.917085783694
159,0.199845261821,0.881653436876,57.8264737881,1.6385036126,0.41832205464,6.68155880172,2.19633550916,0.211385438649,0.986220214793,3.15172215487,1.0,614.435282118,0.916016154849
160,0.20110215026,0.881728820464,57.823200016,1.63892821918,0.418357822228,6.69181155435,2.19970767448,0.211410610833,0.986244756877,3.15177634125,1.0,614.43568885,0.914941188381
161,0.202359038699,0.881804683279,57.8199058098,1.63935280261,0.418393817198,6.70211188576,2.20307142572,0.211435944748,0.986269429502,3.15183035,1.0,614.436098098,0.913860903669
162,0.203615927138,0.881881025447,57.8165911714,1.63977736273,0.418430039608,6.71245956067,2.20642676295,0.211461440469,0.986294232231,3.15188418006,1.0,614.436509861,0.912775320049
163,0.204872815577,0.881957847092,57.8132561024,1.6402018994,0.418466489517,6.72285434418,2.20977368669,0.211487098069,0.986319164631,3.15193783036,1.0,614.436924137,0.911684456803
164,0.206129704016,0.88203514834,57.8099006045,1.64062641248,0.418503166986,6.73329600172,2.21311219798,0.211512917624,0.98634422626,3.15199129984,1.0,614.437340927,0.910588333165
165,0.207386592455,0.882112929318,57.8065246796,1.6410509018,0.418540072075,6.74378429911,2.2164422983,0.211538899209,0.986369416679,3.15204458743,1.0,614.437760229,0.909486968318
166,0.208643480895,0.882191190152,57.8031283293,1.64147536724,0.418577204843,6.75431900254,2.21976398962,0.211565042901,0.986394735443,3.15209769207,1.0,614.438182043,0.90838038139
167,0.209900369334,0.882269930972,57.7997115555,1.64189980862,0.418614565352,6.76489987861,2.22307727438,0.211591348776,0.986420182106,3.15215061271,1.0,614.438606368,0.907268591456
168,0.211157257773,0.882349151905,57.7962743598,1.64232422582,0.418652153663,6.77552669433,2.22638215544,0.211617816911,0.986445756218,3.15220334827,1.0,614.439033204,0.906151617533
169,0.212414146212,0.882428853082,57.7928167442,1.64274861867,0.418689969837,6.78619921714,2.22967863615,0.211644447383,0.986471457328,3.15225589771,1.0,614.43946255,0.905029478586
170,0.213671034651,0.882509034634,57.7893387103,1.64317298704,0.418728013936,6.7969172149,2.23296672029,0.21167124027,0.986497284981,3.15230825995,1.0,614.439894405,0.903902193517
171,0.21492792309,0.88258969669,57.78584026,1.64359733076,0.41788281286,6.80768045595,2.23624641207,0.211246647448,0.986551548663,3.15233740789,1.0,614.433037781,0.900115511944
172,0.216184811529,0.882670839385,57.7823213952,1.6440216497,0.417921231774,6.81848870905,2.23951771614,0.211273691266,0.986577571829,3.15238928204,1.0,614.433475328,0.898984168938
173,0.217441699968,0.882752462849,57.7787821175,1.64444594371,0.417959878319,6.82934174347,2.24278063757,0.211300897288,0.986603719894,3.15244096624,1.0,614.433915385,0.89784774609
174,0.218698588408,0.882834567218,57.775222429,1.64487021263,0.417998752559,6.84023932895,2.24603518187,0.211328265593,0.986629992395,3.15249245944,1.0,614.434357953,0.896706261816
175,0.219955476847,0.882917152625,57.7716423314,1.64529445631,0.418037854559,6.85118123572,2.24928135493,0.211355796262,0.986656388867,3.15254376059,1.0,614.434803031,0.895559734471
176,0.221212365286,0.883000219205,57.7680418266,1.64571867462,0.418077184381,6.86216723451,2.25251916308,0.211383489374,0.98668290884,3.15259486864,1.0,614.435250617,0.89440818235
177,0.222469253725,0.883083767096,57.7644209165,1.64614286739,0.418116742091,6.8731970966,2.25574861303,0.211411345012,0.986709551843,3.15264578254,1.0,614.435700712,0.893251623683
178,0.223726142164,0.883167796432,57.7607796029,1.64656703448,0.418156527753,6.88427059377,2.25896971191,0.211439363256,0.986736317402,3.15269650123,1.0,614.436153314,0.892090076637
179,0.224983030603,0.883252307353,57.7571178878,1.64699117575,0.418196541432,6.89538749834,2.2621824672,0.211467544189,0.986763205042,3.15274702367,1.0,614.436608423,0.890923559313
180,0.226239919042,0.883337299996,57.753435773,1.64741529103,0.418236783194,6.90654758318,2.26538688682,0.211495887894,0.986790214284,3.15279734881,1.0,614.437066037,0.889752089748
181,0.227496807481,0.883422774501,57.7497332605,1.64783938019,0.418277253105,6.91775062172,2.26858297902,0.211524394453,0.986817344646,3.1528474756,1.0,614.437526157,0.888575685911
182,0.228753695921,0.883508731007,57.7460103522,1.64826344307,0.418317951231,6.92899638797,2.27177075245,0.21155306395,0.986844595644,3.152897403,1.0,614.437988782,0.887394365704
183,0.23001058436,0.883595169656,57.74226705,1.64868747952,0.418358877638,6.94028465649,2.27495021611,0.211581896469,0.986871966792,3.15294712996,1.0,614.43845391,0.886208146959
184,0.231267472799,0.883682090588,57.7385033559,1.64911148939,0.418400032393,6.95161520245,2.27812137937,0.211610892095,0.9868994576,3.15299665543,1.0,614.438921542,0.885017047441
185,0.232524361238,0.883769493946,57.7347192719,1.64953547254,0.418441415565,6.9629878016,2.28128425196,0.211640050913,0.986927067579,3.15304597837,1.0,614.439391676,0.883821084843
186,0.233781249677,0.883857379874,57.7309147998,1.64995942882,0.418483027221,6.9744022303,2.28443884396,0.211669373008,0.986954796232,3.15309509774,1.0,614.439864311,0.882620276787
187,0.235038138116,0.883945748515,57.7270899417,1.65038335806,0.418524867428,6.98585826553,2.28758516578,0.211698858467,0.986982643065,3.1531440125,1.0,614.440339447,0.881414640824
188,0.236295026555,0.884034600014,57.7232446996,1.65080726013,0.418566936256,6.99735568487,2.29072322817,0.211728507375,0.987010607577,3.1531927216,1.0,614.440817084,0.880204194433
189,0.237551914994,0.884123934516,57.7193790755,1.65123113488,0.418609233773,7.00889426656,2.29385304224,0.211758319821,0.987038689267,3.15324122401,1.0,614.441297219,0.878988955018
190,0.238808803434,0.884213752167,57.7154930714,1.65165498215,0.418651760048,7.02047378944,2.29697461939,0.211788295891,0.987066887631,3.15328951868,1.0,614.441779853,0.87776893991
191,0.240065691873,0.884304053116,57.7115866892,1.6520788018,0.418694515152,7.03209403302,2.30008797136,0.211818435674,0.987095202163,3.15333760458,1.0,614.442264985,0.876544166365
192,0.241322580312,0.884394837509,57.7076599312,1.65250259367,0.418737499154,7.04375477745,2.3031931102,0.211848739258,0.987123632353,3.15338548067,1.0,614.442752614,0.875314651563
193,0.242579468751,0.884486105495,57.7037127992,1.65292635762,0.418780712124,7.05545580356,2.30629004829,0.211879206732,0.98715217769,3.1534331459,1.0,614.443242739,0.874080412608
194,0.24383635719,0.884577857223,57.6997452953,1.65335009349,0.418824154134,7.06719689281,2.30937879829,0.211909838186,0.987180837659,3.15348059926,1.0,614.44373536,0.872841466528
195,0.245093245629,0.884670092845,57.6957574217,1.65377380113,0.418867825254,7.07897782736,2.31245937318,0.21194063371,0.987209611744,3.1535278397,1.0,614.444230475,0.871597830273
196,0.246350134068,0.884762812511,57.6917491803,1.6541974804,0.418911725556,7.09079839005,2.3155317862,0.211971593394,0.987238499425,3.15357486618,1.0,614.444728084,0.870349520714
197,0.247607022507,0.884856016372,57.6877205734,1.65462113114,0.418955855112,7.10265836439,2.31859605093,0.21200271733,0.987267500181,3.15362167768,1.0,614.445228186,0.869096554644
198,0.248863910947,0.884949704582,57.6836716029,1.6550447532,0.419000213994,7.11455753461,2.32165218118,0.212034005608,0.987296613487,3.15366827316,1.0,614.445730781,0.867838948776
199,0.250120799386,0.885043877294,57.679602271,1.65546834643,0.419044802275,7.1264956856,2.32470019109,0.212065458321,0.987325838818,3.15371465159,1.0,614.446235867,0.866576719745
200,0.251377687825,0.885138534662,57.6755125797,1.65589191069,0.419089620028,7.138472603,2.32774009504,0.212097075562,0.987355175643,3.15376081194,1.0,614.446743443,0.865309884103
201,0.252634576264,0.885233676841,57.6714025313,1.65631544581,0.419134667326,7.15048807311,2.33077190767,0.212128857423,0.987384623431,3.15380675318,1.0,614.44725351,0.864038458323
202,0.253891464703,0.885329303987,57.6672721279,1.65673895166,0.419179944243,7.16254188301,2.33379564393,0.212160803998,0.987414181648,3.15385247429,1.0,614.447766065,0.862762458795
203,0.255148353142,0.885425416256,57.6631213716,1.65716242807,0.419225450853,7.17463382043,2.33681131897,0.212192915382,0.987443849757,3.15389797423,1.0,614.448281109,0.861481901826
204,0.256405241581,0.885522013806,57.6589502646,1.6575858749,0.41927118723,7.1867636739,2.33981894823,0.212225191668,0.987473627219,3.15394325198,1.0,614.44879864,0.860196803644
205,0.25766213002,0.885619096795,57.6547588091,1.65800929199,0.419317153451,7.19893123261,2.34281854739,0.212257632952,0.987503513492,3.15398830651,1.0,614.449318658,0.858907180391
206,0.258919018459,0.885716665383,57.6505470071,1.6584326792,0.419363349588,7.21113628655,2.34581013237,0.212290239329,0.987533508032,3.1540331368,1.0,614.449841162,0.857613048126
207,0.260175906899,0.885814719728,57.6463148611,1.65885603638,0.41940977572,7.22337862642,2.34879371933,0.212323010895,0.987563610293,3.15407774183,1.0,614.45036615,0.856314422823
208,0.261432795338,0.885913259991,57.642062373,1.65927936336,0.419456431921,7.23565804366,2.35176932466,0.212355947748,0.987593819725,3.15412212057,1.0,614.450893623,0.855011320374
209,0.262689683777,0.886012286335,57.6377895453,1.65970266001,0.419503318267,7.24797433049,2.35473696498,0.212389049983,0.987624135777,3.154166272,1.0,614.451423579,0.853703756585
210,0.263946572216,0.88611179892,57.63349638,1.66012592616,0.419550434837,7.26032727986,2.35769665713,0.212422317699,0.987654557895,3.15421019511,1.0,614.451956017,0.852391747175
211,0.265203460655,0.88621179791,57.6291828794,1.66054916168,0.419597781706,7.27271668548,2.36064841818,0.212455750994,0.987685085522,3.15425388886,1.0,614.452490937,0.85107530778
212,0.266460349094,0.886312283469,57.6248490458,1.6609723664,0.419645358953,7.28514234184,2.36359226541,0.212489349967,0.9877157181,3.15429735224,1.0,614.453028338,0.849754453948
213,0.267717237533,0.886413255761,57.6204948815,1.66139554017,0.419693166655,7.29760404418,2.36652821629,0.212523114715,0.987746455066,3.15434058424,1.0,614.453568218,0.848429201142
214,0.268974125972,0.886514714952,57.6161203886,1.66181868285,0.41974120489,7.31010158853,2.36945628852,0.21255704534,0.987777295858,3.15438358383,1.0,614.454110578,0.847099564737
215,0.270231014412,0.886616661208,57.6117255695,1.66224179427,0.419789473738,7.32263477167,2.3723765,0.212591141941,0.987808239908,3.15442635,1.0,614.454655415,0.845765560021
216,0.271487902851,0.886719094695,57.6073104265,1.66266487429,0.419837973277,7.33520339118,2.3752888688,0.212625404619,0.987839286647,3.15446888174,1.0,614.45520273,0.844427202196
217,0.27274479129,0.886822015582,57.6028749619,1.66308792276,0.419886703587,7.34780724541,2.37819341321,0.212659833475,0.987870435505,3.15451117803,1.0,614.455752522,0.843084506374
218,0.274001679729,0.886925424038,57.598419178,1.66351093953,0.419935664747,7.36044613349,2.38109015169,0.212694428611,0.987901685908,3.15455323786,1.0,614.456304788,0.841737487581
219,0.275258568168,0.88702932023,57.593943077,1.66393392443,0.419984856839,7.37311985534,2.3839791029,0.212729190129,0.98793303728,3.15459506022,1.0,614.45685953,0.840386160753
220,0.276515456607,0.88713370433,57.5894466615,1.66435687733,0.420034279941,7.38582821168,2.38686028565,0.212764118131,0.987964489041,3.15463664409,1.0,614.457416745,0.839030540738
221,0.277772345046,0.887238576509,57.5849299336,1.66477979806,0.420083934136,7.39857100401,2.38973371894,0.212799212721,0.987996040611,3.15467798847,1.0,614.457976433,0.837670642296
222,0.279029233485,0.887343936938,57.5803928957,1.66520268647,0.420133819504,7.41134803462,2.39259942196,0.212834474003,0.988027691407,3.15471909235,1.0,614.458538593,0.836306480096
223,0.280286121925,0.887449785791,57.5758355503,1.66562554242,0.420183936128,7.42415910661,2.39545741402,0.212869902081,0.988059440842,3.15475995471,1.0,614.459103225,0.834938068719
224,0.281543010364,0.887556123239,57.5712578997,1.66604836575,0.420234284089,7.43700402388,2.39830771464,0.212905497059,0.988091288328,3.15480057456,1.0,614.459670326,0.833565422655
225,0.282799898803,0.887662949458,57.5666599463,1.6664711563,0.42028486347,7.44988259111,2.40115034345,0.212941259043,0.988123233274,3.15484095089,1.0,614.460239897,0.832188556306
226,0.284056787242,0.887770264622,57.5620416924,1.66689391392,0.420335674354,7.46279461381,2.40398532028,0.212977188139,0.988155275087,3.15488108268,1.0,614.460811936,0.830807483983
227,0.285313675681,0.887878068907,57.5574031405,1.66731663847,0.420386716823,7.47573989828,2.40681266508,0.213013284453,0.988187413171,3.15492096894,1.0,614.461386443,0.829422219906
228,0.28657056412,0.887986362491,57.5527442931,1.66773932978,0.420437990962,7.48871825163,2.40963239795,0.213049548092,0.988219646928,3.15496060867,1.0,614.461963416,0.828032778207
229,0.287827452559,0.888095145549,57.5480651525,1.6681619877,0.420489496854,7.50172948178,2.41244453913,0.213085979163,0.988251975758,3.15500000086,1.0,614.462542854,0.826639172923
230,0.289084340998,0.888204418261,57.5433657212,1.66858461209,0.420541234585,7.51477339745,2.41524910901,0.213122577775,0.988284399058,3.15503914451,1.0,614.463124758,0.825241418005
231,0.290341229438,0.888314180804,57.5386460016,1.66900720278,0.420593204238,7.52784980818,2.41804612811,0.213159344034,0.988316916222,3.15507803862,1.0,614.463709125,0.823839527311
232,0.291598117877,0.88842443336,57.5339059962,1.66942975962,0.420645405898,7.54095852434,2.42083561705,0.213196278052,0.988349526642,3.1551166822,1.0,614.464295955,0.822433514607
233,0.292855006316,0.888535176109,57.5291457075,1.66985228247,0.420697839652,7.55409935707,2.42361759663,0.213233379936,0.988382229709,3.15515507424,1.0,614.464885248,0.821023393568
234,0.294111894755,0.888646409232,57.524365138,1.67027477116,0.420750505585,7.56727211837,2.42639208773,0.213270649797,0.988415024809,3.15519321375,1.0,614.465477001,0.819609177781
235,0.295368783194,0.888758132911,57.5195642901,1.67069722555,0.420803403783,7.58047662102,2.42915911137,0.213308087745,0.988447911328,3.15523109973,1.0,614.466071214,0.818190880736
236,0.296625671633,0.888870347329,57.5147431664,1.67111964547,0.420856534334,7.59371267865,2.43191868867,0.213345693892,0.988480888648,3.15526873119,1.0,614.466667886,0.816768515836
237,0.297882560072,0.88898305267,57.5099017694,1.67154203078,0.420909897323,7.60698010567,2.43467084088,0.213383468348,0.988513956149,3.15530610713,1.0,614.467267017,0.815342096391
238,0.299139448511,0.889096249119,57.5050401016,1.67196438132,0.420963492839,7.62027871733,2.43741558934,0.213421411227,0.98854711321,3.15534322657,1.0,614.467868604,0.813911635618
239,0.300396336951,0.889209936861,57.5001581655,1.67238669693,0.421017320969,7.63360832971,2.44015295552,0.21345952264,0.988580359205,3.1553800885,1.0,614.468472648,0.812477146643
240,0.30165322539,0.889324116082,57.4952559638,1.67280897747,0.421071381802,7.64696875968,2.44288296096,0.213497802701,0.988613693508,3.15541669195,1.0,614.469079147,0.811038642502
241,0.302910113829,0.88943878697,57.4903334989,1.67323122278,0.421125675425,7.66035982494,2.44560562732,0.213536251523,0.988647115489,3.15545303591,1.0,614.469688101,0.809596136136
242,0.304167002268,0.889553949711,57.4853907735,1.6736534327,0.421180201928,7.67378134402,2.44832097635,0.213574869221,0.988680624516,3.15548911941,1.0,614.470299507,0.808149640395
243,0.305423890707,0.889669604496,57.48042779,1.67407560708,0.421234961401,7.68723313626,2.4510290299,0.213613655909,0.988714219956,3.15552494145,1.0,614.470913367,0.806699168039
244,0.306680779146,0.889785751513,57.4754445512,1.67449774576,0.421289953932,7.70071502181,2.45372980988,0.213652611703,0.988747901171,3.15556050105,1.0,614.471529677,0.805244731733
245,0.307937667585,0.889902390952,57.4704410597,1.6749198486,0.421345179613,7.71422682166,2.45642333832,0.213691736717,0.988781667522,3.15559579722,1.0,614.472148438,0.803786344052
246,0.309194556024,0.890019523005,57.4654173179,1.67534191543,0.421400638533,7.72776835759,2.45910963731,0.21373103107,0.98881551837,3.15563082897,1.0,614.472769649,0.802324017477
247,0.310451444464,0.890137147863,57.4603733286,1.6757639461,0.421456330783,7.74133945224,2.46178872903,0.213770494876,0.988849453069,3.15566559534,1.0,614.473393307,0.800857764399
248,0.311708332903,0.89025526572,57.4553090944,1.67618594045,0.421512256455,7.75493992903,2.46446063574,0.213810128254,0.988883470973,3.15570009533,1.0,614.474019414,0.799387597115
249,0.312965221342,0.890373876768,57.450224618,1.67660789834,0.42156841564,7.76856961221,2.46712537974,0.213849931322,0.988917571435,3.15573432796,1.0,614.474647966,0.797913527831
250,0.314222109781,0.890492981202,57.4451199019,1.6770298196,0.42162480843,7.78222832686,2.46978298345,0.213889904198,0.988951753803,3.15576829225,1.0,614.475278965,0.796435568661
251,0.31547899822,0.890612579217,57.439994949,1.67745170408,0.421681434917,7.79591589886,2.47243346932,0.213930047002,0.988986017425,3.15580198722,1.0,614.475912407,0.794953731627
252,0.316735886659,0.890732671008,57.4348497617,1.67787355162,0.421738295195,7.80963215491,2.47507685989,0.213970359851,0.989020361644,3.1558354119,1.0,614.476548293,0.793468028656
253,0.317992775098,0.890853256774,57.429684343,1.67829536207,0.421795389356,7.82337692254,2.47771317773,0.214010842867,0.989054785804,3.15586856531,1.0,614.477186622,0.791978471587
254,0.319249663537,0.890974336711,57.4244986953,1.67871713528,0.421852717495,7.83715003007,2.4803424455,0.214051496171,0.989089289243,3.15590144647,1.0,614.477827392,0.790485072165
255,0.320506551977,0.891095911017,57.4192928215,1.67913887108,0.421910279704,7.85095130665,2.48296468589,0.214092319882,0.989123871299,3.15593405441,1.0,614.478470602,0.788987842043
256,0.321763440416,0.891217979892,57.4140667244,1.67956056933,0.421968076078,7.86478058225,2.48557992167,0.214133314123,0.989158531307,3.15596638816,1.0,614.479116252,0.787486792783
257,0.323020328855,0.891340543536,57.4088204065,1.67998222986,0.422026106712,7.87863768764,2.48818817565,0.214174479017,0.989193268601,3.15599844674,1.0,614.47976434,0.785981935854
258,0.324277217294,0.891463602149,57.4035538707,1.68040385252,0.422084371701,7.89252245439,2.49078947067,0.214215814685,0.989228082509,3.15603022917,1.0,614.480414865,0.786323044161
259,0.325534105733,0.891587155933,57.3982671196,1.68082543715,0.421250391511,7.9064347149,2.49338382963,0.21379752347,0.98928545138,3.15603081425,1.0,614.473820315,0.789925482108
260,0.326790994172,0.89171120509,57.3929601562,1.6812469836,0.421309001324,7.92037430236,2.49597127548,0.213839086204,0.989320341625,3.15606197587,1.0,614.474476728,0.79143538056
261,0.328047882611,0.891835749825,57.3876329832,1.68166849172,0.421367845282,7.9343410508,2.49855183121,0.213880819603,0.989355306312,3.15609285904,1.0,614.475135579,0.792949044969
262,0.32930477105,0.89196079034,57.3822856032,1.68208996133,0.421426923483,7.94833479501,2.50112551983,0.21392272379,0.989390344762,3.15612346281,1.0,614.475796867,0.794466464395
263,0.33056165949,0.89208632684,57.3769180193,1.6825113923,0.421486236024,7.96235537062,2.50369236439,0.213964798892,0.989425456297,3.1561537862,1.0,614.47646059,0.795987627989
264,0.331818547929,0.892212359532,57.3715302341,1.68293278446,0.421545783002,7.97640261404,2.506252388,0.214007045033,0.989460640233,3.15618382826,1.0,614.477126749,0.797512524993
265,0.333075436368,0.892338888621,57.3661222504,1.68335413765,0.421605564513,7.99047636251,2.50880561376,0.21404946234,0.989495895887,3.15621358802,1.0,614.477795341,0.799041144737
266,0.334332324807,0.892465914315,57.3606940712,1.68377545172,0.421665580657,8.00457645403,2.51135206483,0.21409205094,0.989531222573,3.15624306453,1.0,614.478466366,0.800573476643
267,0.335589213246,0.892593436823,57.3552456992,1.68419672651,0.421725831531,8.01870272743,2.51389176438,0.214134810958,0.9895666196,3.15627225682,1.0,614.479139822,0.802109510222
268,0.336846101685,0.892721456352,57.3497771374,1.68461796186,0.421786317235,8.03285502232,2.51642473561,0.214177742524,0.989602086278,3.15630116393,1.0,614.479815709,0.803649235073
269,0.338102990124,0.892849973113,57.3442883885,1.68503915762,0.421847037867,8.04703317911,2.51895100173,0.214220845766,0.989637621913,3.15632978491,1.0,614.480494025,0.805192640886
270,0.339359878563,0.892978987316,57.3387794554,1.68546031363,0.421907993526,8.06123703901,2.521470586,0.214264120811,0.98967322581,3.15635811881,1.0,614.48117477,0.80673971744
271,0.340616767003,0.893108499173,57.3332503411,1.68588142974,0.421969184314,8.07546644401,2.52398351166,0.21430756779,0.989708897269,3.15638616466,1.0,614.481857942,0.808290454604
272,0.341873655442,0.893238508896,57.3277010484,1.68630250577,0.422030610329,8.08972123689,2.52648980198,0.214351186832,0.989744635591,3.15641392151,1.0,614.482543541,0.809844842336
273,0.343130543881,0.893369016697,57.3221315802,1.68672354159,0.422092271672,8.10400126122,2.52898948025,0.214394978068,0.989780440072,3.15644138841,1.0,614.483231564,0.811402870681
274,0.34438743232,0.893500022791,57.3165419395,1.68714453702,0.422154168445,8.11830636136,2.53148256977,0.214438941629,0.989816310008,3.15646856441,1.0,614.483922012,0.812964529777
275,0.345644320759,0.893631527392,57.3109321292,1.68756549191,0.422216300749,8.13263638245,2.53396909385,0.214483077646,0.989852244691,3.15649544856,1.0,614.484614882,0.814529809847
276,0.346901209198,0.893763530716,57.3053021522,1.68798640611,0.422278668686,8.14699117039,2.53644907578,0.214527386252,0.989888243411,3.1565220399,1.0,614.485310174,0.816098701205
277,0.348158097637,0.893896032979,57.2996520115,1.68840727945,0.422341272358,8.1613705719,2.5389225389,0.214571867578,0.989924305457,3.1565483375,1.0,614.486007887,0.817671194252
278,0.349414986076,0.894029034398,57.29398171,1.68882811178,0.422404111867,8.17577443444,2.54138950652,0.214616521759,0.989960430114,3.15657434039,1.0,614.48670802,0.819247279479
279,0.350671874516,0.89416253519,57.2882912507,1.68924890294,0.422467187317,8.19020260626,2.54385000196,0.214661348928,0.989996616666,3.15660004764,1.0,614.487410571,0.820826947464
280,0.351928762955,0.894296535576,57.2825806366,1.68966965277,0.42253049881,8.20465493639,2.54630404855,0.21470634922,0.990032864394,3.15662545831,1.0,614.488115539,0.822410188875
281,0.353185651394,0.894431035773,57.2768498707,1.69009036111,0.422594046451,8.21913127461,2.54875166961,0.214751522768,0.990069172577,3.15665057143,1.0,614.488822924,0.823996994465
282,0.354442539833,0.894566036003,57.2710989559,1.69051102781,0.422657830343,8.23363147149,2.55119288845,0.214796869709,0.990105540491,3.15667538609,1.0,614.489532724,0.825587355079
283,0.355699428272,0.894701536487,57.2653278954,1.69093165269,0.422721850592,8.24815537834,2.55362772838,0.214842390179,0.990141967412,3.15669990132,1.0,614.490244938,0.827181261645
284,0.356956316711,0.894837537446,57.2595366921,1.69135223562,0.422786107302,8.26270284726,2.55605621271,0.214888084314,0.990178452611,3.1567241162,1.0,614.490959564,0.828778705183
285,0.35821320515,0.894974039104,57.2537253491,1.69177277642,0.422850600577,8.27727373109,2.55847836472,0.214933952251,0.990214995358,3.15674802977,1.0,614.491676603,0.830379676798
286,0.359470093589,0.895111041684,57.2478938694,1.69219327494,0.422915330525,8.29186788343,2.56089420772,0.214979994128,0.99025159492,3.15677164111,1.0,614.492396052,0.831984167683
287,0.360726982029,0.895248545411,57.2420422561,1.69261373101,0.422980297251,8.30648515864,2.56330376495,0.215026210083,0.990288250564,3.15679494928,1.0,614.49311791,0.833592169117
288,0.361983870468,0.89538655051,57.2361705123,1.69303414449,0.423045500861,8.32112541184,2.5657070597,0.215072600255,0.990324961553,3.15681795334,1.0,614.493842177,0.835203672467
289,0.363240758907,0.895525057206,57.230278641,1.6934545152,0.423110941462,8.3357884989,2.56810411518,0.215119164783,0.990361727146,3.15684065235,1.0,614.494568851,0.836818669188
290,0.364497647346,0.895664065728,57.2243666452,1.693874843,0.423176619162,8.35047427641,2.57049495464,0.215165903807,0.990398546603,3.15686304539,1.0,614.495297931,0.83843715082
291,0.365754535785,0.895803576302,57.2184345283,1.69429512771,0.423242534068,8.36518260174,2.57287960128,0.215212817468,0.990435419181,3.15688513151,1.0,614.496029415,0.840059108989
292,0.367011424224,0.895943589158,57.2124822931,1.69471536919,0.423308686288,8.37991333299,2.57525807829,0.215259905906,0.990472344133,3.1569069098,1.0,614.496763304,0.841684535408
293,0.368268312663,0.896084104524,57.206509943,1.69513556727,0.423375075931,8.39466632899,2.57763040882,0.215307169264,0.990509320712,3.15692837931,1.0,614.497499595,0.843313421878
294,0.369525201102,0.896225122631,57.2005174809,1.69555572178,0.423441703105,8.40944144932,2.57999661604,0.215354607683,0.990546348167,3.15694953911,1.0,614.498238287,0.844945760283
295,0.370782089542,0.89636664371,57.1945049101,1.69597583258,0.423508567919,8.42423855429,2.58235672305,0.215402221306,0.990583425746,3.15697038829,1.0,614.498979379,0.846581542595
296,0.372038977981,0.896508667993,57.1884722337,1.6963958995,0.423575670483,8.43905750495,2.58471075295,0.215450010277,0.990620552694,3.15699092591,1.0,614.49972287,0.84822076087
297,0.37329586642,0.896651195713,57.1824194548,1.69681592237,0.423643010907,8.45389816305,2.58705872881,0.215497974739,0.990657728254,3.15701115104,1.0,614.500468759,0.849863407251
298,0.374552754859,0.896794227102,57.1763465767,1.69723590105,0.423710589301,8.4687603911,2.58940067367,0.215546114836,0.990694951667,3.15703106277,1.0,614.501217045,0.851509473965
299,0.375809643298,0.896937762396,57.1702536026,1.69765583536,0.423778405776,8.48364405232,2.59173661053,0.215594430715,0.990732222171,3.15705066017,1.0,614.501967726,0.853158953325
300,0.377066531737,0.897081801829,57.1641405356,1.69807572516,0.423846460444,8.49854901064,2.59406656239,0.21564292252,0.990769539003,3.15706994231,1.0,614.502720801,0.854811837728
301,0.378323420176,0.897226345638,57.158007379,1.69849557026,0.423914753414,8.51347513073,2.59639055219,0.215691590398,0.990806901398,3.15708890828,1.0,614.50347627,0.856468119657
302,0.379580308615,0.89737139406,57.1518541359,1.69891537053,0.423983284801,8.52842227796,2.59870860284,0.215740434494,0.990844308587,3.15710755715,1.0,614.50423413,0.858127791679
303,0.380837197054,0.897516947331,57.1456808096,1.69933512579,0.424052054715,8.54339031841,2.60102073724,0.215789454958,0.9908817598,3.15712588801,1.0,614.504994381,0.859790846444
304,0.382094085494,0.897663005691,57.1394874035,1.69975483588,0.424121063269,8.55837911888,2.60332697821,0.215838651936,0.990919254265,3.15714389993,1.0,614.505757021,0.86145727669
305,0.383350973933,0.897809569378,57.1332739206,1.70017450064,0.424190310577,8.57338854686,2.60562734858,0.215888025577,0.990956791206,3.15716159201,1.0,614.506522049,0.863127075234
306,0.384607862372,0.897956638634,57.1270403643,1.70059411992,0.424259796752,8.58841847056,2.60792187112,0.21593757603,0.990994369848,3.15717896332,1.0,614.507289464,0.864800234981
307,0.385864750811,0.898104213699,57.1207867378,1.70101369354,0.424329521907,8.60346875889,2.61021056856,0.215987303444,0.991031989412,3.15719601296,1.0,614.508059265,0.866476748918
308,0.38712163925,0.898252294814,57.1145130445,1.70143322135,0.424399486158,8.61853928143,2.6124934636,0.216037207971,0.991069649115,3.15721274,1.0,614.508831451,0.868156610115
309,0.388378527689,0.898400882223,57.1082192877,1.70185270319,0.424469689618,8.63362990849,2.6147705789,0.21608728976,0.991107348176,3.15722914354,1.0,614.509606019,0.869839811726
310,0.389635416128,0.898549976168,57.1019054706,1.70227213889,0.424540132403,8.64874051105,2.61704193706,0.216137548963,0.991145085807,3.15724522266,1.0,614.51038297,0.871526346988
311,0.390892304567,0.898699576895,57.0955715966,1.70269152829,0.424610814629,8.66387096078,2.61930756067,0.216187985733,0.991182861223,3.15726097646,1.0,614.511162302,0.873216209221
312,0.392149193007,0.898849684648,57.089217669,1.70311087122,0.42468173641,8.67902113005,2.62156747224,0.216238600221,0.991220673632,3.15727640402,1.0,614.511944013,0.874909391828
313,0.393406081446,0.899000299673,57.0828436911,1.70353016754,0.424752897863,8.69419089189,2.62382169426,0.21628939258,0.991258522244,3.15729150444,1.0,614.512728103,0.876605888294
314,0.394662969885,0.899151422217,57.0764496663,1.70394941707,0.424824299105,8.70938012003,2.62607024917,0.216340362965,0.991296406262,3.15730627682,1.0,614.513514569,0.878305692186
315,0.395919858324,0.899303052527,57.0700355981,1.70436861964,0.424895940253,8.72458868886,2.62831315937,0.216391511529,0.991334324893,3.15732072025,1.0,614.514303412,0.880008797155
316,0.397176746763,0.899455190852,57.0636014896,1.70478777511,0.424967821423,8.73981647345,2.63055044719,0.216442838428,0.991372277335,3.15733483381,1.0,614.515094629,0.881715196932
317,0.398433635202,0.899607837442,57.0571473444,1.7052068833,0.425039942735,8.75506334955,2.63278213494,0.216494343818,0.99141026279,3.15734861662,1.0,614.515888219,0.88342488533
318,0.399690523641,0.899760992546,57.0506731658,1.70562594406,0.425112304306,8.77032919355,2.63500824486,0.216546027853,0.991448280455,3.15736206777,1.0,614.516684182,0.885137856245
319,0.40094741208,0.899914656416,57.0441789573,1.70604495721,0.425184906254,8.78561388253,2.63722879916,0.216597890691,0.991486329523,3.15737518635,1.0,614.517482515,0.886854103654
320,0.40220430052,0.900068829302,57.0376647222,1.7064639226,0.425257748699,8.80091729423,2.63944381998,0.216649932489,0.991524409189,3.15738797148,1.0,614.518283218,0.888573621614
321,0.403461188959,0.900223511459,57.031130464,1.70688284006,0.42533083176,8.81623930702,2.64165332943,0.216702153404,0.991562518643,3.15740042224,1.0,614.519086289,0.890296404264
322,0.404718077398,0.900378703138,57.0245761861,1.70730170943,0.425404155556,8.83157979996,2.64385734954,0.216754553596,0.991600657073,3.15741253775,1.0,614.519891726,0.892022445825
323,0.405974965837,0.900534404595,57.018001892,1.70772053054,0.424576284375,8.84693865274,2.64605590232,0.216339030999,0.991656273085,3.15739049465,1.0,614.513494022,0.895444119681
324,0.407231854276,0.900690616084,57.0114075852,1.70813930324,0.424649933636,8.8623157457,2.6482490097,0.216391643667,0.991694385724,3.15740191382,1.0,614.514305449,0.897170675452
325,0.408488742715,0.900847337862,57.0047932691,1.70855802735,0.424723823483,8.87771095984,2.65043669358,0.216444435575,0.991732524846,3.15741299577,1.0,614.515119243,0.898900478621
326,0.409745631154,0.901004570185,56.9981589471,1.70897670271,0.424797954037,8.89312417678,2.65261897578,0.216497406883,0.991770689635,3.15742373961,1.0,614.515935403,0.900633523737
327,0.411002519593,0.901162313311,56.9915046229,1.70939532917,0.424872325421,8.90855527879,2.65479587808,0.216550557752,0.99180887927,3.15743414446,1.0,614.516753926,0.902369805428
328,0.412259408033,0.901320567498,56.9848302999,1.70981390654,0.424946937756,8.92400414879,2.65696742221,0.216603888343,0.991847092928,3.15744420943,1.0,614.517574813,0.9041093184
329,0.413516296472,0.901479333006,56.9781359816,1.71023243468,0.425021791163,8.93947067031,2.65913362983,0.216657398819,0.991885329785,3.15745393362,1.0,614.518398061,0.90585205744
330,0.414773184911,0.901638610095,56.9714216715,1.71065091341,0.425096885767,8.95495472753,2.66129452254,0.216711089341,0.991923589015,3.15746331616,1.0,614.51922367,0.907598017413
331,0.41603007335,0.901798399026,56.9646873733,1.71106934257,0.425172221689,8.97045620523,2.66345012191,0.216764960073,0.991961869789,3.15747235615,1.0,614.520051637,0.909347193262
332,0.417286961789,0.90195870006,56.9579330904,1.711487722,0.425247799054,8.98597498884,2.66560044941,0.21681901118,0.992000171276,3.15748105272,1.0,614.520881962,0.911099580008
333,0.418543850228,0.90211951346,56.9511588264,1.71190605152,0.425323617984,9.0015109644,2.66774552649,0.216873242824,0.992038492643,3.15748940498,1.0,614.521714643,0.912855172752
334,0.419800738667,0.90228083949,56.9443645849,1.71232433098,0.425399678605,9.01706401856,2.66988537452,0.216927655172,0.992076833055,3.15749741205,1.0,614.52254968,0.914613966673
335,0.421057627106,0.902442678414,56.9375503694,1.71274256021,0.42547598104,9.0326340386,2.67202001482,0.216982248389,0.992115191675,3.15750507305,1.0,614.52338707,0.916375957025
336,0.422314515546,0.902605030497,56.9307161836,1.71316073904,0.425552525416,9.0482209124,2.67414946863,0.21703702264,0.992153567664,3.1575123871,1.0,614.524226812,0.918141139143
337,0.423571403985,0.902767896006,56.923862031,1.71357886732,0.425629311857,9.06382452845,2.67627375716,0.217091978094,0.99219196018,3.15751935332,1.0,614.525068905,0.919909508438
338,0.424828292424,0.902931275206,56.9169879154,1.71399694486,0.425706340489,9.07944477585,2.67839290153,0.217147114917,0.99223036838,3.15752597084,1.0,614.525913348,0.921681060399
339,0.426085180863,0.903095168366,56.9100938402,1.71441497151,0.425783611438,9.09508154429,2.68050692282,0.217202433278,0.99226879142,3.15753223878,1.0,614.526760139,0.923455790592
340,0.427342069302,0.903259575755,56.9031798092,1.7148329471,0.425861124832,9.11073472406,2.68261584203,0.217257933344,0.99230722845,3.15753815627,1.0,614.527609278,0.925233694661
341,0.428598957741,0.903424497641,56.8962458259,1.71525087146,0.425938880796,9.12640420607,2.68471968011,0.217313615286,0.992345678622,3.15754372243,1.0,614.528460762,0.927014768325
342,0.42985584618,0.903589934295,56.8892918941,1.71566874443,0.426016879459,9.1420898818,2.68681845794,0.217369479273,0.992384141084,3.15754893639,1.0,614.52931459,0.928799007381
343,0.431112734619,0.903755885987,56.8823180175,1.71608656584,0.426095120947,9.15779164331,2.68891219635,0.217425525475,0.992422614982,3.15755379728,1.0,614.530170761,0.930586407703
344,0.432369623059,0.903922352991,56.8753241997,1.71650433553,0.42617360539,9.17350938327,2.69100091608,0.217481754065,0.99246109946,3.15755830423,1.0,614.531029273,0.93237696524
345,0.433626511498,0.904089335578,56.8683104443,1.71692205333,0.426252332917,9.18924299492,2.69308463783,0.217538165213,0.992499593661,3.15756245637,1.0,614.531890126,0.93417067602
346,0.434883399937,0.904256834022,56.8612767552,1.71733971906,0.426331303655,9.20499237208,2.69516338222,0.217594759091,0.992538096725,3.15756625284,1.0,614.532753318,0.935967536144
347,0.436140288376,0.904424848598,56.8542231359,1.71775733257,0.426410517734,9.22075740915,2.69723716982,0.217651535874,0.992576607789,3.15756969276,1.0,614.533618846,0.93776754179
348,0.437397176815,0.904593379581,56.8471495904,1.71817489368,0.426489975284,9.2365380011,2.69930602112,0.217708495733,0.99261512599,3.15757277528,1.0,614.534486711,0.939570689214
349,0.438654065254,0.904762427247,56.8400561222,1.71859240223,0.426569676436,9.25233404349,2.70136995656,0.217765638845,0.992653650462,3.15757549953,1.0,614.535356911,0.941376974745
350,0.439910953693,0.904931991872,56.8329427351,1.71900985806,0.426649621319,9.26814543241,2.70342899649,0.217822965382,0.992692180336,3.15757786464,1.0,614.536229444,0.943186394789
351,0.441167842132,0.905102073735,56.825809433,1.71942726099,0.426729810066,9.28397206455,2.70548316123,0.217880475521,0.992730714742,3.15757986975,1.0,614.537104309,0.944998945826
352,0.442424730572,0.905272673115,56.8186562195,1.71984461085,0.426810242806,9.29981383714,2.70753247099,0.217938169438,0.992769252808,3.15758151401,1.0,614.537981504,0.946814624413
353,0.443681619011,0.905443790291,56.8114830984,1.72026190748,0.426890919673,9.31567064798,2.70957694594,0.21799604731,0.99280779366,3.15758279656,1.0,614.538861029,0.94863342718
354,0.44493850745,0.905615425542,56.8042900736,1.72067915071,0.426971840798,9.33154239542,2.71161660619,0.218054109313,0.992846336422,3.15758371653,1.0,614.539742881,0.950455350836
355,0.446195395889,0.905787579152,56.7970771488,1.72109634037,0.427053006313,9.34742897837,2.71365147176,0.218112355626,0.992884880215,3.15758427307,1.0,614.540627059,0.95228039216
356,0.447452284328,0.905960251401,56.7898443279,1.7215134763,0.427134416352,9.36333029627,2.71568156262,0.218170786427,0.992923424159,3.15758446532,1.0,614.541513563,0.954108548008
357,0.448709172767,0.906133442572,56.7825916146,1.72193055831,0.427216071049,9.37924624914,2.71770689866,0.218229401896,0.992961967372,3.15758429243,1.0,614.54240239,0.955939815311
358,0.449966061206,0.906307152949,56.7753190129,1.72234758626,0.427297970536,9.3951767375,2.71972749971,0.218288202212,0.993000508969,3.15758375355,1.0,614.543293539,0.957774191074
359,0.451222949645,0.906481382817,56.7680265265,1.72276455996,0.427380114948,9.41112166245,2.72174338554,0.218347187555,0.993039048064,3.15758284782,1.0,614.544187008,0.959611672376
360,0.452479838085,0.906656132461,56.7607141594,1.72318147925,0.42746250442,9.42708092561,2.72375457582,0.218406358107,0.993077583768,3.15758157439,1.0,614.545082797,0.96145225637
361,0.453736726524,0.906831402168,56.7533819153,1.72359834395,0.427545139087,9.44305442912,2.72576109019,0.21846571405,0.993116115192,3.15757993241,1.0,614.545980904,0.963295940284
362,0.454993614963,0.907007192224,56.7460297982,1.72401515391,0.427628019083,9.45904207569,2.72776294819,0.218525255566,0.993154641443,3.15757792104,1.0,614.546881327,0.965142721419
363,0.456250503402,0.907183502918,56.738657812,1.72443190894,0.427711144545,9.47504376851,2.72976016932,0.218584982837,0.993193161626,3.15757553942,1.0,614.547784065,0.96699259715
364,0.457507391841,0.907360334539,56.7312659605,1.72484860889,0.42779451561,9.49105941134,2.73175277298,0.218644896048,0.993231674845,3.15757278671,1.0,614.548689116,0.968845564926
365,0.45876428028,0.907537687375,56.7238542477,1.72526525357,0.427878132412,9.50708890843,2.73374077853,0.218704995382,0.993270180201,3.15756966206,1.0,614.54959648,0.970701622268
366,0.460021168719,0.907715561718,56.7164226776,1.72568184282,0.427961995091,9.52313216457,2.73572420523,0.218765281025,0.993308676795,3.15756616462,1.0,614.550506154,0.972560766774
367,0.461278057158,0.90789395786,56.7089712539,1.72609837648,0.428046103782,9.53918908505,2.7377030723,0.218825753162,0.993347163724,3.15756229357,1.0,614.551418137,0.974422996112
368,0.462534945598,0.908072876092,56.7014999808,1.72651485436,0.428130458624,9.55525957569,2.73967739888,0.218886411979,0.993385640083,3.15755804804,1.0,614.552332428,0.976288308025
369,0.463791834037,0.908252316707,56.6940088621,1.7269312763,0.428215059755,9.57134354281,2.74164720403,0.218947257663,0.993424104967,3.15755342721,1.0,614.553249026,0.978156700327
370,0.465048722476,0.908432279999,56.6864979018,1.72734764213,0.428299907313,9.58744089323,2.74361250674,0.219008290402,0.993462557467,3.15754843023,1.0,614.554167928,0.980028170907
371,0.466305610915,0.908612766264,56.6789671039,1.72776395168,0.428385001438,9.6035515343,2.74557332596,0.219069510383,0.993500996672,3.15754305626,1.0,614.555089133,0.981902717727
372,0.467562499354,0.908793775797,56.6714164724,1.72818020477,0.428470342269,9.61967537386,2.74752968053,0.219130917796,0.99353942167,3.15753730447,1.0,614.556012641,0.983780338821
373,0.468819387793,0.908975308894,56.6638460112,1.72859640124,0.428555929945,9.63581232023,2.74948158924,0.219192512829,0.993577831548,3.15753117402,1.0,614.556938449,0.985661032294
374,0.470076276232,0.909157365853,56.6562557245,1.72901254091,0.428641764608,9.65196228225,2.7514290708,0.219254295674,0.993616225389,3.15752466408,1.0,614.557866555,0.987544796327
375,0.471333164671,0.909339946973,56.6486456162,1.72942862362,0.427817596206,9.66812516924,2.75337214388,0.21883989282,0.993667805813,3.15748374848,1.0,614.551631305,0.990818512573
376,0.472590053111,0.909523052551,56.6410156903,1.72984464919,0.427903741974,9.68430089103,2.75531082703,0.218901877834,0.993706083627,3.15747649389,1.0,614.552565459,0.992702715262
377,0.47384694155,0.909706682888,56.633365951,1.73026061745,0.427990134625,9.70048935791,2.75724513878,0.218964050683,0.993744342697,3.15746885812,1.0,614.553501911,0.99458998828
378,0.475103829989,0.909890838286,56.6256964022,1.73067652822,0.428076774302,9.71669048067,2.75917509754,0.21902641156,0.9937825821,3.15746084034,1.0,614.554440659,0.996480330075
379,0.476360718428,0.910075519044,56.618007048,1.73109238134,0.428163661145,9.73290417058,2.76110072169,0.219088960656,0.993820800912,3.15745243972,1.0,614.555381703,0.998373739169
380,0.477617606867,0.910260725467,56.6102978926,1.73150817664,0.428250795298,9.7491303394,2.76302202952,0.219151698165,0.993858998208,3.15744365544,1.0,614.55632504,1.00027021415
381,0.478874495306,0.910446457858,56.6025689399,1.73192391393,0.428338176903,9.76536889934,2.76493903926,0.219214624281,0.99389717306,3.15743448668,1.0,614.557270669,1.00216975369
382,0.480131383745,0.91063271652,56.5948201942,1.73233959305,0.428425806104,9.78161976311,2.76685176905,0.219277739198,0.993935324537,3.15742493259,1.0,614.558218589,1.00407235652
383,0.481388272184,0.910819501759,56.5870516595,1.73275521383,0.428513683043,9.79788284387,2.76876023699,0.219341043111,0.993973451709,3.15741499238,1.0,614.559168797,1.00597802145
384,0.482645160624,0.911006813881,56.5792633399,1.73317077609,0.428601807865,9.81415805527,2.77066446107,0.219404536217,0.994011553641,3.1574046652,1.0,614.560121294,1.00788674735
385,0.483902049063,0.911194653192,56.5714552395,1.73358627966,0.428690180714,9.8304453114,2.77256445925,0.219468218712,0.994049629398,3.15739395025,1.0,614.561076076,1.00979853318
386,0.485158937502,0.911383020001,56.5636273626,1.73400172437,0.428778801735,9.84674452683,2.77446024938,0.219532090793,0.994087678042,3.15738284669,1.0,614.562033143,1.01171337795
387,0.486415825941,0.911571914616,56.5557797133,1.73441711004,0.428867671073,9.86305561659,2.77635184928,0.219596152658,0.994125698635,3.15737135372,1.0,614.562992493,1.01363128076
388,0.48767271438,0.911761337345,56.5479122957,1.7348324365,0.428956788874,9.87937849615,2.77823927667,0.219660404505,0.994163690234,3.15735947051,1.0,614.563954125,1.01555224077
389,0.488929602819,0.911951288501,56.5400251141,1.73524770358,0.429046155284,9.89571308146,2.78012254921,0.219724846533,0.994201651897,3.15734719625,1.0,614.564918036,1.01747625721
390,0.490186491258,0.912141768392,56.5321181725,1.7356629111,0.429135770448,9.9120592889,2.78200168448,0.219789478943,0.994239582678,3.15733453012,1.0,614.565884226,1.01940332939
391,0.491443379697,0.912332777333,56.5241914753,1.73607805888,0.429225634514,9.92841703531,2.7838767,0.219854301935,0.994277481631,3.15732147132,1.0,614.566852693,1.02133345668
392,0.492700268137,0.912524315635,56.5162450265,1.73649314676,0.429315747629,9.94478623796,2.78574761323,0.219919315709,0.994315347806,3.15730801901,1.0,614.567823435,1.02326663854
393,0.493957156576,0.912716383612,56.5082788306,1.73690817456,0.42940610994,9.96116681459,2.78761444153,0.219984520469,0.994353180253,3.1572941724,1.0,614.568796451,1.02520287447
394,0.495214045015,0.912908981578,56.5002928916,1.7373231421,0.429496721596,9.97755868336,2.78947720222,0.220049916415,0.994390978018,3.15727993067,1.0,614.56977174,1.02714216407
395,0.496470933454,0.91310210985,56.4922872139,1.73773804922,0.429587582745,9.99396176288,2.79133591252,0.220115503752,0.994428740148,3.15726529302,1.0,614.570749298,1.02908450699
396,0.497727821893,0.913295768744,56.4842618016,1.73815289572,0.429678693536,10.0103759722,2.7931905896,0.220181282684,0.994466465686,3.15725025863,1.0,614.571729127,1.03102990297
397,0.498984710332,0.913489958576,56.4762166591,1.73856768145,0.429770054118,10.0268012308,2.79504125057,0.220247253414,0.994504153673,3.15723482669,1.0,614.572711222,1.03297835181
398,0.500241598771,0.913684679665,56.4681517906,1.73898240622,0.42986166464,10.0432374585,2.79688791243,0.220313416148,0.994541803149,3.15721899641,1.0,614.573695584,1.03492985337
399,0.50149848721,0.913879932329,56.4600672005,1.73939706987,0.429953525253,10.0596845757,2.79873059216,0.220379771091,0.994579413152,3.15720276697,1.0,614.57468221,1.03688440759
400,0.502755375649,0.914075716889,56.451962893,1.7398116722,0.430045636107,10.0761425032,2.80056930662,0.220446318452,0.994616982718,3.15718613757,1.0,614.575671099,1.0388420145
401,0.504012264089,0.914272033664,56.4438388724,1.74022621305,0.430137997353,10.0926111621,2.80240407265,0.220513058435,0.994654510882,3.15716910741,1.0,614.576662249,1.04080267417
402,0.505269152528,0.914468882978,56.4356951431,1.74064069225,0.430230609142,10.1090904741,2.80423490698,0.220579991251,0.994691996674,3.15715167569,1.0,614.57765566,1.04276638675
403,0.506526040967,0.914666265151,56.4275317093,1.74105510961,0.430323471625,10.1255803611,2.80606182629,0.220647117106,0.994729439127,3.1571338416,1.0,614.578651328,1.04473315247
404,0.507782929406,0.914864180507,56.4193485756,1.74146946496,0.430416584956,10.1420807455,2.80788484718,0.220714436211,0.994766837268,3.15711560435,1.0,614.579649253,1.04670297163
405,0.509039817845,0.91506262937,56.4111457461,1.74188375812,0.430509949286,10.1585915504,2.8097039862,0.220781948775,0.994804190124,3.15709696313,1.0,614.580649433,1.04867584458
406,0.510296706284,0.915261612066,56.4029232253,1.74229798892,0.430603564769,10.1751126987,2.8115192598,0.22084965501,0.994841496719,3.15707791715,1.0,614.581651866,1.05065177176
407,0.511553594723,0.91546112892,56.3946810175,1.74271215717,0.430697431557,10.1916441144,2.81333068439,0.220917555125,0.994878756078,3.15705846561,1.0,614.582656551,1.05263075368
408,0.512810483162,0.915661180258,56.3864191272,1.74312626271,0.430791549804,10.2081857213,2.8151382763,0.220985649334,0.99491596722,3.15703860773,1.0,614.583663486,1.05461279092
409,0.514067371602,0.915861766409,56.3781375587,1.74354030536,0.430885919665,10.224737444,2.81694205178,0.221053937849,0.994953129166,3.15701834269,1.0,614.58467267,1.05659788411
410,0.515324260041,0.916062887701,56.3698363165,1.74395428493,0.430980541294,10.2412992074,2.81874202703,0.221122420884,0.994990240932,3.15699766972,1.0,614.585684101,1.05858603399
411,0.51658114848,0.916264544463,56.3615154049,1.74436820125,0.431075414845,10.2578709366,2.82053821817,0.221191098652,0.995027301535,3.15697658801,1.0,614.586697777,1.06057724132
412,0.517838036919,0.916466737025,56.3531748285,1.74478205415,0.431170540475,10.2744525575,2.82233064124,0.221259971368,0.995064309988,3.15695509678,1.0,614.587713697,1.06257150698
413,0.519094925358,0.916669465718,56.3448145916,1.74519584343,0.431265918339,10.2910439959,2.82411931225,0.221329039249,0.995101265303,3.15693319524,1.0,614.588731859,1.06456883188
414,0.520351813797,0.916872730875,56.3364346987,1.74560956894,0.431361548593,10.3076451785,2.8259042471,0.221398302509,0.99513816649,3.1569108826,1.0,614.589752262,1.06656921704
415,0.521608702236,0.917076532829,56.3280351544,1.74602323048,0.431457431394,10.3242560319,2.82768546163,0.221467761367,0.995175012558,3.15688815806,1.0,614.590774904,1.06857266351
416,0.522865590675,0.917280871912,56.3196159629,1.74643682788,0.431553566898,10.3408764835,2.82946297164,0.221537416039,0.995211802513,3.15686502086,1.0,614.591799783,1.07057917244
417,0.524122479115,0.917485748459,56.311177129,1.74685036097,0.431649955264,10.3575064608,2.83123679283,0.221607266744,0.995248535359,3.15684147019,1.0,614.592826897,1.07258874504
418,0.525379367554,0.917691162806,56.302718657,1.74726382955,0.431746596649,10.3741458918,2.83300694085,0.221677313701,0.995285210101,3.15681750527,1.0,614.593856246,1.07460138259
419,0.526636255993,0.91789711529,56.2942405514,1.74767723346,0.431843491211,10.3907947049,2.83477343127,0.22174755713,0.995321825738,3.15679312533,1.0,614.594887827,1.07661708644
420,0.527893144432,0.918103606247,56.2857428169,1.74809057251,0.431940639108,10.4074528287,2.83653627961,0.221817997251,0.99535838127,3.15676832957,1.0,614.595921639,1.07863585801
421,0.529150032871,0.918310636015,56.2772254579,1.74850384653,0.431118810642,10.4241201925,2.83829550129,0.221403730972,0.995404430169,3.15671073462,1.0,614.589832209,1.08178643348
422,0.53040692131,0.918518204934,56.268688479,1.74891705533,0.431216257912,10.4407967257,2.84005111171,0.221474365246,0.99544078579,3.15668516085,1.0,614.590872099,1.08380585255
423,0.531663809749,0.918726313343,56.2601318847,1.74933019873,0.431313958456,10.4574823581,2.84180312617,0.221545196291,0.995477078439,3.15665916983,1.0,614.591914219,1.08582834747
424,0.532920698188,0.918934961583,56.2515556796,1.74974327656,0.431411912435,10.47417702,2.8435515599,0.22161622433,0.99551330711,3.15663276076,1.0,614.592958567,1.08785391991
425,0.534177586628,0.919144149995,56.2429598683,1.75015628864,0.431510120008,10.4908806419,2.84529642809,0.221687449586,0.995549470796,3.15660593288,1.0,614.59400514,1.08988257161
426,0.535434475067,0.919353878923,56.2343444553,1.75056923478,0.431608581336,10.5075931548,2.84703774583,0.221758872284,0.995585568488,3.15657868541,1.0,614.595053938,1.09191430438
427,0.536691363506,0.919564148708,56.2257094454,1.7509821148,0.43170729658,10.52431449,2.84877552817,0.221830492647,0.995621599174,3.15655101758,1.0,614.596104958,1.09394912011
428,0.537948251945,0.919774959696,56.217054843,1.75139492852,0.431806265903,10.5410445792,2.85050979009,0.221902310901,0.995657561842,3.15652292861,1.0,614.5971582,1.09598702075
429,0.539205140384,0.919986312232,56.2083806529,1.75180767577,0.431905489466,10.5577833544,2.8522405465,0.221974327271,0.995693455476,3.15649441773,1.0,614.598213661,1.09802800834
430,0.540462028823,0.920198206661,56.1996868796,1.75222035636,0.432004967431,10.5745307478,2.85396781223,0.222046541985,0.99572927906,3.15646548418,1.0,614.599271339,1.10007208495
431,0.541718917262,0.920410643331,56.1909735278,1.75263297011,0.432104699962,10.5912866924,2.85569160206,0.222118955269,0.995765031577,3.15643612718,1.0,614.600331233,1.10211925277
432,0.542975805701,0.920623622588,56.1822406022,1.75304551683,0.432204687221,10.6080511211,2.85741193071,0.222191567353,0.995800712005,3.15640634597,1.0,614.601393342,1.10416951403
433,0.544232694141,0.920837144782,56.1734881074,1.75345799636,0.432304929372,10.6248239673,2.85912881283,0.222264378464,0.995836319324,3.15637613978,1.0,614.602457663,1.10622287103
434,0.54548958258,0.921051210263,56.1647160481,1.75387040849,0.432405426579,10.6416051649,2.86084226299,0.222337388833,0.99587185251,3.15634550784,1.0,614.603524194,1.10827932617
435,0.546746471019,0.92126581938,56.1559244291,1.75428275306,0.432506179008,10.6583946479,2.86255229571,0.222410598689,0.995907310537,3.15631444939,1.0,614.604592935,1.1103388819
436,0.548003359458,0.921480972484,56.1471132549,1.75469502988,0.432607186822,10.6751923508,2.86425892545,0.222484008263,0.995942692379,3.15628296367,1.0,614.605663884,1.11240154073
437,0.549260247897,0.921696669929,56.1382825304,1.75510723877,0.432708450187,10.6919982083,2.86596216659,0.222557617788,0.995977997006,3.15625104991,1.0,614.606737038,1.11446730526
438,0.550517136336,0.921912912067,56.1294322602,1.75551937954,0.432809969268,10.7088121557,2.86766203345,0.222631427496,0.996013223389,3.15621870735,1.0,614.607812396,1.11653617816
439,0.551774024775,0.922129699251,56.1205624491,1.75593145202,0.432911744233,10.7256341282,2.8693585403,0.22270543762,0.996048370495,3.15618593523,1.0,614.608889957,1.11860816218
440,0.553030913214,0.922347031837,56.1116731019,1.75634345601,0.433013775247,10.7424640618,2.87105170133,0.222779648394,0.99608343729,3.15615273279,1.0,614.609969718,1.12068326011
441,0.554287801654,0.922564910181,56.1027642232,1.75675539134,0.433116062477,10.7593018925,2.87274153066,0.222854060053,0.996118422739,3.15611909928,1.0,614.611051678,1.12276147485
442,0.555544690093,0.922783334638,56.093835818,1.75716725782,0.433218606091,10.7761475568,2.87442804238,0.222928672831,0.996153325804,3.15608503393,1.0,614.612135836,1.12484280934
443,0.556801578532,0.923002305566,56.0848878908,1.75757905527,0.433321406257,10.7930009914,2.87611125048,0.223003486966,0.996188145446,3.15605053598,1.0,614.613222189,1.12692726663
444,0.558058466971,0.923221823324,56.0759204466,1.75799078351,0.433424463142,10.8098621335,2.87779116891,0.223078502694,0.996222880624,3.15601560469,1.0,614.614310735,1.12901484979
445,0.55931535541,0.923441888271,56.0669334902,1.75840244235,0.433527776916,10.8267309205,2.87946781154,0.223153720252,0.996257530295,3.1559802393,1.0,614.615401474,1.13110556202
446,0.560572243849,0.923662500767,56.0579270264,1.7588140316,0.433631347747,10.84360729,2.88114119219,0.22322913988,0.996292093416,3.15594443906,1.0,614.616494402,1.13319940655
447,0.561829132288,0.923883661173,56.0489010599,1.75922555108,0.433735175806,10.8604911802,2.88281132461,0.223304761816,0.996326568941,3.1559082032,1.0,614.61758952,1.1352963867
448,0.563086020727,0.924105369851,56.0398555957,1.75963700061,0.433839261261,10.8773825294,2.8844782225,0.223380586299,0.996360955821,3.15587153099,1.0,614.618686824,1.13739650587
449,0.564342909167,0.924327627163,56.0307906385,1.76004838001,0.433943604283,10.8942812763,2.88614189948,0.223456613572,0.996395253007,3.15583442167,1.0,614.619786313,1.13949976751
450,0.565599797606,0.924550433473,56.0217061933,1.76045968908,0.434048205044,10.91118736,2.88780236912,0.223532843875,0.996429459448,3.15579687448,1.0,614.620887986,1.14160617517
451,0.566856686045,0.924773789146,56.0126022649,1.76087092764,0.434153063713,10.9281007196,2.88945964493,0.22360927745,0.996463574092,3.15575888869,1.0,614.62199184,1.14371573245
452,0.568113574484,0.924997694547,56.0034788582,1.76128209551,0.434258180463,10.9450212948,2.89111374035,0.223685914539,0.996497595884,3.15572046355,1.0,614.623097873,1.14582844304
453,0.569370462923,0.925222150042,55.9943359781,1.7616931925,0.434363555465,10.9619490256,2.89276466876,0.223762755388,0.996531523768,3.1556815983,1.0,614.624206085,1.14794431069
454,0.570627351362,0.925447156,55.9851736296,1.76210421843,0.434469188892,10.9788838521,2.89441244349,0.223839800239,0.996565356686,3.15564229221,1.0,614.625316473,1.15006333925
455,0.571884239801,0.925672712786,55.9759918174,1.7625151731,0.434575080917,10.9958257148,2.89605707779,0.223917049339,0.996599093578,3.15560254453,1.0,614.626429036,1.15218553261
456,0.57314112824,0.925898820772,55.9667905466,1.76292605634,0.434681231713,11.0127745547,2.89769858487,0.223994502933,0.996632733383,3.15556235451,1.0,614.627543771,1.15431089476
457,0.57439801668,0.926125480326,55.9575698221,1.76333686795,0.434787641454,11.0297303128,2.89933697786,0.224072161267,0.996666275039,3.15552172142,1.0,614.628660677,1.15643942975
458,0.575654905119,0.92635269182,55.9483296488,1.76374760776,0.434894310314,11.0466929306,2.90097226985,0.224150024589,0.996699717481,3.15548064451,1.0,614.629779753,1.15857114171
459,0.576911793558,0.926580455624,55.9390700318,1.76415827556,0.435001238466,11.0636623497,2.90260447386,0.224228093148,0.996733059643,3.15543912304,1.0,614.630900996,1.16070603485
460,0.578168681997,0.926808772113,55.9297909759,1.76456887118,0.435108426087,11.0806385121,2.90423360285,0.224306367192,0.996766300456,3.15539715627,1.0,614.632024404,1.16284411344
461,0.579425570436,0.927037641658,55.9204924862,1.76497939443,0.43428790775,11.0976213602,2.90585966971,0.22389154752,0.996806061597,3.1553253069,1.0,614.626061837,1.16589637826
462,0.580682458875,0.927267064635,55.9111745676,1.76538984512,0.434395385181,11.1146108366,2.90748268729,0.223970009498,0.996839027319,3.15528253996,1.0,614.627191338,1.16803546294
463,0.581939347314,0.927497041418,55.9018372253,1.76580022305,0.434503122052,11.1316068841,2.90910266837,0.224048677091,0.996871888712,3.15523932646,1.0,614.628323002,1.17017774816
464,0.583196235753,0.927727572384,55.8924804641,1.76621052806,0.43461111854,11.1486094458,2.91071962568,0.22412755055,0.996904644703,3.15519566566,1.0,614.629456829,1.17232323846
465,0.584453124193,0.927958657909,55.8831042891,1.76662075994,0.434719374823,11.1656184653,2.91233357188,0.224206630125,0.996937294218,3.15515155683,1.0,614.630592816,1.17447193846
466,0.585710012632,0.928190298373,55.8737087054,1.76703091851,0.434827891076,11.1826338862,2.91394451957,0.224285916071,0.996969836182,3.15510699924,1.0,614.63173096,1.17662385283
467,0.586966901071,0.928422494152,55.8642937181,1.76744100357,0.434936667477,11.1996556525,2.91555248131,0.224365408639,0.997002269517,3.15506199215,1.0,614.632871262,1.17877898635
468,0.58822378951,0.928655245628,55.8548593321,1.76785101495,0.435045704205,11.2166837086,2.91715746959,0.224445108085,0.997034593144,3.15501653485,1.0,614.634013717,1.18093734387
469,0.589480677949,0.928888553181,55.8454055526,1.76826095245,0.435155001437,11.233717999,2.91875949683,0.224525014663,0.997066805983,3.15497062659,1.0,614.635158326,1.1830989303
470,0.590737566388,0.929122417192,55.8359323846,1.76867081588,0.435264559352,11.2507584684,2.92035857542,0.224605128628,0.997098906952,3.15492426664,1.0,614.636305085,1.18526375063
471,0.591994454827,0.929356838044,55.8264398333,1.76908060505,0.435374378129,11.2678050622,2.92195471767,0.224685450238,0.997130894966,3.15487745429,1.0,614.637453994,1.18743180995
472,0.593251343266,0.92959181612,55.8169279037,1.76949031978,0.435484457948,11.2848577255,2.92354793585,0.224765979749,0.997162768942,3.15483018881,1.0,614.63860505,1.18960311341
473,0.594508231706,0.929827351804,55.807396601,1.76989995987,0.43559479899,11.301916404,2.92513824215,0.22484671742,0.997194527791,3.15478246946,1.0,614.639758251,1.19177766623
474,0.595765120145,0.930063445481,55.7978459303,1.77030952513,0.435705401433,11.3189810438,2.92672564872,0.224927663509,0.997226170425,3.15473429553,1.0,614.640913596,1.19395547372
475,0.597022008584,0.930300097537,55.7882758968,1.77071901537,0.435816265459,11.3360515909,2.92831016766,0.225008818275,0.997257695755,3.15468566629,1.0,614.642071083,1.19613654127
476,0.598278897023,0.93053730836,55.7786865056,1.7711284304,0.43592739125,11.3531279918,2.929891811,0.22509018198,0.997289102687,3.15463658102,1.0,614.64323071,1.19832087435
477,0.599535785462,0.930775078337,55.7690777619,1.77153777004,0.436038778987,11.3702101931,2.93147059072,0.225171754885,0.997320390129,3.15458703899,1.0,614.644392475,1.20050847849
478,0.600792673901,0.931013407856,55.7594496709,1.77194703408,0.436150428852,11.387298142,2.93304651875,0.225253537251,0.997351556986,3.15453703949,1.0,614.645556376,1.20269935933
479,0.60204956234,0.931252297308,55.7498022377,1.77235622234,0.436262341027,11.4043917856,2.93461960695,0.225335529341,0.99738260216,3.1544865818,1.0,614.646722412,1.20489352256
480,0.603306450779,0.931491747082,55.7401354675,1.77276533463,0.436374515696,11.4214910714,2.93618986713,0.225417731418,0.997413524555,3.1544356652,1.0,614.64789058,1.20709097397
481,0.604563339219,0.93173175757,55.7304493656,1.77317437076,0.436486953042,11.4385959471,2.93775731105,0.225500143748,0.99744432307,3.15438428896,1.0,614.649060879,1.20929171941
482,0.605820227658,0.931972329165,55.7207439372,1.77358333053,0.436599653249,11.4557063607,2.93932195042,0.225582766595,0.997474996603,3.15433245237,1.0,614.650233307,1.21149576484
483,0.607077116097,0.93221346226,55.7110191876,1.77399221374,0.4367126165,11.4728222606,2.94088379688,0.225665600225,0.997505544052,3.15428015472,1.0,614.651407862,1.21370311627
484,0.608334004536,0.932455157248,55.7012751219,1.77440102022,0.436825842981,11.4899435951,2.94244286203,0.225748644905,0.997535964313,3.15422739529,1.0,614.652584542,1.21591377982
485,0.609590892975,0.932697414525,55.6915117454,1.77480974976,0.436939332877,11.5070703131,2.94399915741,0.225831900902,0.997566256278,3.15417417336,1.0,614.653763345,1.21812776167
486,0.610847781414,0.932940234486,55.6817290635,1.77521840218,0.437053086372,11.5242023635,2.94555269451,0.225915368485,0.997596418841,3.15412048823,1.0,614.654944269,1.22034506808
487,0.612104669853,0.93318361753,55.6719270813,1.77562697728,0.437167103654,11.5413396956,2.94710348474,0.225999047924,0.997626450892,3.15406633918,1.0,614.656127313,1.22256570541
488,0.613361558292,0.933427564052,55.6621058042,1.77603547486,0.437281384908,11.558482259,2.94865153951,0.226082939487,0.99765635132,3.15401172549,1.0,614.657312475,1.22478968009
489,0.614618446732,0.933672074452,55.6522652375,1.77644389474,0.43739593032,11.5756300032,2.95019687012,0.226167043446,0.997686119014,3.15395664646,1.0,614.658499752,1.22701699864
490,0.615875335171,0.93391714913,55.6424053864,1.77685223671,0.437510740079,11.5927828784,2.95173948786,0.226251360072,0.997715752858,3.15390110137,1.0,614.659689144,1.22924766766
491,0.61713222361,0.934162788485,55.6325262564,1.77726050059,0.437625814372,11.6099408347,2.95327940395,0.226335889639,0.997745251738,3.15384508952,1.0,614.660880647,1.23148169383
492,0.618389112049,0.934408992919,55.6226278528,1.77766868619,0.437741153386,11.6271038226,2.95481662954,0.226420632418,0.997774614536,3.15378861021,1.0,614.66207426,1.23371908391
493,0.619646000488,0.934655762835,55.6127101808,1.7780767933,0.437856757311,11.6442717928,2.95635117577,0.226505588685,0.997803840134,3.15373166271,1.0,614.663269981,1.23595984476
494,0.620902888927,0.934903098636,55.602773246,1.77848482173,0.437972626334,11.6614446962,2.95788305368,0.226590758713,0.997832927412,3.15367424633,1.0,614.664467809,1.23820398331
495,0.622159777366,0.935151000725,55.5928170536,1.77889277129,0.438088760646,11.678622484,2.95941227429,0.22667614278,0.997861875247,3.15361636035,1.0,614.665667741,1.24045150659
496,0.623416665805,0.935399469507,55.582841609,1.77930064178,0.438205160436,11.6958051076,2.96093884857,0.226761741161,0.997890682518,3.15355800409,1.0,614.666869775,1.2427024217
497,0.624673554244,0.935648505389,55.5728469176,1.77970843301,0.438321825895,11.7129925187,2.96246278742,0.226847554133,0.997919348099,3.15349917682,1.0,614.66807391,1.24495673583
498,0.625930442684,0.935898108778,55.5628329849,1.78011614478,0.437501922275,11.730184669,2.9639841017,0.226431655528,0.997952106123,3.15341451191,1.0,614.662229456,1.24792713363
499,0.627187331123,0.93614828008,55.5527998162,1.78052377689,0.43761886922,11.7473815107,2.9655028022,0.226517651305,0.997980425811,3.15335486922,1.0,614.663439684,1.25018292861
500,0.628444219562,0.936399019705,55.542747417,1.78093132915,0.437736081837,11.7645829961,2.9670188997,0.226603861851,0.99800860074,3.15329475443,1.0,614.664652011,1.25244214464
501,0.629701108001,0.936650328062,55.5326757927,1.78133880137,0.437853560318,11.7817890778,2.96853240489,0.226690287445,0.998036629781,3.15323416684,1.0,614.665866433,1.25470478921
502,0.63095799644,0.936902205562,55.5225849488,1.78174619334,0.437971304855,11.7989997085,2.97004332844,0.226776928366,0.998064511803,3.15317310574,1.0,614.66708295,1.25697086989
503,0.632214884879,0.937154652615,55.5124748908,1.78215350487,0.43808931564,11.8162148412,2.97155168093,0.226863784897,0.998092245677,3.15311157044,1.0,614.668301559,1.25924039434
504,0.633471773318,0.937407669634,55.502345624,1.78256073577,0.438207592865,11.8334344291,2.97305747294,0.22695085732,0.998119830267,3.15304956025,1.0,614.669522258,1.26151337032
505,0.634728661757,0.937661257033,55.4921971541,1.78296788583,0.438326136724,11.8506584257,2.97456071496,0.227038145917,0.99814726444,3.15298707447,1.0,614.670745046,1.26378980567
506,0.635985550197,0.937915415225,55.4820294865,1.78337495485,0.438444947411,11.8678867846,2.97606141745,0.227125650973,0.99817454706,3.1529241124,1.0,614.67196992,1.26606970831
507,0.637242438636,0.938170144626,55.4718426266,1.78378194265,0.438564025119,11.8851194596,2.97755959081,0.227213372771,0.998201676988,3.15286067335,1.0,614.673196879,1.26835308627
508,0.638499327075,0.938425445651,55.4616365801,1.78418884902,0.438683370042,11.902356405,2.97905524541,0.227301311597,0.998228653086,3.15279675663,1.0,614.67442592,1.27063994766
509,0.639756215514,0.938681318717,55.4514113525,1.78459567376,0.438802982376,11.919597575,2.98054839156,0.227389467738,0.998255474213,3.15273236154,1.0,614.675657042,1.27293030068
510,0.641013103953,0.938937764241,55.4411669493,1.78500241668,0.438922862316,11.936842924,2.98203903951,0.22747784148,0.998282139227,3.15266748739,1.0,614.676890243,1.27522415362
511,0.642269992392,0.939194782644,55.4309033761,1.78540907757,0.439043010058,11.9540924069,2.98352719947,0.227566433112,0.998308646984,3.1526021335,1.0,614.67812552,1.27752151488
512,0.643526880831,0.939452374343,55.4206206384,1.78581565624,0.439163425797,11.9713459785,2.98501288162,0.227655242923,0.998334996339,3.15253629917,1.0,614.679362872,1.27982239292
513,0.64478376927,0.93971053976,55.4103187418,1.78622215249,0.439284109731,11.9886035941,2.98649609607,0.227744271201,0.998361186145,3.15246998371,1.0,614.680602296,1.28212679632
514,0.64604065771,0.939969279315,55.3999976919,1.78662856612,0.439405062055,12.0058652089,2.98797685288,0.227833518239,0.998387215256,3.15240318643,1.0,614.681843792,1.28443473375
515,0.647297546149,0.940228593432,55.3896574944,1.78703489692,0.439526282969,12.0231307785,2.98945516208,0.227922984326,0.99841308252,3.15233590665,1.0,614.683087356,1.28674621396
516,0.648554434588,0.940488482533,55.3792981547,1.78744114471,0.439647772669,12.0404002588,2.99093103364,0.228012669756,0.998438786787,3.15226814368,1.0,614.684332987,1.28906124581
517,0.649811323027,0.940748947043,55.3689196787,1.78784730927,0.439769531353,12.0576736056,2.99240447749,0.228102574821,0.998464326904,3.15219989683,1.0,614.685580683,1.29137983825
518,0.651068211466,0.941009987386,55.3585220718,1.78825339042,0.439891559222,12.0749507752,2.99387550351,0.228192699816,0.998489701718,3.15213116542,1.0,614.686830441,1.29370200032
519,0.652325099905,0.941271603989,55.3481053397,1.78865938794,0.440013856472,12.0922317239,2.99534412153,0.228283045035,0.998514910073,3.15206194876,1.0,614.688082261,1.29602774117
520,0.653581988344,0.941533797279,55.3376694881,1.78906530163,0.440136423306,12.1095164084,2.99681034135,0.228373610774,0.998539950813,3.15199224617,1.0,614.689336139,1.29835707004
521,0.654838876783,0.941796567682,55.3272145228,1.78947113131,0.440259259921,12.1268047853,2.9982741727,0.22846439733,0.998564822779,3.15192205697,1.0,614.690592075,1.30068999626
522,0.656095765223,0.942059915629,55.3167404492,1.78987687675,0.440382366518,12.1440968117,2.99973562527,0.228555405,0.99858952481,3.15185138047,1.0,614.691850065,1.30302652927
523,0.657352653662,0.942323841549,55.3062472732,1.79028253777,0.4405057433,12.1613924448,3.00119470873,0.228646634083,0.998614055747,3.151780216,1.0,614.693110108,1.3053666786
524,0.658609542101,0.942588345871,55.2957350005,1.79068811416,0.440629390466,12.1786916418,3.00265143267,0.228738084877,0.998638414427,3.15170856286,1.0,614.694372202,1.30771045389
525,0.65986643054,0.942853429029,55.2852036367,1.79109360572,0.440753308218,12.1959943605,3.00410580665,0.228829757683,0.998662599685,3.15163642039,1.0,614.695636345,1.31005786486
526,0.661123318979,0.943119091454,55.2746531877,1.79149901224,0.440877496759,12.2133005584,3.00555784019,0.228921652802,0.998686610356,3.1515637879,1.0,614.696902535,1.31240892136
527,0.662380207418,0.943385333579,55.2640836591,1.79190433353,0.441001956291,12.2306101937,3.00700754275,0.229013770536,0.998710445272,3.15149066472,1.0,614.69817077,1.31476363333
528,0.663637095857,0.943652155839,55.2534950566,1.79230956937,0.441126687017,12.2479232243,3.00845492376,0.229106111187,0.998734103267,3.15141705016,1.0,614.699441047,1.31712201079
529,0.664893984296,0.943919558668,55.2428873862,1.79271471957,0.44125168914,12.2652396088,3.00989999261,0.229198675059,0.998757583169,3.15134294355,1.0,614.700713366,1.31948406389
530,0.666150872736,0.944187542504,55.2322606535,1.79311978393,0.441376962865,12.2825593054,3.01134275862,0.229291462457,0.998780883808,3.15126834421,1.0,614.701987723,1.32184980288
531,0.667407761175,0.944456107783,55.2216148643,1.79352476223,0.441502508396,12.2998822731,3.01278323109,0.229384473686,0.998804004011,3.15119325147,1.0,614.703264117,1.3242192381
532,0.668664649614,0.944725254943,55.2109500244,1.79392965428,0.440682655018,12.3172084706,3.01422141927,0.228967085652,0.998829357576,3.15109724489,1.0,614.697528162,1.32712307728
533,0.669921538053,0.944994984422,55.2002661397,1.79433445987,0.440808474775,12.3345378571,3.01565733236,0.229060275457,0.998852066198,3.15102132688,1.0,614.69881064,1.32949456457
534,0.671178426492,0.945265296662,55.1895632159,1.7947391788,0.440934566371,12.3518703917,3.01709097952,0.229153689314,0.998874591249,3.15094491449,1.0,614.700095152,1.33186977762
535,0.672435314931,0.945536192101,55.1788412589,1.79514381086,0.441060930009,12.369206034,3.01852236988,0.229247327532,0.998896931553,3.15086800706,1.0,614.701381696,1.33424872714
536,0.67369220337,0.945807671183,55.1681002746,1.79554835585,0.441187565897,12.3865447436,3.0199515125,0.22934119042,0.998919085934,3.15079060392,1.0,614.702670269,1.33663142394
537,0.674949091809,0.946079734349,55.1573402687,1.79595281356,0.441314474241,12.4038864802,3.02137841642,0.229435278285,0.998941053211,3.15071270438,1.0,614.703960871,1.33901787894
538,0.676205980249,0.946352382043,55.1465612472,1.79635718378,0.441441655247,12.4212312038,3.02280309064,0.22952959144,0.998962832205,3.1506343078,1.0,614.705253498,1.34140810317
539,0.677462868688,0.94662561471,55.135763216,1.79676146631,0.441569109124,12.4385788747,3.02422554409,0.229624130195,0.998984421734,3.15055541349,1.0,614.706548149,1.34380210777
540,0.678719757127,0.946899432794,55.1249461809,1.79716566095,0.441696836078,12.4559294531,3.02564578568,0.229718894863,0.999005820616,3.15047602078,1.0,614.707844821,1.34619990399
541,0.679976645566,0.947173836743,55.1141101478,1.79756976748,0.441824836318,12.4732828996,3.02706382428,0.229813885756,0.999027027666,3.15039612902,1.0,614.709143513,1.3486015032
542,0.681233534005,0.947448827003,55.1032551227,1.79797378571,0.441953110053,12.4906391749,3.02847966871,0.22990910319,0.999048041699,3.15031573753,1.0,614.710444222,1.35100691686
543,0.682490422444,0.947724404022,55.0923811115,1.79837771542,0.442081657491,12.5079982397,3.02989332774,0.230004547478,0.999068861526,3.15023484565,1.0,614.711746947,1.35341615656
544,0.683747310883,0.948000568249,55.0814881201,1.79878155641,0.442210478843,12.5253600552,3.03130481013,0.230100218937,0.999089485961,3.15015345272,1.0,614.713051685,1.35582923401
545,0.685004199322,0.948277320135,55.0705761545,1.79918530846,0.442339574317,12.5427245825,3.03271412456,0.230196117884,0.999109913813,3.15007155806,1.0,614.714358434,1.35824616102
546,0.686261087762,0.94855466013,55.0596452206,1.79958897138,0.442468944125,12.5600917831,3.03412127969,0.230292244636,0.99913014389,3.14998916102,1.0,614.715667192,1.36066694951
547,0.687517976201,0.948832588687,55.0486953245,1.79999254495,0.442598588476,12.5774616185,3.03552628414,0.230388599512,0.999150175001,3.14990626093,1.0,614.716977958,1.36309161154
548,0.68877486464,0.949111106257,55.037726472,1.80039602897,0.442728507583,12.5948340503,3.03692914648,0.230485182831,0.999170005952,3.14982285713,1.0,614.718290728,1.36552015927
549,0.690031753079,0.949390213295,55.0267386692,1.80079942322,0.442858701657,12.6122090405,3.03832987526,0.230581994915,0.999189635546,3.14973894895,1.0,614.719605501,1.36795260498
550,0.691288641518,0.949669910255,55.0157319221,1.8012027275,0.442989170909,12.6295865512,3.03972847895,0.230679036084,0.999209062589,3.14965453574,1.0,614.720922276,1.37038896107
551,0.692545529957,0.949950197592,55.0047062368,1.8016059416,0.443119915553,12.6469665445,3.04112496603,0.230776306661,0.99922828588,3.14956961684,1.0,614.722241049,1.37282924006
552,0.693802418396,0.950231075764,54.9936616192,1.80200906531,0.443250935802,12.6643489828,3.04251934491,0.230873806969,0.999247304222,3.14948419158,1.0,614.723561818,1.3752734546
553,0.695059306835,0.950512545228,54.9825980754,1.80241209842,0.443382231868,12.6817338287,3.04391162395,0.230971537333,0.999266116414,3.14939825931,1.0,614.724884582,1.37772161744
554,0.696316195275,0.950794606441,54.9715156114,1.80281504072,0.443513803965,12.6991210448,3.0453018115,0.231069498077,0.999284721254,3.14931181937,1.0,614.726209339,1.38017374147
555,0.697573083714,0.951077259864,54.9604142334,1.803217892,0.443645652309,12.7165105941,3.04668991586,0.231167689528,0.999303117537,3.14922487109,1.0,614.727536085,1.3826298397
556,0.698829972153,0.951360505957,54.9492939474,1.80362065205,0.443777777113,12.7339024395,3.04807594528,0.231266112013,0.999321304061,3.14913741383,1.0,614.72886482,1.38508992527
557,0.700086860592,0.95164434518,54.9381547595,1.80402332066,0.443910178592,12.7512965443,3.04945990798,0.231364765859,0.999339279618,3.14904944692,1.0,614.730195542,1.38755401144
558,0.701343749031,0.951928777995,54.9269966757,1.80442589761,0.444042856963,12.7686928718,3.05084181214,0.231463651396,0.999357043001,3.14896096971,1.0,614.731528247,1.39002211158
559,0.70260063747,0.952213804867,54.9158197023,1.80482838271,0.44417581244,12.7860913854,3.05222166591,0.231562768954,0.999374593003,3.14887198154,1.0,614.732862934,1.39249423923
560,0.703857525909,0.952499426258,54.9046238453,1.80523077572,0.444309045241,12.8034920489,3.0535994774,0.231662118863,0.999391928412,3.14878248176,1.0,614.7341996,1.39497040801
561,0.705114414348,0.952785642633,54.8934091109,1.80563307645,0.444442555582,12.8208948261,3.05497525465,0.231761701455,0.999409048017,3.14869246971,1.0,614.735538245,1.39745063171
562,0.706371302788,0.953072454459,54.8821755053,1.80603528468,0.444576343681,12.8382996809,3.05634900572,0.231861517064,0.999425950607,3.14860194474,1.0,614.736878865,1.39993492422
563,0.707628191227,0.953359862202,54.8709230345,1.8064374002,0.443756095586,12.8557065774,3.05772073858,0.231442337453,0.999443779785,3.14849605202,1.0,614.73124109,1.40278613141
564,0.708885079666,0.95364786633,54.8596517047,1.8068394228,0.443890151561,12.87311548,3.05909046119,0.231542328144,0.999460210714,3.14840469605,1.0,614.732587778,1.40527313305
565,0.710141968105,0.953936467311,54.8483615223,1.80724135226,0.444024485351,12.890526353,3.06045818146,0.231642552114,0.999476421445,3.1483128263,1.0,614.733936438,1.40776424153
566,0.711398856544,0.954225665614,54.8370524932,1.80764318837,0.444159097174,12.9079391611,3.06182390728,0.2317430097,0.999492410761,3.14822044212,1.0,614.735287068,1.41025947122
567,0.712655744983,0.954515461712,54.8257246238,1.80804493091,0.44429398725,12.9253538689,3.06318764648,0.231843701238,0.999508177447,3.14812754286,1.0,614.736639666,1.41275883659
568,0.713912633422,0.954805856074,54.8143779203,1.80844657968,0.444429155797,12.9427704413,3.06454940687,0.231944627064,0.999523720284,3.14803412786,1.0,614.73799423,1.4152623523
569,0.715169521861,0.955096849173,54.8030123889,1.80884813446,0.444564603035,12.9601888435,3.06590919623,0.232045787518,0.999539038052,3.14794019647,1.0,614.739350757,1.41777003309
570,0.716426410301,0.955388441483,54.7916280358,1.80924959503,0.444700329185,12.9776090404,3.06726702227,0.232147182937,0.999554129531,3.14784574806,1.0,614.740709246,1.42028189388
571,0.71768329874,0.955680633477,54.7802248673,1.80965096117,0.444836334468,12.9950309975,3.06862289271,0.232248813662,0.9995689935,3.14775078197,1.0,614.742069694,1.42279794972
572,0.718940187179,0.955973425631,54.7688028898,1.81005223269,0.444972619104,13.0124546801,3.06997681519,0.232350680034,0.999583628734,3.14765529755,1.0,614.743432099,1.4253182158
573,0.720197075618,0.956266818421,54.7573621093,1.81045340935,0.445109183316,13.029880054,3.07132879734,0.232452782395,0.99959803401,3.14755929417,1.0,614.744796459,1.42784270745
574,0.721453964057,0.956560812325,54.7459025323,1.81085449094,0.445246027325,13.0473070849,3.07267884676,0.232555121088,0.999612208102,3.14746277116,1.0,614.746162772,1.43037144015
575,0.722710852496,0.956855407819,54.734424165,1.81125547726,0.445383151354,13.0647357386,3.07402697099,0.232657696457,0.999626149782,3.14736572789,1.0,614.747531036,1.43290442952
576,0.723967740935,0.957150605383,54.7229270138,1.81165636807,0.445520555625,13.0821659812,3.07537317755,0.232760508847,0.999639857823,3.14726816371,1.0,614.748901248,1.43544169133
577,0.725224629374,0.957446405497,54.711411085,1.81205716317,0.445658240363,13.0995977789,3.07671747392,0.232863558604,0.999653330994,3.14717007798,1.0,614.750273406,1.43798324151
578,0.726481517814,0.957742808642,54.6998763849,1.81245786234,0.445796205791,13.117031098,3.07805986756,0.232966846075,0.999666568066,3.14707147006,1.0,614.751647509,1.44052909613
579,0.727738406253,0.958039815299,54.6883229199,1.81285846535,0.445934452132,13.1344659049,3.07940036587,0.233070371607,0.999679567805,3.14697233929,1.0,614.753023553,1.44307927139
580,0.728995294692,0.95833742595,54.6767506963,1.81325897201,0.446072979613,13.1519021663,3.08073897623,0.23317413555,0.999692328979,3.14687268504,1.0,614.754401537,1.44563378369
581,0.730252183131,0.958635641081,54.6651597206,1.81365938208,0.446211788458,13.1693398488,3.082075706,0.233278138253,0.999704850354,3.14677250667,1.0,614.755781459,1.44819264955
582,0.73150907157,0.958934461175,54.653549999,1.81405969534,0.446350878892,13.1867789194,3.08341056246,0.233382380067,0.999717130692,3.14667180352,1.0,614.757163316,1.45075588564
583,0.732765960009,0.959233886717,54.641921538,1.81445991159,0.446490251141,13.204219345,3.08474355292,0.233486861345,0.999729168758,3.14657057497,1.0,614.758547106,1.45332350882
584,0.734022848448,0.959533918195,54.630274344,1.8148600306,0.446629905433,13.2216610928,3.08607468459,0.233591582439,0.999740963313,3.14646882037,1.0,614.759932827,1.45589553608
585,0.735279736887,0.959834556095,54.6186084235,1.81526005215,0.446769841993,13.2391041301,3.0874039647,0.233696543703,0.999752513118,3.14636653907,1.0,614.761320476,1.45847198457
586,0.736536625327,0.960135800906,54.6069237828,1.81565997603,0.446910061049,13.2565484242,3.08873140041,0.233801745492,0.999763816931,3.14626373045,1.0,614.762710053,1.46105287163
587,0.737793513766,0.960437653118,54.5952204284,1.81605980201,0.447050562829,13.2739939428,3.09005699887,0.233907188163,0.999774873511,3.14616039385,1.0,614.764101553,1.46363821473
588,0.739050402205,0.960740113219,54.5834983668,1.81645952987,0.447191347561,13.2914406534,3.09138076718,0.234012872071,0.999785681614,3.14605652864,1.0,614.765494976,1.46622803152
589,0.740307290644,0.961043181703,54.5717576044,1.8168591594,0.447332415474,13.3088885239,3.09270271243,0.234118797575,0.999796239997,3.14595213418,1.0,614.766890319,1.46882233982
590,0.741564179083,0.961346859059,54.5599981477,1.81725869037,0.447473766796,13.3263375223,3.09402284164,0.234224965033,0.999806547413,3.14584720984,1.0,614.768287579,1.47142115761
591,0.742821067522,0.961651145783,54.5482200032,1.81765812257,0.447615401757,13.3437876165,3.09534116184,0.234331374807,0.999816602616,3.14574175497,1.0,614.769686755,1.47402450304
592,0.744077955961,0.961956042367,54.5364231775,1.81805745577,0.446794401633,13.3612387748,3.09665767999,0.233910133642,0.999826760142,3.14562707258,1.0,614.764140406,1.47683443124
593,0.7453348444,0.962261549307,54.5246076769,1.81845668975,0.446936298751,13.3786909656,3.09797240304,0.234016715536,0.999836287554,3.14552078393,1.0,614.765545628,1.4794412504
594,0.74659173284,0.962567667099,54.5127735081,1.81885582429,0.447078479587,13.3961441571,3.0992853379,0.23412354005,0.999845559535,3.14541396398,1.0,614.766952761,1.48205264548
595,0.747848621279,0.962874396239,54.5009206777,1.81925485917,0.447220944372,13.4135983181,3.10059649145,0.234230607547,0.999854574836,3.1453066121,1.0,614.768361804,1.48466863524
596,0.749105509718,0.963181737225,54.489049192,1.81965379417,0.447363693339,13.4310534173,3.10190587054,0.23433791839,0.999863332206,3.14519872765,1.0,614.769772754,1.48728923859
597,0.750362398157,0.963489690556,54.4771590578,1.82005262906,0.447506726718,13.4485094233,3.10321348199,0.234445472945,0.999871830394,3.14509031,1.0,614.77118561,1.48991447462
598,0.751619286596,0.963798256731,54.4652502816,1.82045136362,0.447650044741,13.4659663053,3.10451933257,0.234553271577,0.999880068147,3.14498135852,1.0,614.772600368,1.49254436263
599,0.752876175035,0.964107436252,54.4533228699,1.82084999763,0.447793647642,13.4834240323,3.10582342905,0.234661314653,0.99988804421,3.14487187256,1.0,614.774017027,1.49517892207
600,0.754133063474,0.964417229619,54.4413768294,1.82124853086,0.447937535652,13.5008825734,3.10712577814,0.23476960254,0.999895757329,3.1447618515,1.0,614.775435584,1.49781817258
601,0.755389951913,0.964727637335,54.4294121667,1.82164696309,0.448081709006,13.518341898,3.10842638654,0.234878135608,0.999903206247,3.14465129471,1.0,614.776856037,1.50046213401
602,0.756646840352,0.965038659904,54.4174288885,1.8220452941,0.448226167937,13.5358019756,3.1097252609,0.234986914225,0.999910389705,3.14454020155,1.0,614.778278384,1.50311082638
603,0.757903728792,0.965350297831,54.4054270012,1.82244352367,0.448370912679,13.5532627756,3.11102240785,0.235095938764,0.999917306446,3.14442857139,1.0,614.779702623,1.50576426989
604,0.759160617231,0.965662551619,54.3934065117,1.82284165156,0.448515943468,13.5707242678,3.11231783399,0.235205209596,0.99992395521,3.1443164036,1.0,614.781128751,1.50842248495
605,0.76041750567,0.965975421776,54.3813674266,1.82323967755,0.448661260538,13.588186422,3.11361154589,0.235314727094,0.999930334734,3.14420369755,1.0,614.782556766,1.51108549216
606,0.761674394109,0.96628890881,54.3693097524,1.82363760142,0.448806864125,13.6056492081,3.11490355008,0.235424491632,0.999936443758,3.14409045261,1.0,614.783986665,1.51375331233
607,0.762931282548,0.966603013227,54.357233496,1.82403542294,0.448952754465,13.6231125961,3.11619385308,0.235534503586,0.999942281016,3.14397666814,1.0,614.785418448,1.51642596643
608,0.764188170987,0.966917735538,54.345138664,1.82443314189,0.449098931794,13.6405765561,3.11748246135,0.235644763331,0.999947845246,3.14386234352,1.0,614.78685211,1.51910347568
609,0.765445059426,0.967233076252,54.3330252631,1.82483075804,0.44924539635,13.6580410586,3.11876938135,0.235755271245,0.99995313518,3.14374747812,1.0,614.788287651,1.52178586146
610,0.766701947865,0.96754903588,54.3208933001,1.82522827116,0.44939214837,13.6755060737,3.1200546195,0.235866027705,0.999958149552,3.14363207131,1.0,614.789725067,1.52447314538
611,0.767958836305,0.967865614935,54.3087427816,1.82562568103,0.449539188091,13.6929715721,3.12133818217,0.235977033093,0.999962887094,3.14351612245,1.0,614.791164356,1.52716534926
612,0.769215724744,0.968182813929,54.2965737145,1.82602298741,0.449686515752,13.7104375244,3.12262007573,0.236088287787,0.999967346536,3.14339963093,1.0,614.792605517,1.52986249511
613,0.770472613183,0.968500633377,54.2843861054,1.82642019009,0.449834131592,13.7279039012,3.12390030651,0.23619979217,0.999971526608,3.1432825961,1.0,614.794048546,1.53256460517
614,0.771729501622,0.968819073793,54.2721799612,1.82681728883,0.449982035849,13.7453706734,3.12517888081,0.236311546624,0.999975426039,3.14316501735,1.0,614.795493442,1.53527170188
615,0.772986390061,0.969138135692,54.2599552886,1.82721428341,0.450130228763,13.762837812,3.1264558049,0.236423551532,0.999979043555,3.14304689404,1.0,614.796940202,1.53798380792
616,0.7742432785,0.969457819592,54.2477120944,1.82761117359,0.450278710575,13.7803052881,3.12773108502,0.236535807281,0.999982377884,3.14292822555,1.0,614.798388824,1.54070094615
617,0.775500166939,0.969778126011,54.2354503854,1.82800795916,0.450427481524,13.7977730727,3.12900472738,0.236648314254,0.99998542775,3.14280901125,1.0,614.799839306,1.54342313969
618,0.776757055378,0.970099055466,54.2231701685,1.82840463987,0.450576541851,13.8152411373,3.13027673817,0.236761072841,0.999988191877,3.14268925052,1.0,614.801291645,1.54615041186
619,0.778013943818,0.970420608478,54.2108714505,1.8288012155,0.450725891799,13.8327094531,3.13154712355,0.236874083427,0.999990668987,3.14256894272,1.0,614.802745839,1.54888278623
620,0.779270832257,0.970742785567,54.1985542381,1.82919768582,0.449903817115,13.8501779918,3.13281588964,0.236450490531,0.999992872409,3.1424462436,1.0,614.797287966,1.55166140408
621,0.780527720696,0.971065587255,54.1862185383,1.8295940506,0.450053423903,13.8676467248,3.13408304254,0.236563670672,0.999994767766,3.14232510144,1.0,614.798748178,1.55439817251
622,0.781784609135,0.971389014064,54.173864358,1.82999030961,0.450203320412,13.885115624,3.13534858833,0.236677103161,0.999996372864,3.14220341152,1.0,614.800210241,1.55714010459
623,0.783041497574,0.971713066517,54.1614917039,1.83038646262,0.450353506884,13.9025846612,3.13661253305,0.236790788388,0.999997686424,3.14208117322,1.0,614.801674152,1.55988722468
624,0.784298386013,0.97203774514,54.149100583,1.83078250939,0.450503983563,13.9200538083,3.13787488272,0.236904726745,0.999998707167,3.1419583859,1.0,614.80313991,1.56263955736
625,0.785555274452,0.972363050456,54.1366910023,1.8311784497,0.450654750692,13.9375230373,3.13913564332,0.237018918625,0.999999433809,3.14183504895,1.0,614.804607512,1.56539712746
626,0.786812162891,0.972688982993,54.1242629685,1.83157428332,0.450805808514,13.9549923204,3.14039482081,0.237133364423,0.999999865069,3.14171116174,1.0,614.806076955,1.56815996006
627,0.788069051331,0.973015543277,54.1118164887,1.83197001001,0.450957157275,13.9724616298,3.14165242114,0.237248064532,0.999999999663,3.14158672365,1.0,614.807548238,1.57066457313
628,0.78932593977,0.973342731838,54.0993515697,1.83236562953,0.451108797218,13.989930938,3.1429084502,0.237363019351,0.999999836306,3.14146173406,1.0,614.809021358,1.56789113932
629,0.790582828209,0.973670549203,54.0868682186,1.83276114167,0.451260728589,14.0074002173,3.14416291389,0.237478229275,0.999999373713,3.14133619234,1.0,614.810496312,1.56511236631
630,0.791839716648,0.973998995903,54.0743664422,1.83315654617,0.451412951635,14.0248694403,3.14541581804,0.237593694705,0.999998610596,3.14121009786,1.0,614.811973099,1.56232822801
631,0.793096605087,0.97432807247,54.0618462476,1.83355184282,0.4515654666,14.0423385797,3.14666716849,0.237709416038,0.999997545667,3.14108345002,1.0,614.813451716,1.55953869809
632,0.794353493526,0.974657779434,54.0493076417,1.83394703137,0.451718273732,14.0598076082,3.14791697104,0.237825393677,0.999996177637,3.14095624818,1.0,614.81493216,1.55674374995
633,0.795610381965,0.97498811733,54.0367506316,1.83434211159,0.451871373277,14.0772764988,3.14916523147,0.237941628023,0.999994505217,3.14082849173,1.0,614.81641443,1.55394335671
634,0.796867270404,0.975319086691,54.0241752243,1.83473708326,0.452024765483,14.0947452243,3.15041195551,0.238058119479,0.999992527114,3.14070018003,1.0,614.817898522,1.55113749126
635,0.798124158844,0.975650688051,54.0115814267,1.83513194612,0.452178450598,14.1122137579,3.15165714889,0.238174868449,0.999990242036,3.14057131248,1.0,614.819384436,1.54832612618
636,0.799381047283,0.975982921947,53.9989692459,1.83552669995,0.45233242887,14.1296820727,3.1529008173,0.238291875339,0.99998764869,3.14044188844,1.0,614.820872167,1.54550923379
637,0.800637935722,0.976315788915,53.986338689,1.83592134452,0.452486700548,14.147150142,3.15414296642,0.238409140555,0.999984745782,3.14031190729,1.0,614.822361714,1.54268678613
638,0.801894824161,0.976649289494,53.973689763,1.83631587958,0.452641265881,14.1646179391,3.15538360189,0.238526664505,0.999981532016,3.14018136842,1.0,614.823853075,1.53985875498
639,0.8031517126,0.976983424221,53.961022475,1.8367103049,0.452796125119,14.1820854375,3.15662272932,0.238644447597,0.999978006095,3.14005027121,1.0,614.825346247,1.53702511179
640,0.804408601039,0.977318193637,53.9483368321,1.83710462024,0.452951278512,14.1995526108,3.1578603543,0.238762490241,0.999974166721,3.13991861502,1.0,614.826841227,1.53418582776
641,0.805665489478,0.977653598281,53.9356328413,1.83749882537,0.45310672631,14.2170194327,3.15909648241,0.238880792849,0.999970012597,3.13978639925,1.0,614.828338014,1.53134087378
642,0.806922377917,0.977989638696,53.9229105098,1.83789292005,0.453262468765,14.2344858768,3.16033111919,0.238999355833,0.999965542422,3.13965362326,1.0,614.829836605,1.52849022046
643,0.808179266357,0.978326315425,53.9101698448,1.83828690404,0.453418506128,14.251951917,3.16156427015,0.239118179605,0.999960754896,3.13952028644,1.0,614.831336997,1.52563383807
644,0.809436154796,0.97866362901,53.8974108532,1.8386807771,0.45357483865,14.2694175273,3.16279594078,0.239237264581,0.999955648717,3.13938638818,1.0,614.832839189,1.52277169663
645,0.810693043235,0.979001579996,53.8846335423,1.839074539,0.453731466584,14.2868826816,3.16402613655,0.239356611176,0.999950222581,3.13925192784,1.0,614.834343177,1.51990376582
646,0.811949931674,0.979340168928,53.8718379193,1.83946818949,0.452908069701,14.3043473542,3.1652548629,0.238930495978,0.999944588505,3.13912225228,1.0,614.828966424,1.51714565146
647,0.813206820113,0.979679396353,53.8590239913,1.83986172834,0.453064949651,14.3218115193,3.16648212525,0.239050009941,0.999938530911,3.13898695883,1.0,614.830476399,1.51427225605
648,0.814463708552,0.980019262818,53.8461917654,1.84025515531,0.453222125133,14.3392751511,3.16770792899,0.239169785911,0.999932150104,3.13885110267,1.0,614.831988167,1.51139299316
649,0.815720596991,0.980359768871,53.833341249,1.84064847016,0.453379596401,14.3567382241,3.16893227948,0.239289824305,0.999925444777,3.13871468318,1.0,614.833501724,1.5085078314
650,0.81697748543,0.980700915062,53.8204724491,1.84104167265,0.453537363709,14.3742007127,3.17015518209,0.239410125543,0.999918413626,3.13857769974,1.0,614.83501707,1.50561673905
651,0.81823437387,0.98104270194,53.807585373,1.84143476253,0.45369542731,14.3916625916,3.17137664211,0.239530690046,0.999911055344,3.13844015173,1.0,614.8365342,1.50271968404
652,0.819491262309,0.981385130057,53.794680028,1.84182773957,0.45385378746,14.4091238355,3.17259666485,0.239651518236,0.999903368623,3.13830203854,1.0,614.838053114,1.499816634
653,0.820748150748,0.981728199965,53.7817564213,1.84222060353,0.454012444415,14.4265844191,3.17381525558,0.239772610536,0.999895352155,3.13816335955,1.0,614.839573808,1.49690755618
654,0.822005039187,0.982071912217,53.7688145601,1.84261335416,0.454171398429,14.4440443172,3.17503241956,0.239893967371,0.99988700463,3.13802411414,1.0,614.84109628,1.49399241753
655,0.823261927626,0.982416267366,53.7558544517,1.84300599122,0.45433064976,14.4615035049,3.17624816199,0.240015589167,0.999878324736,3.13788430169,1.0,614.842620528,1.49107118461
656,0.824518816065,0.982761265969,53.7428761034,1.84339851448,0.454490198663,14.4789619571,3.17746248809,0.24013747635,0.999869311164,3.13774392159,1.0,614.844146548,1.48814382367
657,0.825775704504,0.98310690858,53.7298795224,1.84379092368,0.454650045396,14.4964196491,3.17867540303,0.240259629347,0.999859962599,3.1376029732,1.0,614.84567434,1.48521030057
658,0.827032592943,0.983453195757,53.7168647162,1.84418321858,0.454810190217,14.5138765559,3.17988691197,0.24038204859,0.999850277728,3.13746145593,1.0,614.8472039,1.48227058081
659,0.828289481383,0.983800128058,53.7038316919,1.84457539895,0.454970633383,14.5313326529,3.18109702004,0.240504734507,0.999840255237,3.13731936914,1.0,614.848735226,1.47932462954
660,0.829546369822,0.984147706041,53.690780457,1.84496746453,0.455131375153,14.5487879156,3.18230573234,0.240627687531,0.999829893809,3.13717671223,1.0,614.850268315,1.47637241153
661,0.830803258261,0.984495930266,53.6777110187,1.84535941509,0.455292415785,14.5662423193,3.18351305396,0.240750908094,0.999819192129,3.13703348456,1.0,614.851803166,1.47341389118
662,0.8320601467,0.984844801294,53.6646233845,1.84575125037,0.45545375554,14.5836958396,3.18471898996,0.24087439663,0.999808148879,3.13688968553,1.0,614.853339775,1.47044903248
663,0.833317035139,0.985194319686,53.6515175617,1.84614297014,0.455615394676,14.6011484522,3.18592354539,0.240998153575,0.999796762739,3.13674531452,1.0,614.85487814,1.46747779906
664,0.834573923578,0.985544486005,53.6383935577,1.84653457415,0.455777333454,14.6186001328,3.18712672526,0.241122179365,0.999785032391,3.13660037091,1.0,614.856418259,1.46450015416
665,0.835830812017,0.985895300815,53.6252513798,1.84692606216,0.455939572135,14.6360508572,3.18832853457,0.241246474437,0.999772956514,3.13645485407,1.0,614.85796013,1.46151606059
666,0.837087700456,0.98624676468,53.6120910355,1.8473174339,0.45610211098,14.6535006013,3.18952897828,0.241371039232,0.999760533787,3.13630876339,1.0,614.859503749,1.45852548079
667,0.838344588896,0.986598878167,53.5989125321,1.84770868916,0.45626495025,14.6709493412,3.19072806135,0.241495874188,0.999747762887,3.13616209826,1.0,614.861049114,1.45552837677
668,0.839601477335,0.98695164184,53.5857158772,1.84809982766,0.456428090207,14.6883970527,3.1919257887,0.241620979747,0.99973464249,3.13601485806,1.0,614.862596224,1.45252471013
669,0.840858365774,0.987305056268,53.5725010782,1.84849084917,0.456591531114,14.7058437122,3.19312216525,0.241746356352,0.999721171273,3.13586704215,1.0,614.864145075,1.44951444204
670,0.842115254213,0.987659122019,53.5592681424,1.84888175344,0.456755273233,14.7232892958,3.19431719587,0.241872004446,0.99970734791,3.13571864994,1.0,614.865695665,1.44649753326
671,0.843372142652,0.988013839663,53.5460170774,1.84927254023,0.455930313992,14.7407337799,3.19551088543,0.241443150505,0.999693796031,3.13558272145,1.0,614.860396629,1.44374960436
672,0.844629031091,0.98836920977,53.5327478907,1.84966320928,0.456094303601,14.7581771408,3.19670323876,0.241568964063,0.999679293881,3.13543349874,1.0,614.861953171,1.44072592982
673,0.84588591953,0.988725232911,53.5194605898,1.85005376034,0.45625859456,14.7756193549,3.1978942607,0.241695049536,0.999664436318,3.13528369912,1.0,614.863511446,1.43769551432
674,0.847142807969,0.989081909658,53.5061551821,1.85044419317,0.456423187132,14.7930603989,3.19908395603,0.241821407372,0.999649222014,3.13513332199,1.0,614.865071454,1.43465831708
675,0.848399696409,0.989439240584,53.4928316751,1.85083450752,0.456588081584,14.8105002494,3.20027232953,0.241948038019,0.999633649644,3.13498236672,1.0,614.866633191,1.43161429687
676,0.849656584848,0.989797226264,53.4794900764,1.85122470313,0.456753278179,14.8279388831,3.20145938596,0.242074941925,0.999617717878,3.1348308327,1.0,614.868196655,1.428563412
677,0.850913473287,0.990155867274,53.4661303936,1.85161477976,0.456918777184,14.8453762768,3.20264513005,0.242202119543,0.999601425386,3.1346787193,1.0,614.869761844,1.42550562032
678,0.852170361726,0.990515164188,53.4527526342,1.85200473716,0.457084578863,14.8628124073,3.20382956651,0.242329571323,0.999584770837,3.13452602592,1.0,614.871328754,1.42244087919
679,0.853427250165,0.990875117584,53.4393568057,1.85239457508,0.457250683483,14.8802472516,3.20501270004,0.242457297719,0.999567752902,3.13437275193,1.0,614.872897384,1.41936914549
680,0.854684138604,0.99123572804,53.4259429158,1.85278429326,0.457417091311,14.8976807867,3.2061945353,0.242585299185,0.999550370247,3.13421889672,1.0,614.874467731,1.41629037561
681,0.855941027043,0.991596996135,53.412510972,1.85317389145,0.457583802614,14.9151129897,3.20737507695,0.242713576177,0.999532621538,3.13406445966,1.0,614.876039793,1.41320452543
682,0.857197915482,0.991958922449,53.3990609819,1.8535633694,0.45775081766,14.9325438377,3.20855432962,0.242842129151,0.999514505443,3.13390944015,1.0,614.877613566,1.41011155034
683,0.858454803922,0.992321507563,53.3855929532,1.85395272686,0.457918136716,14.9499733081,3.20973229791,0.242970958566,0.999496020625,3.13375383756,1.0,614.879189049,1.40701140522
684,0.859711692361,0.992684752058,53.3721068934,1.85434196358,0.458085760052,14.9674013782,3.21090898641,0.243100064882,0.999477165749,3.13359765127,1.0,614.880766239,1.4039040444
685,0.8609685808,0.993048656518,53.3586028102,1.8547310793,0.458253687936,14.9848280253,3.2120843997,0.243229448559,0.999457939478,3.13344088066,1.0,614.882345134,1.40078942171
686,0.862225469239,0.993413221526,53.3450807114,1.85512007377,0.458421920637,15.0022532269,3.21325854233,0.243359110058,0.999438340474,3.13328352513,1.0,614.88392573,1.39766749043
687,0.863482357678,0.993778447667,53.3315406044,1.85550894674,0.458590458426,15.0196769607,3.21443141881,0.243489049844,0.999418367398,3.13312558404,1.0,614.885508026,1.39453820328
688,0.864739246117,0.994144335527,53.3179824971,1.85589769795,0.458759301573,15.0370992041,3.21560303366,0.243619268382,0.999398018912,3.13296705678,1.0,614.887092019,1.39140151245
689,0.865996134556,0.994510885693,53.3044063971,1.85628632714,0.458928450348,15.054519935,3.21677339137,0.243749766136,0.999377293674,3.13280794273,1.0,614.888677707,1.38825736955
690,0.867253022995,0.994878098751,53.2908123121,1.85667483406,0.459097905022,15.071939131,3.2179424964,0.243880543574,0.999356190343,3.13264824126,1.0,614.890265086,1.38510572562
691,0.868509911435,0.995245975291,53.2772002498,1.85706321846,0.459267665868,15.08935677,3.21911035321,0.244011601165,0.999334707577,3.13248795177,1.0,614.891854155,1.38194653113
692,0.869766799874,0.995614515902,53.2635702179,1.85745148008,0.459437733157,15.10677283,3.22027696622,0.244142939379,0.999312844033,3.13232707363,1.0,614.893444911,1.37877973594
693,0.871023688313,0.995983721174,53.2499222243,1.85783961866,0.459608107162,15.124187289,3.22144233985,0.244274558686,0.999290598367,3.13216560622,1.0,614.895037351,1.37560528932
694,0.872280576752,0.9963535917,53.2362562766,1.85822763395,0.459778788155,15.1416001249,3.22260647848,0.244406459559,0.999267969234,3.13200354892,1.0,614.896631473,1.37242313994
695,0.873537465191,0.996724128072,53.2225723827,1.85861552568,0.458952054567,15.1590113159,3.22376938649,0.243974675084,0.999246490212,3.1318620702,1.0,614.891406601,1.36967420345
696,0.87479435363,0.997095330882,53.2088705502,1.85900329361,0.459122978784,15.1764208403,3.22493106823,0.244106739753,0.999223137392,3.13169918611,1.0,614.893006636,1.36648368583
697,0.876051242069,0.997467200725,53.195150787,1.85939093747,0.459294210144,15.1938286763,3.22609152803,0.244239086454,0.999199397836,3.13153571157,1.0,614.894608348,1.36328533494
698,0.877308130508,0.997839738198,53.1814131009,1.85977845701,0.45946574892,15.2112348022,3.2272507702,0.244371715662,0.999175270197,3.13137164597,1.0,614.896211734,1.36007909725
699,0.878565018947,0.998212943895,53.1676574998,1.86016585196,0.459637595387,15.2286391965,3.22840879905,0.244504627855,0.999150753129,3.13120698869,1.0,614.897816792,1.35686491858
700,0.879821907387,0.998586818414,53.1538839914,1.86055312208,0.45980974982,15.2460418376,3.22956561884,0.244637823509,0.999125845284,3.1310417391,1.0,614.899423519,1.35364274408
701,0.881078795826,0.998961362354,53.1400925835,1.86094026708,0.459982212495,15.2634427041,3.23072123384,0.244771303106,0.999100545313,3.13087589659,1.0,614.901031913,1.35041251824
702,0.882335684265,0.999336576313,53.1262832842,1.86132728673,0.460154983687,15.2808417746,3.23187564828,0.244905067126,0.999074851867,3.13070946054,1.0,614.902641971,1.34717418484
703,0.883592572704,0.999712460892,53.1124561011,1.86171418075,0.460328063674,15.2982390278,3.23302886638,0.245039116051,0.999048763596,3.13054243032,1.0,614.904253691,1.34392768697
704,0.884849461143,1.00008901669,53.0986110422,1.86210094889,0.460501452731,15.3156344425,3.23418089235,0.245173450365,0.999022279149,3.13037480532,1.0,614.90586707,1.34067296701
705,0.886106349582,1.00046624431,53.0847481154,1.86248759089,0.460675151135,15.3330279974,3.23533173037,0.245308070553,0.998995397173,3.13020658491,1.0,614.907482105,1.33740996661
706,0.887363238021,1.00084414436,53.0708673286,1.86287410648,0.460849159165,15.3504196716,3.23648138461,0.2454429771,0.998968116317,3.13003776847,1.0,614.909098795,1.33413862667
707,0.88862012646,1.00122271744,53.0569686898,1.8632604954,0.461023477099,15.3678094438,3.23762985921,0.245578170496,0.998940435226,3.12986835538,1.0,614.910717135,1.33085888738
708,0.8898770149,1.00160196415,53.0430522067,1.86364675739,0.461198105215,15.3851972932,3.2387771583,0.245713651228,0.998912352546,3.12969834501,1.0,614.912337125,1.32757068812
709,0.891133903339,1.0019818851,53.0291178875,1.86403289219,0.461373043792,15.4025831988,3.23992328599,0.245849419787,0.998883866922,3.12952773674,1.0,614.913958761,1.32427396752
710,0.892390791778,1.00236248091,53.01516574,1.86441889953,0.461548293109,15.4199671399,3.24106824638,0.245985476665,0.998854976998,3.12935652996,1.0,614.91558204,1.32096866343
711,0.893647680217,1.00274375216,53.0011957722,1.86480477915,0.461723853447,15.4373490955,3.24221204355,0.246121822355,0.998825681417,3.12918472403,1.0,614.91720696,1.31765471286
712,0.894904568656,1.00312569948,52.9872079921,1.86519053078,0.461899725086,15.4547290451,3.24335468154,0.246258457351,0.998795978821,3.12901231833,1.0,614.918833519,1.31433205205
713,0.896161457095,1.00350832347,52.9732024078,1.86557615417,0.462075908306,15.4721069679,3.24449616441,0.24639538215,0.998765867853,3.12883931224,1.0,614.920461714,1.31100061637
714,0.897418345534,1.00389162475,52.9591790271,1.86596164904,0.462252403389,15.4894828434,3.24563649616,0.246532597248,0.998735347152,3.12866570514,1.0,614.922091542,1.30766034037
715,0.898675233973,1.00427560393,52.9451378582,1.86634701513,0.462429210617,15.506856651,3.24677568082,0.246670103144,0.998704415359,3.12849149639,1.0,614.923723001,1.30431115772
716,0.899932122413,1.00466026161,52.931078909,1.86673225217,0.46260633027,15.5242283703,3.24791372237,0.246807900338,0.998673071113,3.12831668537,1.0,614.925356088,1.30095300121
717,0.901189010852,1.00504559841,52.9170021876,1.8671173599,0.462783762633,15.5415979809,3.24905062477,0.246945989332,0.998641313052,3.12814127146,1.0,614.9269908,1.29758580276
718,0.902445899291,1.00543161496,52.9029077021,1.86750233806,0.461955069941,15.5589654625,3.25018639198,0.246511107264,0.998611962011,3.12799491907,1.0,614.921836406,1.29482340444
719,0.90370278773,1.00581831185,52.8887954606,1.86788718637,0.462132741487,15.5763307948,3.25132102794,0.246649358586,0.998579437826,3.12781868293,1.0,614.923476991,1.29144583343
720,0.904959676169,1.00620568971,52.8746654711,1.86827190456,0.462310725911,15.5936939575,3.25245453657,0.246787902212,0.998546496558,3.12764184337,1.0,614.925119196,1.28805904778
721,0.906216564608,1.00659374916,52.8605177417,1.86865649238,0.462489023495,15.6110549306,3.25358692177,0.246926738646,0.998513136847,3.12746439976,1.0,614.926763018,1.28466297619
722,0.907473453047,1.00698249082,52.8463522805,1.86904094954,0.462667634525,15.628413694,3.25471818743,0.247065868396,0.998479357327,3.12728635147,1.0,614.928408456,1.28125754638
723,0.908730341486,1.00737191529,52.8321690957,1.86942527579,0.462846559285,15.6457702275,3.25584833741,0.247205291968,0.998445156636,3.12710769789,1.0,614.930055507,1.27784268508
724,0.909987229926,1.00776202321,52.8179681955,1.86980947085,0.46302579806,15.6631245114,3.25697737556,0.247345009871,0.998410533408,3.12692843839,1.0,614.931704167,1.27441831803
725,0.911244118365,1.0081528152,52.8037495878,1.87019353445,0.463205351135,15.6804765256,3.25810530573,0.247485022616,0.998375486279,3.12674857232,1.0,614.933354434,1.27098436993
726,0.912501006804,1.00854429188,52.789513281,1.87057746632,0.463385218797,15.6978262504,3.25923213173,0.247625330714,0.998340013881,3.12656809908,1.0,614.935006307,1.26754076445
727,0.913757895243,1.00893645386,52.7752592832,1.8709612662,0.463565401331,15.7151736659,3.26035785737,0.247765934679,0.998304114847,3.12638701803,1.0,614.936659781,1.26408742419
728,0.915014783682,1.00932930178,52.7609876025,1.87134493381,0.463745899024,15.7325187525,3.26148248643,0.247906835025,0.99826778781,3.12620532854,1.0,614.938314854,1.26062427066
729,0.916271672121,1.00972283626,52.7466982472,1.87172846887,0.463926712163,15.7498614904,3.26260602268,0.248048032269,0.9982310314,3.12602302998,1.0,614.939971525,1.25715122427
730,0.91752856056,1.01011705793,52.7323912255,1.87211187113,0.464107841037,15.7672018601,3.26372846988,0.248189526927,0.99819384425,3.12584012172,1.0,614.941629789,1.25366820431
731,0.918785448999,1.01051196741,52.7180665457,1.87249514029,0.464289285933,15.784539842,3.26484983176,0.248331319518,0.998156224988,3.12565660313,1.0,614.943289646,1.25017512891
732,0.920042337439,1.01090756533,52.7037242159,1.87287827611,0.46447104714,15.8018754167,3.26597011205,0.248473410564,0.998118172243,3.12547247358,1.0,614.944951091,1.24667191504
733,0.921299225878,1.01130385232,52.6893642444,1.87326127829,0.464653124946,15.8192085647,3.26708931445,0.248615800585,0.998079684645,3.12528773244,1.0,614.946614122,1.24315847847
734,0.922556114317,1.01170082901,52.6749866395,1.87364414656,0.464835519642,15.8365392666,3.26820744265,0.248758490106,0.99804076082,3.12510237907,1.0,614.948278737,1.23963473374
735,0.923813002756,1.01209849603,52.6605914095,1.87402688066,0.465018231516,15.8538675031,3.26932450033,0.24890147965,0.998001399396,3.12491641285,1.0,614.949944933,1.23610059418
736,0.925069891195,1.01249685401,52.6461785626,1.87440948031,0.46520126086,15.871193255,3.27044049115,0.249044769744,0.997961598999,3.12472983314,1.0,614.951612707,1.23255597182
737,0.926326779634,1.01289590359,52.6317481072,1.87479194523,0.465384607963,15.8885165031,3.27155541874,0.249188360915,0.997921358254,3.12454263931,1.0,614.953282057,1.22900077742
738,0.927583668073,1.0132956454,52.6173000516,1.87517427514,0.465568273118,15.9058372283,3.27266928674,0.249332253694,0.997880675787,3.12435483072,1.0,614.954952979,1.2254349204
739,0.928840556512,1.01369608007,52.602834404,1.87555646977,0.464737545831,15.9231554114,3.27378209876,0.248894273007,0.997843927014,3.12420445252,1.0,614.949861003,1.22264685053
740,0.930097444952,1.01409720824,52.588351173,1.87593852885,0.464921446434,15.9404710334,3.2748938584,0.249038326797,0.997802440339,3.12401582678,1.0,614.951537758,1.2190682063
741,0.931354333391,1.01449903055,52.5738503667,1.8763204521,0.465105665268,15.9577840754,3.27600456923,0.249182682735,0.997760508682,3.12382658578,1.0,614.95321608,1.2154786698
742,0.93261122183,1.01490154762,52.5593319937,1.87670223924,0.465290202628,15.9750945184,3.27711423483,0.249327341353,0.997718130665,3.12363672887,1.0,614.954895968,1.21187814568
743,0.933868110269,1.01530476011,52.5447960622,1.87708388998,0.465475058805,15.9924023435,3.27822285874,0.249472303185,0.997675304914,3.12344625543,1.0,614.956577418,1.20826653715
744,0.935124998708,1.01570866866,52.5302425806,1.87746540407,0.465660234092,16.0097075321,3.2793304445,0.249617568767,0.99763203005,3.12325516481,1.0,614.958260427,1.20464374594
745,0.936381887147,1.01611327389,52.5156715575,1.87784678121,0.465845728783,16.0270100652,3.28043699564,0.249763138636,0.997588304696,3.12306345638,1.0,614.959944993,1.20100967228
746,0.937638775586,1.01651857645,52.5010830011,1.87822802112,0.466031543173,16.0443099243,3.28154251565,0.24990901333,0.997544127472,3.12287112951,1.0,614.961631114,1.19736421485
747,0.938895664025,1.016924577,52.48647692,1.87860912354,0.466217677555,16.0616070906,3.28264700803,0.25005519339,0.997499497001,3.12267818355,1.0,614.963318786,1.19370727077
748,0.940152552465,1.01733127615,52.4718533225,1.87899008817,0.466404132224,16.0789015456,3.28375047625,0.250201679357,0.997454411901,3.12248461787,1.0,614.965008006,1.19003873553
749,0.941409440904,1.01773867458,52.4572122172,1.87937091473,0.466590907477,16.0961932707,3.28485292379,0.250348471773,0.997408870792,3.12229043182,1.0,614.966698774,1.18635850301
750,0.942666329343,1.01814677291,52.4425536125,1.87975160296,0.466778003608,16.1134822475,3.28595435408,0.250495571184,0.997362872293,3.12209562478,1.0,614.968391084,1.1826664654
751,0.943923217782,1.01855557179,52.427877517,1.88013215255,0.466965420914,16.1307684575,3.28705477055,0.250642978135,0.997316415022,3.12190019609,1.0,614.970084936,1.17896251317
752,0.945180106221,1.01896507187,52.413183939,1.88051256324,0.467153159691,16.1480518824,3.28815417663,0.250790693175,0.997269497595,3.12170414511,1.0,614.971780325,1.17524653503
753,0.94643699466,1.01937527381,52.3984728872,1.88089283474,0.467341220237,16.1653325037,3.28925257572,0.250938716851,0.997222118631,3.12150747121,1.0,614.97347725,1.17151841794
754,0.947693883099,1.01978617824,52.38374437,1.88127296677,0.467529602849,16.1826103033,3.29034997121,0.251087049715,0.997174276743,3.12131017374,1.0,614.975175708,1.16777804698
755,0.948950771538,1.02019778582,52.368998396,1.88165295904,0.467718307825,16.1998852629,3.29144636647,0.251235692318,0.997125970549,3.12111225207,1.0,614.976875696,1.16402530539
756,0.950207659978,1.02061009719,52.3542349738,1.88203281127,0.467907335463,16.2171573644,3.29254176486,0.251384645215,0.997077198663,3.12091370553,1.0,614.978577211,1.16026007448
757,0.951464548417,1.02102311302,52.3394541119,1.88241252318,0.468096686063,16.2344265896,3.29363616973,0.251533908961,0.997027959698,3.12071453349,1.0,614.98028025,1.15648223361
758,0.952721436856,1.02143683395,52.3246558189,1.88279209448,0.468286359923,16.2516929205,3.29472958442,0.251683484112,0.996978252268,3.12051473531,1.0,614.981984812,1.15269166014
759,0.953978325295,1.02185126064,52.3098401034,1.88317152489,0.468476357344,16.268956339,3.29582201224,0.251833371226,0.996928074986,3.12031431034,1.0,614.983690893,1.14888822936
760,0.955235213734,1.02226639374,52.295006974,1.88355081411,0.467643388948,16.2862168271,3.2969134565,0.251392045366,0.996883741759,3.12016029916,1.0,614.978661691,1.14605671753
761,0.956492102173,1.02268223391,52.2801564393,1.88392996187,0.467833618133,16.3034743671,3.29800392048,0.251542092304,0.996832722745,3.11995906271,1.0,614.980373561,1.14223723264
762,0.957748990612,1.0230987818,52.265288508,1.88430896788,0.468024171072,16.3207289409,3.29909340747,0.251692451785,0.996781230629,3.11975719897,1.0,614.982086943,1.13840457368
763,0.959005879051,1.02351603807,52.2504031886,1.88468783185,0.468215048065,16.3379805307,3.30018192072,0.25184312437,0.996729264025,3.1195547073,1.0,614.983801837,1.13455860847
764,0.960262767491,1.02393400338,52.23550049,1.8850665535,0.468406249414,16.3552291189,3.30126946349,0.251994110622,0.996676821543,3.11935158703,1.0,614.985518239,1.13069920257
765,0.96151965593,1.02435267839,52.2205804206,1.88544513253,0.46859777542,16.3724746877,3.30235603902,0.252145411108,0.996623901795,3.11914783753,1.0,614.987236146,1.12682621917
766,0.962776544369,1.02477206376,52.2056429893,1.88582356865,0.468789626385,16.3897172194,3.30344165052,0.252297026394,0.996570503391,3.11894345815,1.0,614.988955556,1.12293951912
767,0.964033432808,1.02519216015,52.1906882047,1.88620186159,0.468981802611,16.4069566964,3.30452630121,0.252448957047,0.996516624941,3.11873844823,1.0,614.990676466,1.1190389608
768,0.965290321247,1.02561296822,52.1757160756,1.88658001104,0.469174304403,16.424193101,3.30560999428,0.252601203638,0.996462265055,3.11853280712,1.0,614.992398873,1.11512440007
769,0.966547209686,1.02603448864,52.1607266106,1.88695801672,0.469367132063,16.4414264159,3.30669273291,0.252753766737,0.996407422341,3.11832653417,1.0,614.994122774,1.11119569027
770,0.967804098125,1.02645672208,52.1457198186,1.88733587834,0.469560285894,16.4586566236,3.30777452028,0.252906646919,0.996352095407,3.11811962874,1.0,614.995848167,1.10725268206
771,0.969060986564,1.02687966918,52.1306957081,1.8877135956,0.469753766202,16.4758837065,3.30885535953,0.253059844756,0.996296282861,3.11791209015,1.0,614.997575049,1.10329522344
772,0.970317875004,1.02730333063,52.1156542882,1.88809116822,0.46994757329,16.4931076473,3.30993525381,0.253213360827,0.996239983309,3.11770391777,1.0,614.999303418,1.09932315962
773,0.971574763443,1.02772770708,52.1005955674,1.88846859591,0.470141707465,16.5103284287,3.31101420626,0.253367195707,0.996183195358,3.11749511093,1.0,615.00103327,1.09533633298
774,0.972831651882,1.02815279922,52.0855195546,1.88884587836,0.470336169031,16.5275460333,3.31209221998,0.253521349977,0.996125917613,3.11728566898,1.0,615.002764602,1.09133458301
775,0.974088540321,1.02857860769,52.0704262586,1.8892230153,0.470530958294,16.5447604441,3.31316929808,0.253675824217,0.99606814868,3.11707559127,1.0,615.004497413,1.0873177462
776,0.97534542876,1.02900513319,52.0553156883,1.88960000641,0.470726075562,16.5619716437,3.31424544366,0.253830619011,0.996009887163,3.11686487712,1.0,615.006231699,1.08328565597
777,0.976602317199,1.02943237636,52.0401878524,1.88997685142,0.47092152114,16.579179615,3.31532065978,0.253985734942,0.995951131667,3.11665352589,1.0,615.007967457,1.07923814263
778,0.977859205638,1.0298603379,52.0250427599,1.89035355003,0.471117295336,16.5963843409,3.31639494953,0.254141172595,0.995891880793,3.11644153692,1.0,615.009704685,1.07517503324
779,0.979116094077,1.03028901847,52.0098804195,1.89073010194,0.471313398457,16.6135858044,3.31746831594,0.254296932559,0.995832133146,3.11622890953,1.0,615.01144338,1.07109615155
780,0.980372982517,1.03071841874,51.9947008401,1.89110650685,0.470478080651,16.6307839884,3.31854076206,0.253852169835,0.995780425089,3.11607184131,1.0,615.006472981,1.06820113505
781,0.981629870956,1.03114853938,51.9795040307,1.89148276448,0.470674411997,16.647978876,3.31961229091,0.254008088527,0.995719800629,3.11585840848,1.0,615.00821742,1.06410185443
782,0.982886759395,1.03157938108,51.9642900001,1.89185887452,0.470871072473,16.6651704502,3.32068290552,0.254164330147,0.99565867616,3.11564433674,1.0,615.00996332,1.05998635216
783,0.984143647834,1.03201094452,51.9490587573,1.89223483667,0.471068062388,16.6823586943,3.32175260888,0.254320895283,0.995597050284,3.11542962543,1.0,615.011710678,1.0558544398
784,0.985400536273,1.03244323035,51.9338103111,1.89261065065,0.47126538205,16.6995435913,3.32282140398,0.25447778453,0.995534921605,3.11521427389,1.0,615.013459492,1.05170592517
785,0.986657424712,1.03287623928,51.9185446706,1.89298631614,0.471463031769,16.7167251245,3.32388929381,0.254634998482,0.995472288723,3.11499828146,1.0,615.015209759,1.04754061228
786,0.987914313151,1.03330997197,51.9032618446,1.89336183286,0.471661011855,16.7339032772,3.32495628132,0.254792537736,0.995409150241,3.11478164747,1.0,615.016961475,1.04335830115
787,0.98917120159,1.0337444291,51.8879618422,1.89373720051,0.471859322619,16.7510780326,3.32602236948,0.254950402888,0.995345504757,3.11456437126,1.0,615.018714639,1.03915878778
788,0.99042809003,1.03417961136,51.8726446723,1.89411241878,0.472057964371,16.768249374,3.32708756121,0.255108594538,0.995281350872,3.11434645216,1.0,615.020469247,1.03494186399
789,0.991684978469,1.03461551943,51.857310344,1.89448748737,0.472256937423,16.785417285,3.32815185946,0.255267113289,0.995216687187,3.11412788949,1.0,615.022225297,1.03070731731
790,0.992941866908,1.03505215399,51.8419588662,1.89486240599,0.472456242086,16.8025817489,3.32921526713,0.255425959741,0.995151512298,3.1139086826,1.0,615.023982786,1.02645493083
791,0.994198755347,1.03548951572,51.8265902479,1.89523717433,0.472655878673,16.8197427492,3.33027778714,0.255585134501,0.995085824806,3.1136888308,1.0,615.02574171,1.02218448312
792,0.995455643786,1.03592760531,51.8112044982,1.89561179209,0.472855847497,16.8369002694,3.33133942238,0.255744638174,0.995019623307,3.11346833344,1.0,615.027502068,1.01789574808
793,0.996712532225,1.03636642345,51.7958016261,1.89598625897,0.473056148869,16.8540542931,3.33240017572,0.255904471367,0.9949529064,3.11324718983,1.0,615.029263857,1.01358849475
794,0.997969420664,1.03680597082,51.7803816408,1.89636057467,0.473256783104,16.8712048038,3.33346005004,0.256064634692,0.99488567268,3.1130253993,1.0,615.031027073,1.00926248726
795,0.999226309103,1.03724624811,51.7649445513,1.89673473889,0.473457750516,16.8883517854,3.3345190482,0.256225128758,0.994817920745,3.11280296119,1.0,615.032791714,1.00491748458
796,1.00048319754,1.03768725601,51.7494903666,1.89710875131,0.473659051418,16.9054952213,3.33557717303,0.256385954179,0.99474964919,3.11257987481,1.0,615.034557777,1.00055324044
797,1.00174008598,1.03812899521,51.7340190959,1.89748261164,0.473860686126,16.9226350954,3.33663442739,0.256547111569,0.994680856611,3.11235613948,1.0,615.036325259,0.996169503132
798,1.00299697442,1.03857146639,51.7185307483,1.89785631957,0.474062654955,16.9397713915,3.33769081408,0.256708601545,0.994611541601,3.11213175453,1.0,615.038094157,0.991766015349
799,1.00425386286,1.03901467025,51.7030253329,1.8982298748,0.47426495822,16.9569040934,3.33874633593,0.256870424725,0.994541702756,3.11190671929,1.0,615.03986447,0.987342514008
800,1.0055107513,1.03945860749,51.6875028589,1.89860327702,0.473427097137,16.9740331848,3.33980099573,0.2564219836,0.994482484127,3.11174698281,1.0,615.03495312,0.984352455404
801,1.00676763974,1.03990327879,51.6719633354,1.89897652593,0.473629625107,16.9911586498,3.34085479626,0.25658396451,0.994411733987,3.11152114854,1.0,615.036729128,0.979902207799
802,1.00802452818,1.04034868485,51.6564067717,1.89934962121,0.473832487726,17.0082804722,3.34190774032,0.256746279278,0.994340456794,3.11129466346,1.0,615.038506544,0.975431271834
803,1.00928141662,1.04079482636,51.6408331768,1.89972256256,0.474035685312,17.0253986361,3.34295983065,0.256908928526,0.994268651143,3.1110675269,1.0,615.040285364,0.970939362897
804,1.01053830506,1.04124170402,51.6252425601,1.90009534967,0.474239218181,17.0425131254,3.34401107003,0.257071912878,0.994196315628,3.11083973817,1.0,615.042065586,0.966426189722
805,1.01179519349,1.04168931853,51.6096349306,1.90046798224,0.474443086652,17.0596239243,3.34506146118,0.25723523296,0.994123448842,3.1106112966,1.0,615.043847208,0.96189145417
806,1.01305208193,1.04213767059,51.5940102977,1.90084045996,0.474647291041,17.0767310168,3.34611100685,0.257398889398,0.994050049379,3.11038220149,1.0,615.045630225,0.957334850999
807,1.01430897037,1.04258676088,51.5783686706,1.90121278251,0.474851831667,17.0938343871,3.34715970976,0.257562882822,0.993976115831,3.11015245217,1.0,615.047414636,0.952756067629
808,1.01556585881,1.04303659012,51.5627100585,1.90158494958,0.475056708849,17.1109340193,3.34820757261,0.257727213863,0.993901646789,3.10992204794,1.0,615.049200437,0.948154783888
809,1.01682274725,1.04348715901,51.5470344707,1.90195696087,0.475261922905,17.1280298978,3.34925459811,0.257891883152,0.993826640847,3.10969098812,1.0,615.050987626,0.943530671757
810,1.01807963569,1.04393846824,51.5313419165,1.90232881607,0.475467474156,17.1451220066,3.35030078894,0.258056891325,0.993751096595,3.10945927202,1.0,615.0527762,0.938883395097
811,1.01933652413,1.04439051851,51.5156324052,1.90270051485,0.475673362921,17.1622103302,3.35134614778,0.258222239017,0.993675012623,3.10922689894,1.0,615.054566156,0.934212609361
812,1.02059341257,1.04484331054,51.4999059461,1.90307205692,0.47587958952,17.1792948529,3.3523906773,0.258387926866,0.993598387523,3.1089938682,1.0,615.056357492,0.929517961306
813,1.02185030101,1.04529684503,51.4841625485,1.90344344196,0.476086154275,17.1963755591,3.35343438016,0.258553955512,0.993521219884,3.10876017911,1.0,615.058150203,0.924799088675
814,1.02310718945,1.04575112267,51.4684022218,1.90381466965,0.476293057506,17.2134524331,3.354477259,0.258720325596,0.993443508296,3.10852583097,1.0,615.059944288,0.920055619875
815,1.02436407789,1.04620614418,51.4526249753,1.90418573968,0.476500299535,17.2305254595,3.35551931645,0.258887037761,0.993365251347,3.10829082308,1.0,615.061739744,0.915287173641
816,1.02562096632,1.04666191026,51.4368308183,1.90455665174,0.476707880684,17.2475946227,3.35656055514,0.259054092653,0.993286447627,3.10805515475,1.0,615.063536567,0.910493358675
817,1.02687785476,1.04711842163,51.4210197603,1.9049274055,0.476915801276,17.2646599072,3.35760097768,0.259221490918,0.993207095723,3.10781882528,1.0,615.065334756,0.905673773274
818,1.0281347432,1.04757567898,51.4051918107,1.90529800067,0.476075437336,17.2817212977,3.35864058667,0.258769495609,0.993141031087,3.10765708475,1.0,615.06047408,0.902559363509
819,1.02939163164,1.04803368304,51.3893469789,1.90566843691,0.476283579319,17.2987787788,3.35967938472,0.25893705061,0.993060737615,3.10741996264,1.0,615.06227792,0.897704366952
820,1.03064852008,1.04849243451,51.3734852742,1.90603871392,0.476492060966,17.315832335,3.36071737439,0.259104949674,0.992979892761,3.10718217888,1.0,615.064083118,0.892822561348
821,1.03190540852,1.04895193409,51.3576067061,1.90640883138,0.476700882601,17.3328819511,3.36175455827,0.25927319345,0.992898495115,3.10694373277,1.0,615.065889673,0.88791350565
822,1.03316229696,1.04941218252,51.3417112842,1.90677878896,0.476910044547,17.3499276118,3.36279093891,0.259441782592,0.992816543265,3.10670462361,1.0,615.06769758,0.882976746499
823,1.0344191854,1.04987318049,51.3257990177,1.90714858635,0.477119547129,17.3669693019,3.36382651887,0.259610717754,0.992734035798,3.10646485069,1.0,615.069506837,0.878011817736
824,1.03567607384,1.05033492872,51.3098699163,1.90751822324,0.477329390671,17.3840070061,3.36486130068,0.259779999593,0.992650971301,3.1062244133,1.0,615.071317441,0.873018239891
825,1.03693296228,1.05079742793,51.2939239894,1.90788769929,0.477539575498,17.4010407093,3.36589528688,0.259949628766,0.992567348363,3.10598331076,1.0,615.07312939,0.867995519649
826,1.03818985072,1.05126067884,51.2779612464,1.9082570142,0.477750101935,17.4180703963,3.36692847998,0.260119605934,0.992483165569,3.10574154234,1.0,615.07494268,0.862943149279
827,1.03944673916,1.05172468216,51.261981697,1.90862616764,0.477960970309,17.4350960521,3.36796088251,0.260289931758,0.992398421506,3.10549910733,1.0,615.076757308,0.85786060604
828,1.04070362759,1.0521894386,51.2459853507,1.9089951593,0.478172180946,17.4521176616,3.36899249695,0.260460606903,0.992313114759,3.10525600504,1.0,615.078573272,0.852747351556
829,1.04196051603,1.05265494889,51.229972217,1.90936398884,0.478383734172,17.4691352098,3.37002332581,0.260631632033,0.992227243914,3.10501223474,1.0,615.080390569,0.847602831148
830,1.04321740447,1.05312121376,51.2139423055,1.90973265594,0.478595630315,17.4861486816,3.37105337155,0.260803007816,0.992140807557,3.10476779572,1.0,615.082209195,0.842426473142
831,1.04447429291,1.0535882339,51.1978956257,1.91010116029,0.478807869702,17.5031580622,3.37208263666,0.260974734922,0.992053804271,3.10452268727,1.0,615.084029149,0.837217688126
832,1.04573118135,1.05405601006,51.1818321872,1.91046950157,0.479020452661,17.5201633366,3.37311112359,0.261146814021,0.991966232642,3.10427690868,1.0,615.085850426,0.831975868173
833,1.04698806979,1.05452454295,51.1657519997,1.91083767943,0.479233379521,17.5371644899,3.37413883479,0.261319245786,0.991878091253,3.10403045922,1.0,615.087673025,0.826700386015
834,1.04824495823,1.0549938333,51.1496550728,1.91120569358,0.479446650609,17.5541615073,3.37516577272,0.261492030893,0.991789378688,3.10378333818,1.0,615.089496943,0.821390594175
835,1.04950184667,1.05546388183,51.1335414161,1.91157354366,0.479660266256,17.571154374,3.37619193979,0.261665170018,0.99170009353,3.10353554484,1.0,615.091322175,0.816045824042
836,1.05075873511,1.05593468926,51.1174110392,1.91194122937,0.478817235116,17.5881430752,3.37721733843,0.261209408436,0.99162710182,3.1033721436,1.0,615.086512327,0.812747145912
837,1.05201562355,1.05640625632,51.1012639518,1.91230875038,0.479031068829,17.6051275962,3.37824197105,0.261382703357,0.991536845384,3.10312356427,1.0,615.088343163,0.807352982005
838,1.05327251199,1.05687858374,51.0851001636,1.91267610635,0.479245247328,17.6221079222,3.37926584006,0.26155635302,0.991446013181,3.10287431212,1.0,615.090175309,0.801922090472
839,1.05452940042,1.05735167225,51.0689196842,1.91304329696,0.479459770945,17.6390840387,3.38028894785,0.261730358108,0.991354603794,3.10262438641,1.0,615.092008761,0.796453721131
840,1.05578628886,1.05782552257,51.0527225235,1.91341032189,0.47967464001,17.6560559308,3.38131129681,0.261904719303,0.991262615806,3.10237378643,1.0,615.093843515,0.790947097788
841,1.0570431773,1.05830013543,51.036508691,1.9137771808,0.479889854853,17.6730235842,3.3823328893,0.262079437289,0.991170047802,3.10212251145,1.0,615.09567957,0.785401416965
842,1.05830006574,1.05877551157,51.0202781965,1.91414387337,0.480105415805,17.6899869841,3.3833537277,0.262254512755,0.991076898363,3.10187056074,1.0,615.097516922,0.790980480292
843,1.05955695418,1.05925165172,51.0040310498,1.91451039926,0.480321323198,17.706946116,3.38437381436,0.262429946387,0.990983166074,3.10161793357,1.0,615.099355569,0.796606802616
844,1.06081384262,1.0597285566,50.9877672607,1.91487675815,0.480537577365,17.7239009655,3.38539315162,0.262605738878,0.990888849516,3.10136462922,1.0,615.101195506,0.802274770703
845,1.06207073106,1.06020622696,50.9714868388,1.9152429497,0.480754178638,17.7408515181,3.38641174184,0.262781890919,0.990793947271,3.10111064694,1.0,615.103036733,0.807985311748
846,1.0633276195,1.06068466352,50.955189794,1.91560897358,0.480971127349,17.7577977593,3.38742958732,0.262958403205,0.990698457921,3.10085598601,1.0,615.104879244,0.81373938801
847,1.06458450794,1.06116386702,50.9388761362,1.91597482946,0.481188423833,17.7747396747,3.3884466904,0.263135276432,0.990602380048,3.10060064569,1.0,615.106723039,0.819537998695
848,1.06584139638,1.0616438382,50.922545875,1.91634051702,0.481406068422,17.79167725,3.38946305339,0.263312511299,0.990505712232,3.10034462524,1.0,615.108568113,0.825382181974
849,1.06709828482,1.0621245778,50.9061990204,1.9167060359,0.48162406145,17.8086104709,3.39047867857,0.263490108507,0.990408453055,3.10008792392,1.0,615.110414464,0.831273017142
850,1.06835517326,1.06260608654,50.8898355822,1.91707138579,0.481842403253,17.825539323,3.39149356825,0.263668068756,0.990310601098,3.099830541,1.0,615.112262088,0.837211626934
851,1.06961206169,1.06308836517,50.8734555702,1.91743656634,0.482061094165,17.842463792,3.39250772472,0.263846392752,0.99021215494,3.09957247572,1.0,615.114110984,0.843199180016
852,1.07086895013,1.06357141444,50.8570589944,1.91780157722,0.482280134521,17.8593838638,3.39352115023,0.264025081201,0.990113113162,3.09931372736,1.0,615.115961147,0.849236893654
853,1.07212583857,1.06405523507,50.8406458645,1.9181664181,0.482499524657,17.876299524,3.39453384707,0.264204134811,0.990013474343,3.09905429516,1.0,615.117812576,0.855326036596
854,1.07338272701,1.06453982781,50.8242161906,1.91853108864,0.481653659483,17.8932107586,3.39554581748,0.263744386937,0.989933486708,3.09888958784,1.0,615.113053676,0.858912461468
855,1.07463961545,1.0650251934,50.8077699825,1.91889558849,0.481873264336,17.9101175535,3.39655706371,0.263923595444,0.989832847494,3.09862937652,1.0,615.114910659,0.865076311658
856,1.07589650389,1.06551133259,50.7913072502,1.91925991733,0.482093219205,17.9270198944,3.397567588,0.264103169874,0.989731608089,3.09836848081,1.0,615.1167689,0.871294973308
857,1.07715339233,1.06599824612,50.7748280037,1.91962407482,0.482313524425,17.9439177673,3.39857739259,0.26428311094,0.989629767075,3.09810689998,1.0,615.118628396,0.877569920324
858,1.07841028077,1.06648593473,50.7583322527,1.91998806062,0.482534180334,17.9608111582,3.39958647969,0.264463419355,0.989527323031,3.09784463326,1.0,615.120489145,0.88390269408
859,1.07966716921,1.06697439918,50.7418200075,1.92035187438,0.482755187268,17.977700053,3.40059485151,0.264644095837,0.989424274539,3.09758167991,1.0,615.122351143,0.890294907815
860,1.08092405765,1.06746364019,50.7252912779,1.92071551577,0.482976545566,17.9945844379,3.40160251026,0.264825141105,0.989320620177,3.09731803916,1.0,615.124214388,0.896748251418
861,1.08218094609,1.06795365853,50.7087460739,1.92107898444,0.483198255565,18.0114642987,3.40260945814,0.265006555879,0.989216358527,3.09705371028,1.0,615.126078877,0.903264496625
862,1.08343783452,1.06844445494,50.6921844056,1.92144228006,0.483420317605,18.0283396216,3.40361569733,0.265188340881,0.989111488166,3.09678869249,1.0,615.127944606,0.909845502673
863,1.08469472296,1.06893603017,50.6756062831,1.92180540229,0.483642732024,18.0452103927,3.40462123002,0.265370496837,0.989006007675,3.09652298504,1.0,615.129811572,0.916493222478
864,1.0859516114,1.06942838497,50.6590117162,1.92216835077,0.483865499161,18.0620765982,3.40562605836,0.265553024473,0.988899915633,3.09625658716,1.0,615.131679773,0.923209709378
865,1.08720849984,1.06992152009,50.6424007152,1.92253112518,0.484088619355,18.0789382242,3.40663018453,0.265735924518,0.988793210618,3.0959894981,1.0,615.133549206,0.929997124509
866,1.08846538828,1.07041543629,50.6257732901,1.92289372515,0.484312092948,18.0957952569,3.40763361067,0.265919197702,0.988685891209,3.09572171709,1.0,615.135419868,0.936857744903
867,1.08972227672,1.0709101343,50.6091294509,1.92325615036,0.484535920279,18.1126476826,3.40863633893,0.266102844759,0.988577955985,3.09545324336,1.0,615.137291755,0.943793972381
868,1.09097916516,1.0714056149,50.5924692079,1.92361840045,0.48476010169,18.1294954874,3.40963837145,0.266286866424,0.988469403523,3.09518407615,1.0,615.139164865,0.950808343338
869,1.0922360536,1.07190187883,50.575792571,1.92398047508,0.484984637521,18.1463386578,3.41063971036,0.266471263432,0.988360232402,3.09491421468,1.0,615.141039195,0.957903539546
870,1.09349294204,1.07239892684,50.5590995506,1.92434237391,0.485209528114,18.16317718,3.41164035777,0.266656036525,0.9882504412,3.09464365818,1.0,615.142914742,0.965082400093
871,1.09474983048,1.0728967597,50.5423901566,1.92470409658,0.484360803087,18.1800110404,3.4126403158,0.266192296696,0.988163806805,3.09447808751,1.0,615.138202588,0.969126580487
872,1.09600671892,1.07339537816,50.5256643992,1.92506564274,0.484585905114,18.1968402253,3.41363958655,0.266377223764,0.98805298841,3.09420675873,1.0,615.14008364,0.976430762134
873,1.09726360736,1.07389478297,50.5089222888,1.92542701206,0.484811362142,18.2136647212,3.41463817212,0.266562527713,0.98794154681,3.09393473436,1.0,615.141965902,0.983826414905
874,1.09852049579,1.0743949749,50.4921638353,1.92578820418,0.485037174514,18.2304845145,3.4156360746,0.266748209286,0.987829480586,3.09366201362,1.0,615.143849371,0.991317039751
875,1.09977738423,1.0748959547,50.4753890491,1.92614921875,0.485263342575,18.2472995917,3.41663329606,0.266934269229,0.987716788315,3.09338859572,1.0,615.145734044,0.998906367228
876,1.10103427267,1.07539772314,50.4585979404,1.92651005542,0.485489866665,18.2641099392,3.41762983858,0.26712070829,0.987603468576,3.0931144799,1.0,615.147619918,1.00659837915
877,1.10229116111,1.07590028098,50.4417905194,1.92687071384,0.485716747129,18.2809155437,3.41862570422,0.267307527219,0.987489519948,3.09283966536,1.0,615.14950699,1.01439733293
878,1.10354804955,1.07640362897,50.4249667964,1.92723119366,0.485943984312,18.2977163916,3.41962089503,0.267494726768,0.987374941009,3.09256415132,1.0,615.151395257,1.02230778908
879,1.10480493799,1.07690776789,50.4081267816,1.92759149453,0.486171578556,18.3145124695,3.42061541307,0.267682307691,0.987259730338,3.092287937,1.0,615.153284716,1.03033464228
880,1.10606182643,1.07741269849,50.3912704853,1.92795161609,0.486399530208,18.3313037641,3.42160926038,0.267870270744,0.987143886511,3.09201102161,1.0,615.155175364,1.03848315669
881,1.10731871487,1.07791842153,50.3743979178,1.928311558,0.486627839612,18.3480902621,3.42260243898,0.268058616686,0.987027408108,3.09173340436,1.0,615.157067197,1.04675900628
882,1.10857560331,1.07842493779,50.3575090895,1.92867131989,0.486856507112,18.3648719499,3.4235949509,0.268247346276,0.986910293706,3.09145508446,1.0,615.158960214,1.05516832087
883,1.10983249175,1.07893224803,50.3406040106,1.92903090141,0.487085533057,18.3816488145,3.42458679816,0.268436460279,0.986792541883,3.09117606111,1.0,615.160854411,1.06371773916
884,1.11108938019,1.07944035302,50.3236826915,1.92939030221,0.48731491779,18.3984208425,3.42557798277,0.268625959459,0.986674151215,3.09089633352,1.0,615.162749784,1.07241446988
885,1.11234626862,1.07994925352,50.3067451426,1.92974952193,0.48754466166,18.4151880206,3.42656850672,0.268815844581,0.986555120282,3.09061590089,1.0,615.164646332,1.08126636283
886,1.11360315706,1.08045895031,50.2897913742,1.93010856021,0.487774765013,18.4319503356,3.42755837202,0.269006116417,0.986435447659,3.09033476242,1.0,615.16654405,1.09028199159
887,1.1148600455,1.08096944414,50.2728213967,1.9304674167,0.488005228196,18.4487077744,3.42854758064,0.269196775736,0.986315131924,3.09005291731,1.0,615.168442937,1.09947075057
888,1.11611693394,1.0814807358,50.2558352205,1.93082609104,0.487153488265,18.4654603238,3.42953613458,0.268728831746,0.986221813273,3.08988682321,1.0,615.163777592,1.10443045962
889,1.11737382238,1.08199282605,50.2388328561,1.93118458287,0.487384159549,18.4822079706,3.43052403579,0.268919644133,0.986100444134,3.0896042128,1.0,615.165681933,1.11389062756
890,1.11863071082,1.08250571567,50.2218143138,1.93154289183,0.487615190908,18.4989507018,3.43151128624,0.269110844838,0.98597842879,3.08932089516,1.0,615.167587435,1.12355161217
891,1.11988759926,1.08301940542,50.2047796042,1.93190101756,0.487846582689,18.5156885043,3.43249788789,0.269302434636,0.985855765819,3.08903686947,1.0,615.169494094,1.13342671915
892,1.1211444877,1.08353389609,50.1877287376,1.9322589597,0.488078335241,18.532421365,3.43348384268,0.269494414306,0.985732453801,3.08875213492,1.0,615.171401908,1.14353079329
893,1.12240137614,1.08404918844,50.1706617246,1.93261671789,0.488310448913,18.5491492708,3.43446915256,0.269686784628,0.985608491313,3.08846669071,1.0,615.173310874,1.15388047994
894,1.12365826458,1.08456528325,50.1535785756,1.93297429177,0.488542924054,18.5658722089,3.43545381947,0.269879546385,0.985483876934,3.08818053601,1.0,615.175220989,1.16449454646
895,1.12491515302,1.0850821813,50.1364793012,1.93333168097,0.488775761012,18.5825901662,3.43643784532,0.270072700361,0.985358609242,3.08789367003,1.0,615.177132249,1.17539428146
896,1.12617204145,1.08559988336,50.1193639118,1.93368888513,0.48900896014,18.5993031297,3.43742123204,0.270266247345,0.985232686816,3.08760609194,1.0,615.179044652,1.18660399619
897,1.12742892989,1.08611839022,50.1022324181,1.93404590389,0.489242521785,18.6160110867,3.43840398154,0.270460188124,0.985106108232,3.08731780091,1.0,615.180958194,1.19815166185
898,1.12868581833,1.08663770264,50.0850848305,1.93440273688,0.4894764463,18.6327140241,3.43938609572,0.270654523491,0.984978872071,3.08702879614,1.0,615.182872873,1.21006973092
899,1.12994270677,1.08715782141,50.0679211597,1.93475938373,0.489710734035,18.6494119291,3.44036757648,0.270849254238,0.984850976908,3.08673907679,1.0,615.184788686,1.2223962118
900,1.13119959521,1.08767874731,50.0507414162,1.93511584409,0.489945385342,18.6661047888,3.44134842572,0.271044381163,0.984722421324,3.08644864203,1.0,615.186705629,1.23517609939
901,1.13245648365,1.08820048112,50.0335456106,1.93547211758,0.490180400572,18.6827925906,3.44232864531,0.271239905062,0.984593203895,3.08615749105,1.0,615.188623699,1.24846331739
902,1.13371337209,1.08872302362,50.0163337535,1.93582820383,0.490415780077,18.6994753215,3.44330823714,0.271435826738,0.984463323199,3.08586562301,1.0,615.190542894,1.26232341534
903,1.13497026053,1.0892463756,49.9991058555,1.93618410249,0.49065152421,18.7161529688,3.44428720306,0.271632146991,0.984332777814,3.08557303708,1.0,615.192463211,1.2768374135
904,1.13622714897,1.08977053783,49.9818619274,1.93653981317,0.489796771931,18.7328255198,3.44526554495,0.271160025764,0.984233159333,3.08540680972,1.0,615.187840426,1.28447980955
905,1.13748403741,1.0902955111,49.9646019797,1.93689533551,0.490032720879,18.7494929618,3.44624326466,0.271356498116,0.984101536583,3.08511346537,1.0,615.189766147,1.30015787444
906,1.13874092585,1.0908212962,49.9473260232,1.93725066914,0.490269034702,18.766155282,3.44722036404,0.271553369915,0.983969246082,3.0848194025,1.0,615.191692983,1.31680317224
907,1.13999781429,1.09134789391,49.9300340684,1.93760581369,0.490505713753,18.7828124679,3.44819684492,0.271750641967,0.98383628641,3.08452462028,1.0,615.193620929,1.3346201187
908,1.14125470272,1.09187530502,49.9127261262,1.93796076878,0.490742758385,18.7994645068,3.44917270915,0.271948315084,0.983702656147,3.08422911785,1.0,615.195549984,1.35389725062
909,1.14251159116,1.09240353031,49.8954022072,1.93831553405,0.490980168952,18.816111386,3.45014795854,0.272146390077,0.983568353872,3.08393289438,1.0,615.197480143,1.37506552261
910,1.1437684796,1.09293257058,49.8780623222,1.93867010912,0.491217945808,18.8327530931,3.45112259493,0.27234486776,0.983433378164,3.08363594902,1.0,615.199411404,1.39882185818
911,1.14502536804,1.0934624266,49.8607064819,1.93902449362,0.491456089308,18.8493896154,3.45209662012,0.272543748951,0.983297727603,3.08333828093,1.0,615.201343764,1.42643836585
912,1.14628225648,1.09399309918,49.8433346971,1.93937868717,0.491694599806,18.8660209405,3.45307003592,0.272743034468,0.983161400769,3.08303988925,1.0,615.20327722,1.46078470016
913,1.14753914492,1.0945245891,49.8259469786,1.9397326894,0.491933477659,18.8826470557,3.45404284413,0.272942725134,0.983024396241,3.08274077314,1.0,615.205211768,1.51278572118
914,1.14879603336,1.09505689716,49.8085433372,1.94008649993,0.49217272322,18.8992679488,3.45501504655,0.27314282177,0.982886712599,3.08244093174,0.0,0.0,0.0
915,1.1500529218,1.09559002414,49.7911237836,1.94044011839,0.492412336847,18.915883607,3.45598664496,0.273343325205,0.982748348422,3.08214036419,0.0,0.0,0.0
916,1.15130981024,1.09612397083,49.7736883287,1.94079354439,0.492652318896,18.9324940182,3.45695764115,0.273544236265,0.982609302291,3.08183906963,0.0,0.0,0.0
917,1.15256669868,1.09665873804,49.7562369834,1.94114677756,0.492892669723,18.9490991698,3.45792803688,0.273745555782,0.982469572785,3.08153704721,0.0,0.0,0.0
918,1.15382358712,1.09719432655,49.7387697585,1.94149981753,0.493133389685,18.9656990494,3.45889783392,0.273947284588,0.982329158484,3.08123429605,0.0,0.0,0.0
919,1.15508047555,1.09773073716,49.7212866648,1.9418526639,0.492275649579,18.9822936447,3.45986703404,0.273471042048,0.982223640915,3.0810682804,0.0,0.0,0.0
920,1.15633736399,1.09826797067,49.7037877134,1.94220531631,0.492516571112,18.9988829434,3.46083563899,0.273672921904,0.982082127466,3.0807647776,0.0,0.0,0.0
921,1.15759425243,1.09880602787,49.6862729149,1.94255777437,0.49275786203,19.0154669331,3.46180365051,0.27387521195,0.981939926192,3.08046054541,0.0,0.0,0.0
922,1.15885114087,1.09934490956,49.6687422805,1.94291003769,0.492999522688,19.0320456017,3.46277107034,0.274077913025,0.981797035675,3.08015558296,0.0,0.0,0.0
923,1.16010802931,1.09988461654,49.651195821,1.9432621059,0.493241553446,19.0486189367,3.46373790023,0.274281025969,0.981653454495,3.07984988937,0.0,0.0,0.0
924,1.16136491775,1.10042514961,49.6336335474,1.94361397862,0.493483954661,19.065186926,3.4647041419,0.274484551625,0.981509181236,3.07954346376,0.0,0.0,0.0
925,1.16262180619,1.10096650956,49.6160554706,1.94396565546,0.493726726692,19.0817495573,3.46566979706,0.274688490839,0.981364214479,3.07923630527,0.0,0.0,0.0
926,1.16387869463,1.1015086972,49.5984616017,1.94431713603,0.493969869897,19.0983068185,3.46663486744,0.274892844458,0.981218552805,3.07892841302,0.0,0.0,0.0
927,1.16513558307,1.10205171333,49.5808519515,1.94466841995,0.494213384637,19.1148586974,3.46759935475,0.275097613332,0.981072194798,3.07861978611,0.0,0.0,0.0
928,1.16639247151,1.10259555875,49.5632265312,1.94501950683,0.494457271271,19.1314051818,3.46856326069,0.275302798314,0.98092513904,3.07831042367,0.0,0.0,0.0
929,1.16764935995,1.10314023426,49.5455853518,1.94537039629,0.494701530159,19.1479462597,3.46952658694,0.275508400258,0.980777384112,3.07800032481,0.0,0.0,0.0
930,1.16890624839,1.10368574067,49.5279284243,1.94572108794,0.494946161661,19.1644819188,3.47048933521,0.275714420022,0.980628928597,3.07768948863,0.0,0.0,0.0
931,1.17016313682,1.10423207877,49.5102557597,1.94607158139,0.495191166137,19.1810121473,3.47145150718,0.275920858466,0.980479771079,3.07737791425,0.0,0.0,0.0
932,1.17142002526,1.10477924938,49.4925673692,1.94642187625,0.495436543948,19.1975369329,3.47241310453,0.276127716451,0.980329910139,3.07706560077,0.0,0.0,0.0
933,1.1726769137,1.10532725331,49.4748632638,1.94677197213,0.495682295457,19.2140562637,3.47337412892,0.276334994842,0.980179344361,3.07675254729,0.0,0.0,0.0
934,1.17393380214,1.10587609135,49.4571434546,1.94712186865,0.495928421024,19.2305701277,3.47433458202,0.276542694506,0.980028072328,3.07643875291,0.0,0.0,0.0
935,1.17519069058,1.10642576431,49.4394079529,1.94747156541,0.49506738772,19.2470785129,3.4752944655,0.276061873777,0.979916241036,3.07627324021,0.0,0.0,0.0
936,1.17644757902,1.106976273,49.4216567696,1.94782106201,0.495313711431,19.2635814073,3.476253781,0.276269723479,0.979763847021,3.07595870124,0.0,0.0,0.0
937,1.17770446746,1.10752761824,49.403889916,1.94817035807,0.495560409449,19.2800787989,3.47721253017,0.276477995391,0.979610743756,3.07564342066,0.0,0.0,0.0
938,1.1789613559,1.10807980082,49.3861074032,1.94851945319,0.495807482137,19.296570676,3.47817071466,0.276686690386,0.979456929828,3.07532739757,0.0,0.0,0.0
939,1.18021824434,1.10863282157,49.3683092424,1.94886834698,0.496054929857,19.3130570265,3.47912833609,0.276895809338,0.97930240382,3.07501063107,0.0,0.0,0.0
940,1.18147513278,1.10918668128,49.3504954448,1.94921703905,0.496302752972,19.3295378386,3.48008539611,0.277105353125,0.97914716432,3.07469312024,0.0,0.0,0.0
941,1.18273202122,1.10974138078,49.3326660217,1.94956552899,0.496550951846,19.3460131005,3.48104189632,0.277315322627,0.978991209912,3.07437486416,0.0,0.0,0.0
942,1.18398890965,1.11029692087,49.3148209842,1.94991381641,0.496799526841,19.3624828004,3.48199783835,0.277525718725,0.978834539182,3.07405586191,0.0,0.0,0.0
943,1.18524579809,1.11085330236,49.2969603436,1.95026190091,0.497048478322,19.3789469263,3.48295322381,0.277736542305,0.978677150717,3.07373611258,0.0,0.0,0.0
944,1.18650268653,1.11141052608,49.2790841113,1.9506097821,0.497297806652,19.3954054666,3.4839080543,0.277947794254,0.978519043103,3.07341561525,0.0,0.0,0.0
945,1.18775957497,1.11196859283,49.2611922983,1.95095745957,0.497547512196,19.4118584095,3.48486233143,0.278159475462,0.978360214927,3.07309436898,0.0,0.0,0.0
946,1.18901646341,1.11252750343,49.2432849162,1.95130493293,0.497797595318,19.4283057432,3.48581605679,0.27837158682,0.978200664775,3.07277237284,0.0,0.0,0.0
947,1.19027335185,1.1130872587,49.2253619761,1.95165220178,0.498048056383,19.4447474561,3.48676923196,0.278584129224,0.978040391234,3.07244962592,0.0,0.0,0.0
948,1.19153024029,1.11364785945,49.2074234894,1.95199926571,0.498298895757,19.4611835364,3.48772185853,0.278797103571,0.977879392891,3.07212612726,0.0,0.0,0.0
949,1.19278712873,1.1142093065,49.1894694675,1.95234612433,0.497434789182,19.4776139725,3.48867393807,0.278312055016,0.977762083338,3.07196142884,0.0,0.0,0.0
950,1.19404401717,1.11477160066,49.1714999217,1.95269277722,0.497685823413,19.4940387527,3.48962547217,0.278525178213,0.977599943881,3.07163719229,0.0,0.0,0.0
951,1.19530090561,1.11533474277,49.1535148634,1.95303922399,0.497937236203,19.5104578654,3.49057646237,0.278738734322,0.977437076663,3.07131220327,0.0,0.0,0.0
952,1.19655779405,1.11589873362,49.1355143039,1.95338546424,0.498189027916,19.5268712989,3.49152691024,0.278952724244,0.977273480273,3.07098646084,0.0,0.0,0.0
953,1.19781468248,1.11646357405,49.1174982548,1.95373149755,0.498441198919,19.5432790418,3.49247681734,0.279167148886,0.977109153302,3.07065996405,0.0,0.0,0.0
954,1.19907157092,1.11702926487,49.0994667273,1.95407732352,0.498693749577,19.5596810823,3.4934261852,0.279382009156,0.97694409434,3.07033271196,0.0,0.0,0.0
955,1.20032845936,1.11759580692,49.0814197331,1.95442294174,0.498946680258,19.576077409,3.49437501539,0.279597305964,0.976778301976,3.07000470361,0.0,0.0,0.0
956,1.2015853478,1.11816320099,49.0633572834,1.95476835182,0.499199991329,19.5924680104,3.49532330942,0.279813040223,0.976611774803,3.06967593806,0.0,0.0,0.0
957,1.20284223624,1.11873144794,49.0452793898,1.95511355333,0.499453683156,19.6088528749,3.49627106884,0.280029212849,0.97644451141,3.06934641434,0.0,0.0,0.0
958,1.20409912468,1.11930054856,49.0271860639,1.95545854587,0.499707756107,19.6252319911,3.49721829516,0.280245824761,0.976276510388,3.0690161315,0.0,0.0,0.0
959,1.20535601312,1.11987050369,49.009077317,1.95580332903,0.499962210551,19.6416053475,3.49816498992,0.280462876878,0.976107770331,3.06868508858,0.0,0.0,0.0
960,1.20661290156,1.12044131416,48.9909531607,1.9561479024,0.500217046855,19.6579729326,3.49911115462,0.280680370125,0.975938289829,3.0683532846,0.0,0.0,0.0
961,1.20786979,1.12101298078,48.9728136066,1.95649226556,0.500472265388,19.6743347351,3.50005679077,0.280898305427,0.975768067474,3.06802071861,0.0,0.0,0.0
962,1.20912667844,1.12158550439,48.9546586662,1.95683641811,0.500727866519,19.6906907435,3.50100189988,0.281116683714,0.97559710186,3.06768738963,0.0,0.0,0.0
963,1.21038356688,1.12215888581,48.936488351,1.95718035964,0.500983850616,19.7070409464,3.50194648345,0.281335505917,0.975425391578,3.06735329668,0.0,0.0,0.0
964,1.21164045532,1.12273312587,48.9183026728,1.95752408972,0.500116361074,19.7233853326,3.50289054296,0.280845758935,0.975302204454,3.0671897209,0.0,0.0,0.0
965,1.21289734375,1.12330822539,48.900101643,1.95786760795,0.500372536537,19.7397238906,3.50383407992,0.281064728816,0.975129332907,3.06685489701,0.0,0.0,0.0
966,1.21415423219,1.12388418521,48.8818852733,1.9582109139,0.500629095216,19.7560566092,3.50477709579,0.281284143616,0.974955713772,3.06651930837,0.0,0.0,0.0
967,1.21541112063,1.12446100616,48.8636535753,1.95855400716,0.500886037478,19.772383477,3.50571959207,0.281504004272,0.974781345645,3.066182954,0.0,0.0,0.0
968,1.21666800907,1.12503868906,48.8454065607,1.95889688732,0.501143363694,19.7887044827,3.50666157021,0.281724311724,0.974606227122,3.06584583291,0.0,0.0,0.0
969,1.21792489751,1.12561723474,48.8271442412,1.95923955396,0.501401074233,19.8050196152,3.50760303168,0.281945066914,0.9744303568,3.06550794412,0.0,0.0,0.0
970,1.21918178595,1.12619664404,48.8088666284,1.95958200665,0.501659169466,19.8213288631,3.50854397796,0.282166270787,0.974253733274,3.06516928663,0.0,0.0,0.0
971,1.22043867439,1.12677691778,48.7905737341,1.95992424498,0.501917649763,19.8376322152,3.50948441049,0.282387924291,0.974076355141,3.06482985944,0.0,0.0,0.0
972,1.22169556283,1.12735805681,48.7722655699,1.96026626853,0.502176515496,19.8539296604,3.51042433072,0.282610028377,0.973898221,3.06448966157,0.0,0.0,0.0
973,1.22295245127,1.12794006195,48.7539421477,1.96060807687,0.502435767035,19.8702211875,3.51136374011,0.282832583997,0.973719329448,3.06414869201,0.0,0.0,0.0
974,1.22420933971,1.12852293404,48.7356034791,1.96094966959,0.502695404752,19.8865067853,3.51230264009,0.283055592108,0.973539679082,3.06380694975,0.0,0.0,0.0
975,1.22546622815,1.12910667391,48.7172495759,1.96129104626,0.502955429018,19.9027864426,3.51324103209,0.283279053667,0.973359268502,3.0634644338,0.0,0.0,0.0
976,1.22672311658,1.12969128239,48.69888045,1.96163220645,0.503215840205,19.9190601483,3.51417891755,0.283502969638,0.973178096307,3.06312114313,0.0,0.0,0.0
977,1.22798000502,1.13027676033,48.680496113,1.96197314975,0.503476638686,19.9353278914,3.5151162979,0.283727340982,0.972996161096,3.06277707674,0.0,0.0,0.0
978,1.22923689346,1.13086310856,48.6620965769,1.96231387573,0.502605829736,19.9515896608,3.51605317455,0.283232998775,0.97286753385,3.06261489244,0.0,0.0,0.0
979,1.2304937819,1.13145032791,48.6436818535,1.96265438395,0.502866816115,19.9678454453,3.51698954892,0.283457516493,0.972684419282,3.0622701019,0.0,0.0,0.0
980,1.23175067034,1.13203841922,48.6252519546,1.962994674,0.503128190033,19.984095234,3.51792542241,0.28368249062,0.972500538816,3.06192453481,0.0,0.0,0.0
981,1.23300755878,1.13262738334,48.606806892,1.96333474544,0.503389951862,20.0003390158,3.51886079645,0.283907922127,0.972315891055,3.06157819013,0.0,0.0,0.0
982,1.23426444722,1.1332172211,48.5883466778,1.96367459785,0.503652101976,20.0165767798,3.51979567241,0.284133811986,0.972130474602,3.06123106685,0.0,0.0,0.0
983,1.23552133566,1.13380793333,48.5698713238,1.9640142308,0.503914640747,20.0328085148,3.52073005171,0.284360161173,0.97194428806,3.06088316394,0.0,0.0,0.0
984,1.2367782241,1.13439952088,48.5513808418,1.96435364385,0.504177568548,20.0490342101,3.52166393573,0.284586970665,0.971757330033,3.06053448036,0.0,0.0,0.0
985,1.23803511254,1.1349919846,48.5328752439,1.96469283658,0.504440885754,20.0652538545,3.52259732586,0.284814241444,0.971569599125,3.06018501508,0.0,0.0,0.0
986,1.23929200098,1.13558532531,48.514354542,1.96503180855,0.504704592738,20.0814674372,3.52353022347,0.285041974494,0.97138109394,3.05983476706,0.0,0.0,0.0
987,1.24054888942,1.13617954387,48.495818748,1.96537055933,0.504968689874,20.0976749473,3.52446262994,0.285270170801,0.971191813084,3.05948373526,0.0,0.0,0.0
988,1.24180577785,1.13677464111,48.477267874,1.96570908849,0.505233177536,20.1138763738,3.52539454665,0.285498831354,0.971001755163,3.05913191864,0.0,0.0,0.0
989,1.24306266629,1.13737061787,48.458701932,1.96604739558,0.505498056099,20.130071706,3.52632597496,0.285727957146,0.970810918783,3.05877931613,0.0,0.0,0.0
990,1.24431955473,1.13796747501,48.4401209339,1.96638548018,0.505763325938,20.1462609329,3.52725691623,0.285957549172,0.970619302549,3.0584259267,0.0,0.0,0.0
991,1.24557644317,1.13856521336,48.4215248919,1.96672334185,0.506028987428,20.1624440437,3.52818737182,0.28618760843,0.970426905071,3.05807174929,0.0,0.0,0.0
992,1.24683333161,1.13916383378,48.4029138179,1.96706098015,0.505154736813,20.1786210276,3.52911734308,0.285688483817,0.970292866625,3.05791124802,0.0,0.0,0.0
993,1.24809022005,1.13976333709,48.384287724,1.96739839464,0.505420582628,20.1947918738,3.53004683136,0.285918688066,0.970099272225,3.0575563533,0.0,0.0,0.0
994,1.24934710849,1.14036372416,48.3656466224,1.96773558488,0.505686820336,20.2109565715,3.53097583799,0.286149360615,0.969904893741,3.0572006697,0.0,0.0,0.0
995,1.25060399693,1.14096499582,48.3469905252,1.96807255044,0.505953450312,20.2271151099,3.53190436432,0.286380502468,0.969709729782,3.05684419618,0.0,0.0,0.0
996,1.25186088537,1.14156715292,48.3283194443,1.96840929086,0.506220472932,20.2432674783,3.53283241168,0.28661211463,0.96951377896,3.05648693166,0.0,0.0,0.0
997,1.25311777381,1.14217019632,48.3096333921,1.96874580572,0.506487888572,20.2594136659,3.5337599814,0.286844198113,0.969317039885,3.05612887506,0.0,0.0,0.0
998,1.25437466225,1.14277412685,48.2909323807,1.96908209456,0.506755697607,20.2755536622,3.5346870748,0.287076753928,0.969119511171,3.05577002532,0.0,0.0,0.0
999,1.25563155068,1.14337894537,48.2722164221,1.96941815695,0.507023900414,20.2916874562,3.5356136932,0.28730978309,0.968921191429,3.05541038135,0.0,0.0,0.0
1000,1.25688843912,1.14398465273,48.2534855287,1.96975399244,0.50729249737,20.3078150375,3.53653983792,0.287543286618,0.968722079273,3.05504994208,0.0,0.0,0.0
1001,1.25814532756,1.14459124977,48.2347397127,1.97008960058,0.507561488851,20.3239363953,3.53746551026,0.287777265534,0.968522173317,3.05468870641,0.0,0.0,0.0
1002,1.259402216,1.14519873735,48.2159789862,1.97042498092,0.507830875234,20.3400515189,3.53839071153,0.28801172086,0.968321472175,3.05432667326,0.0,0.0,0.0
1003,1.26065910444,1.14580711631,48.1972033615,1.97076013303,0.508100656896,20.3561603978,3.53931544303,0.288246653625,0.968119974463,3.05396384153,0.0,0.0,0.0
1004,1.26191599288,1.14641638751,48.1784128508,1.97109505644,0.508370834215,20.3722630214,3.54023970606,0.288482064858,0.967917678796,3.05360021013,0.0,0.0,0.0
1005,1.26317288132,1.1470265518,48.1596074665,1.97142975072,0.507493232848,20.3883593791,3.54116350191,0.287978299965,0.967778677622,3.05344160162,0.0,0.0,0.0
1006,1.26442976976,1.14763761003,48.1407872208,1.97176421541,0.507763590943,20.4044494602,3.54208683186,0.288213854656,0.967575169429,3.0530772596,0.0,0.0,0.0
1007,1.2656866582,1.14824956305,48.1219521261,1.97209845007,0.508034344934,20.4205332543,3.54277985654,0.288449888912,0.967406784077,3.0527549945,0.0,0.0,0.0
1008,1.26694354664,1.14886241172,48.1031021947,1.97243245423,0.508305495196,20.4366107509,3.54252546285,0.288686403771,0.967386172196,3.05260907567,0.0,0.0,0.0
1009,1.26820043508,1.14947615689,48.0842374388,1.97276622745,0.508577042108,20.4526819393,3.54227106934,0.288923400271,0.96736563694,3.05246308917,0.0,0.0,0.0
1010,1.26945732351,1.15009079941,48.065357871,1.97309976927,0.508848986048,20.4687468091,3.54201667383,0.289160879454,0.967345178807,3.05231703572,0.0,0.0,0.0
1011,1.27071421195,1.15070634015,48.0464635036,1.97343307925,0.509121327394,20.4848053498,3.54176227414,0.289398842366,0.967324798292,3.05217091606,0.0,0.0,0.0
1012,1.27197110039,1.15132277995,48.0275543489,1.97376615691,0.509394066524,20.500857551,3.5415078681,0.289637290054,0.967304495889,3.05202473091,0.0,0.0,0.0
1013,1.27322798883,1.15194011967,48.0086304194,1.97409900181,0.509667203817,20.5169034022,3.54125345355,0.28987622357,0.967284272098,3.05187848103,0.0,0.0,0.0
1014,1.27448487727,1.15255836016,47.9896917275,1.9744316135,0.509940739652,20.5329428929,3.54099902831,0.290115643967,0.967264127416,3.05173216717,0.0,0.0,0.0
1015,1.27574176571,1.15317750229,47.9707382857,1.9747639915,0.510214674408,20.5489760128,3.54074459023,0.290355552303,0.967244062344,3.05158579006,0.0,0.0,0.0
1016,1.27699865415,1.15379754691,47.9517701064,1.97509613537,0.510489008464,20.5650027514,3.54049013713,0.290595949638,0.967224077382,3.05143935047,0.0,0.0,0.0
1017,1.27825554259,1.15441849488,47.9327872022,1.97542804464,0.510763742199,20.5810230984,3.54023566686,0.290836837034,0.967204173033,3.05129284915,0.0,0.0,0.0
1018,1.27951243103,1.15504034705,47.9137895855,1.97575971885,0.511038875993,20.5970370435,3.53998117727,0.291078215558,0.967184349799,3.05114628688,0.0,0.0,0.0
1019,1.28076931947,1.15566310429,47.8947772689,1.97609115754,0.510157590309,20.6130445761,3.5397266662,0.290569287588,0.967229640369,3.05121128043,0.0,0.0,0.0
1020,1.28202620791,1.15628676745,47.8757502648,1.97642236024,0.510432901074,20.6290456862,3.5394721315,0.290810808,0.967209995383,3.05106494456,0.0,0.0,0.0
1021,1.28328309635,1.1569113374,47.856708586,1.9767533265,0.510708612131,20.6450403632,3.53921757101,0.291052820671,0.967190432783,3.05091855018,0.0,0.0,0.0
1022,1.28453998478,1.15753681498,47.8376522448,1.97708405585,0.510984723859,20.6610285969,3.53896298259,0.291295326674,0.967170953075,3.05077209809,0.0,0.0,0.0
1023,1.28579687322,1.15816320108,47.818581254,1.97741454782,0.511261236638,20.6770103771,3.5387083641,0.291538327085,0.967151556767,3.05062558907,0.0,0.0,0.0
1024,1.28705376166,1.15879049653,47.7994956261,1.97774480194,0.511538150849,20.6929856934,3.53845371339,0.291781822981,0.967132244369,3.05047902391,0.0,0.0,0.0
1025,1.2883106501,1.15941870221,47.7803953738,1.97807481775,0.51181546687,20.7089545357,3.53819902832,0.292025815445,0.96711301639,3.05033240342,0.0,0.0,0.0
1026,1.28956753854,1.16004781898,47.7612805097,1.97840459478,0.512093185084,20.7249168936,3.53794430676,0.292270305562,0.967093873343,3.05018572838,0.0,0.0,0.0
1027,1.29082442698,1.1606778477,47.7421510465,1.97873413257,0.512371305869,20.740872757,3.53768954656,0.292515294419,0.96707481574,3.05003899962,0.0,0.0,0.0
1028,1.29208131542,1.16130878923,47.7230069968,1.97906343063,0.512649829608,20.7568221157,3.53743474559,0.292760783108,0.967055844094,3.04989221795,0.0,0.0,0.0
1029,1.29333820386,1.16194064444,47.7038483734,1.97939248849,0.512928756681,20.7727649595,3.53717990172,0.293006772722,0.967036958921,3.04974538418,0.0,0.0,0.0
1030,1.2945950923,1.16257341418,47.6846751889,1.9797213057,0.51320808747,20.7887012781,3.53692501283,0.293253264359,0.967018160736,3.04959849914,0.0,0.0,0.0
1031,1.29585198074,1.16320709933,47.6654874562,1.98004988176,0.513487822355,20.8046310616,3.53667007678,0.293500259121,0.966999450057,3.04945156366,0.0,0.0,0.0
1032,1.29710886918,1.16384170075,47.646285188,1.98037821621,0.512602955017,20.8205542996,3.53641509144,0.292986324214,0.967046073676,3.04952067281,0.0,0.0,0.0
1033,1.29836575761,1.16447721929,47.627068397,1.98070630858,0.512882863085,20.8364709822,3.5361600547,0.293233459119,0.967027550913,3.0493739864,0.0,0.0,0.0
1034,1.29962264605,1.16511365583,47.607837096,1.98103415838,0.513163175476,20.8523810992,3.53590496443,0.29348109831,0.967009116953,3.04922725217,0.0,0.0,0.0
1035,1.30087953449,1.16575101124,47.5885912978,1.98136176514,0.513443892571,20.8682846405,3.53564981851,0.293729242893,0.966990772317,3.04908047097,0.0,0.0,0.0
1036,1.30213642293,1.16638928637,47.5693310154,1.98168912838,0.513725014752,20.884181596,3.53539461483,0.293977893979,0.966972517526,3.04893364364,0.0,0.0,0.0
1037,1.30339331137,1.1670284821,47.5500562614,1.98201624762,0.514006542399,20.9000719557,3.53513935127,0.294227052681,0.966954353103,3.04878677105,0.0,0.0,0.0
1038,1.30465019981,1.16766859929,47.5307670488,1.98234312238,0.514288475895,20.9159557096,3.53488402571,0.294476720116,0.966936279572,3.04863985406,0.0,0.0,0.0
1039,1.30590708825,1.1683096388,47.5114633905,1.98266975218,0.514570815622,20.9318328476,3.53462863604,0.294726897402,0.966918297458,3.04849289354,0.0,0.0,0.0
1040,1.30716397669,1.16895160151,47.4921452993,1.98299613653,0.514853561961,20.9477033596,3.53437318016,0.294977585664,0.966900407287,3.04834589036,0.0,0.0,0.0
1041,1.30842086513,1.16959448829,47.4728127882,1.98332227497,0.515136715295,20.9635672358,3.53411765596,0.295228786028,0.966882609586,3.04819884541,0.0,0.0,0.0
1042,1.30967775357,1.17023829999,47.45346587,1.98364816699,0.515420276006,20.9794244662,3.53386206133,0.295480499622,0.966864904884,3.04805175956,0.0,0.0,0.0
1043,1.31093464201,1.1708830375,47.4341045579,1.98397381211,0.515704244477,20.9952750407,3.53360639416,0.29573272758,0.966847293709,3.04790463371,0.0,0.0,0.0
1044,1.31219153045,1.17152870167,47.4147288647,1.98429920986,0.514815919693,21.0111189494,3.53335065236,0.295213976858,0.966895188523,3.04797770871,0.0,0.0,0.0
1045,1.31344841888,1.17217529338,47.3953388033,1.98462435973,0.515100057593,21.0269561824,3.53309483381,0.29546634304,0.966877774296,3.04783085401,0.0,0.0,0.0
1046,1.31470530732,1.1728228135,47.375934387,1.98494926125,0.515384603471,21.0427867297,3.53283893644,0.295719224775,0.966860454917,3.04768396208,0.0,0.0,0.0
1047,1.31596219576,1.1734712629,47.3565156286,1.98527391392,0.51566955771,21.0586105816,3.53258295813,0.295972623202,0.966843230921,3.04753703383,0.0,0.0,0.0
1048,1.3172190842,1.17412064244,47.3370825411,1.98559831726,0.515954920693,21.074427728,3.53232689679,0.296226539464,0.96682610284,3.04739007018,0.0,0.0,0.0
1049,1.31847597264,1.174770953,47.3176351378,1.98592247077,0.516240692802,21.0902381591,3.53207075033,0.296480974707,0.966809071209,3.04724307206,0.0,0.0,0.0
1050,1.31973286108,1.17542219546,47.2981734316,1.98624637396,0.51652687442,21.1060418651,3.53181451666,0.29673593008,0.966792136564,3.04709604038,0.0,0.0,0.0
1051,1.32098974952,1.17607437067,47.2786974357,1.98657002633,0.516813465929,21.121838836,3.53155819368,0.296991406735,0.966775299442,3.04694897609,0.0,0.0,0.0
1052,1.32224663796,1.17672747951,47.2592071631,1.9868934274,0.517100467713,21.1376290622,3.53130177931,0.297247405829,0.966758560381,3.04680188011,0.0,0.0,0.0
1053,1.3235035264,1.17738152286,47.239702627,1.98721657666,0.517387880155,21.1534125337,3.53104527146,0.29750392852,0.966741919919,3.04665475339,0.0,0.0,0.0
1054,1.32476041484,1.17803650158,47.2201838406,1.98753947363,0.517675703638,21.1691892408,3.53078866805,0.29776097597,0.966725378597,3.04650759688,0.0,0.0,0.0
1055,1.32601730328,1.17869241655,47.2006508171,1.98786211779,0.517963938546,21.1849591736,3.53053196698,0.298018549346,0.966708936956,3.04636041154,0.0,0.0,0.0
1056,1.32727419171,1.17934926865,47.1811035696,1.98818450867,0.518252585261,21.2007223225,3.53027516619,0.298276649817,0.966692595538,3.04621319832,0.0,0.0,0.0
1057,1.32853108015,1.18000705873,47.1615421113,1.98850664574,0.517360455928,21.2164786777,3.53001826359,0.29775252805,0.96674190194,3.04629070264,0.0,0.0,0.0
1058,1.32978796859,1.18066578769,47.1419664555,1.98882852853,0.517649268022,21.2322282293,3.52976125709,0.298010764747,0.966725767416,3.04614378575,0.0,0.0,0.0
1059,1.33104485703,1.18132545638,47.1223766154,1.98915015651,0.517938492135,21.2479709678,3.52950414463,0.298269529759,0.966709734461,3.04599684394,0.0,0.0,0.0
1060,1.33230174547,1.18198606569,47.1027726044,1.9894715292,0.518228128649,21.2637068833,3.52924692412,0.298528824262,0.96669380362,3.04584987819,0.0,0.0,0.0
1061,1.33355863391,1.18264761649,47.0831544356,1.98979264608,0.518518177949,21.2794359663,3.5289895935,0.298788649436,0.966677975438,3.04570288949,0.0,0.0,0.0
1062,1.33481552235,1.18331010966,47.0635221224,1.99011350666,0.518808640417,21.2951582069,3.52873215068,0.299049006463,0.966662250464,3.04555587884,0.0,0.0,0.0
1063,1.33607241079,1.18397354606,47.0438756782,1.99043411042,0.519099516437,21.3108735956,3.5284745936,0.299309896529,0.966646629245,3.04540884722,0.0,0.0,0.0
1064,1.33732929923,1.18463792657,47.0242151162,1.99075445686,0.519390806393,21.3265821227,3.52821692019,0.299571320825,0.96663111233,3.04526179565,0.0,0.0,0.0
1065,1.33858618767,1.18530325208,47.0045404499,1.99107454548,0.519682510668,21.3422837786,3.52795912837,0.299833280542,0.96661570027,3.04511472513,0.0,0.0,0.0
1066,1.33984307611,1.18596952345,46.9848516925,1.99139437575,0.519974629647,21.3579785536,3.52770121608,0.300095776878,0.966600393615,3.04496763669,0.0,0.0,0.0
1067,1.34109996455,1.18663674155,46.9651488576,1.99171394718,0.520267163712,21.3736664381,3.52744318126,0.300358811032,0.966585192918,3.04482053133,0.0,0.0,0.0
1068,1.34235685298,1.18730490728,46.9454319585,1.99203325925,0.520560113248,21.3893474225,3.52718502183,0.300622384207,0.966570098732,3.0446734101,0.0,0.0,0.0
1069,1.34361374142,1.18797402149,46.9257010087,1.99235231145,0.519664315462,21.4050214973,3.52692673575,0.300093098535,0.966620747996,3.04475517962,0.0,0.0,0.0
1070,1.34487062986,1.18864408508,46.9059560216,1.99267110327,0.519957426359,21.4206886529,3.52666832093,0.300356805746,0.96660586996,3.04460837919,0.0,0.0,0.0
1071,1.3461275183,1.18931509891,46.8861970107,1.99298963419,0.520250952928,21.4363488797,3.52640977532,0.300621053227,0.9665910998,3.044461566,0.0,0.0,0.0
1072,1.34738440674,1.18998706385,46.8664239895,1.99330790369,0.520544895554,21.4520021683,3.52615109687,0.300885842188,0.966576438074,3.04431474112,0.0,0.0,0.0
1073,1.34864129518,1.1906599808,46.8466369716,1.99362591127,0.520839254619,21.4676485089,3.52589228351,0.301151173843,0.966561885337,3.0441679056,0.0,0.0,0.0
1074,1.34989818362,1.19133385063,46.8268359704,1.9939436564,0.521134030509,21.4832878923,3.52563333319,0.301417049409,0.966547442148,3.04402106049,0.0,0.0,0.0
1075,1.35115507206,1.1920086742,46.8070209995,1.99426113856,0.521429223605,21.4989203088,3.52537424384,0.301683470107,0.966533109065,3.04387420686,0.0,0.0,0.0
1076,1.3524119605,1.19268445241,46.7871920725,1.99457835724,0.521724834293,21.514545749,3.52511501343,0.301950437161,0.966518886648,3.0437273458,0.0,0.0,0.0
1077,1.35366884894,1.19336118613,46.767349203,1.99489531191,0.522020862955,21.5301642034,3.52485563988,0.302217951799,0.966504775458,3.04358047837,0.0,0.0,0.0
1078,1.35492573738,1.19403887623,46.7474924046,1.99521200205,0.522317309977,21.5457756625,3.52459612115,0.302486015253,0.966490776056,3.04343360567,0.0,0.0,0.0
1079,1.35618262581,1.1947175236,46.7276216909,1.99552842715,0.522614175743,21.561380117,3.52433645519,0.302754628758,0.966476889005,3.04328672879,0.0,0.0,0.0
1080,1.35743951425,1.19539712911,46.7077370755,1.99584458666,0.522911460636,21.5769775573,3.52407663995,0.303023793552,0.966463114868,3.04313984882,0.0,0.0,0.0
1081,1.35869640269,1.19607769364,46.6878385723,1.99616048008,0.522011890079,21.5925679742,3.52381667337,0.302489168216,0.966515140719,3.04322603427,0.0,0.0,0.0
1082,1.35995329113,1.19675921808,46.6679261947,1.99647610687,0.522309332174,21.6081513581,3.52355655341,0.302758464702,0.96650159207,3.0430795008,0.0,0.0,0.0
1083,1.36121017957,1.19744170329,46.6479999567,1.9967914665,0.522607193587,21.6237276997,3.52329627803,0.303028313754,0.96648815772,3.04293296755,0.0,0.0,0.0
1084,1.36246706801,1.19812515015,46.6280598718,1.99710655845,0.522905474702,21.6392969896,3.52303584517,0.303298716616,0.966474838233,3.04278643566,0.0,0.0,0.0
1085,1.36372395645,1.19880955956,46.6081059538,1.99742138219,0.523204175904,21.6548592185,3.52277525279,0.303569674538,0.966461634178,3.04263990624,0.0,0.0,0.0
1086,1.36498084489,1.19949493238,46.5881382165,1.99773593719,0.523503297576,21.670414377,3.52251449884,0.303841188772,0.966448546123,3.04249338043,0.0,0.0,0.0
1087,1.36623773333,1.2001812695,46.5681566737,1.99805022291,0.523802840101,21.6859624557,3.52225358129,0.304113260576,0.966435574634,3.04234685937,0.0,0.0,0.0
1088,1.36749462177,1.20086857179,46.5481613392,1.99836423882,0.524102803863,21.7015034454,3.52199249809,0.304385891209,0.966422720283,3.0422003442,0.0,0.0,0.0
1089,1.36875151021,1.20155684013,46.5281522268,1.99867798439,0.524403189246,21.7170373368,3.5217312472,0.304659081934,0.96640998364,3.04205383609,0.0,0.0,0.0
1090,1.37000839864,1.20224607541,46.5081293503,1.99899145909,0.524703996635,21.7325641205,3.52146982657,0.304932834021,0.966397365275,3.04190733618,0.0,0.0,0.0
1091,1.37126528708,1.2029362785,46.4880927237,1.99930466237,0.525005226412,21.7480837874,3.52120823418,0.305207148738,0.966384865761,3.04176084565,0.0,0.0,0.0
1092,1.37252217552,1.20362745028,46.4680423609,1.99961759369,0.524102046687,21.763596328,3.52094646797,0.304667436848,0.966438186744,3.04185124184,0.0,0.0,0.0
1093,1.37377906396,1.20431959164,46.4479782756,1.99993025253,0.52440342956,21.7791017332,3.52068452592,0.304941880725,0.966425921295,3.04170512247,0.0,0.0,0.0
1094,1.3750359524,1.20501270345,46.4279004819,2.00024263834,0.524705235002,21.7945999937,3.52042240598,0.305216888532,0.966413776095,3.04155901595,0.0,0.0,0.0
1095,1.37629284084,1.20570678659,46.4078089937,2.00055475057,0.525007463398,21.8100911003,3.52016010612,0.305492461549,0.96640175172,3.04141292348,0.0,0.0,0.0
1096,1.37754972928,1.20640184195,46.387703825,2.00086658869,0.525310115129,21.8255750438,3.5198976243,0.305768601058,0.966389848743,3.04126684625,0.0,0.0,0.0
1097,1.37880661772,1.20709787039,46.3675849897,2.00117815216,0.52561319058,21.841051815,3.51963495849,0.306045308344,0.966378067741,3.04112078547,0.0,0.0,0.0
1098,1.38006350616,1.20779487282,46.3474525018,2.00148944042,0.525916690133,21.8565214047,3.51937210665,0.306322584697,0.966366409291,3.04097474234,0.0,0.0,0.0
1099,1.3813203946,1.20849285009,46.3273063755,2.00180045294,0.526220614172,21.8719838037,3.51910906676,0.306600431409,0.96635487397,3.04082871809,0.0,0.0,0.0
1100,1.38257728304,1.2091918031,46.3071466247,2.00211118916,0.52652496308,21.8874390028,3.51884583677,0.306878849779,0.966343462357,3.04068271393,0.0,0.0,0.0
1101,1.38383417148,1.20989173273,46.2869732635,2.00242164855,0.52682973724,21.902886993,3.51858241466,0.307157841105,0.966332175031,3.0405367311,0.0,0.0,0.0
1102,1.38509105991,1.21059263984,46.2667863059,2.00273183054,0.527134937037,21.918327765,3.5183187984,0.307437406694,0.966321012571,3.04039077082,0.0,0.0,0.0
1103,1.38634794835,1.21129452534,46.2465857662,2.00304173459,0.527440562852,21.9337613098,3.51805498595,0.307717547853,0.966309975559,3.04024483436,0.0,0.0,0.0
1104,1.38760483679,1.21199739009,46.2263716583,2.00335136015,0.526533404476,21.9491876182,3.51779097529,0.307172142534,0.966364736016,3.04033994846,0.0,0.0,0.0
1105,1.38886172523,1.21270123497,46.2061439966,2.00366070666,0.526839178931,21.9646066812,3.51752676438,0.307452410171,0.966353942512,3.04019441131,0.0,0.0,0.0
1106,1.39011861367,1.21340606087,46.1859027951,2.00396977358,0.527145379572,21.9800184896,3.5172623512,0.307733254705,0.966343275869,3.04004890164,0.0,0.0,0.0
1107,1.39137550211,1.21411186867,46.165648068,2.00427856034,0.527452006784,21.9954230345,3.51699773371,0.308014677451,0.966332736667,3.03990342072,0.0,0.0,0.0
1108,1.39263239055,1.21481865925,46.1453798295,2.00458706639,0.527759060947,22.0108203066,3.5167329099,0.30829667973,0.966322325491,3.03975796983,0.0,0.0,0.0
1109,1.39388927899,1.21552643348,46.1250980939,2.00489529117,0.528066542446,22.026210297,3.51646787774,0.308579262865,0.966312042925,3.03961255024,0.0,0.0,0.0
1110,1.39514616743,1.21623519225,46.1048028754,2.00520323413,0.528374451661,22.0415929967,3.51620263519,0.308862428182,0.966301889554,3.03946716325,0.0,0.0,0.0
1111,1.39640305587,1.21694493643,46.0844941882,2.0055108947,0.528682788976,22.0569683966,3.51593718024,0.309146177013,0.966291865963,3.03932181014,0.0,0.0,0.0
1112,1.39765994431,1.21765566692,46.0641720468,2.00581827233,0.528991554772,22.0723364877,3.51567151085,0.309430510692,0.966281972738,3.03917649223,0.0,0.0,0.0
1113,1.39891683274,1.21836738459,46.0438364653,2.00612536645,0.529300749433,22.0876972611,3.51540562501,0.309715430558,0.966272210467,3.03903121083,0.0,0.0,0.0
1114,1.40017372118,1.21908009031,46.0234874581,2.00643217649,0.529610373341,22.1030507076,3.51513952069,0.310000937953,0.966262579737,3.03888596724,0.0,0.0,0.0
1115,1.40143060962,1.21979378497,46.0031250396,2.0067387019,0.528699412085,22.1183968185,3.51487319585,0.309450110837,0.966318691486,3.03898557677,0.0,0.0,0.0
1116,1.40268749806,1.22050846945,45.9827492241,2.0070449421,0.529009180233,22.1337355846,3.51460664849,0.309735741828,0.9663093129,3.03884075949,0.0,0.0,0.0
1117,1.4039443865,1.22122414463,45.962360026,2.00735089654,0.529319377783,22.1490669971,3.51433987658,0.310021961699,0.966300067278,3.03869598389,0.0,0.0,0.0
1118,1.40520127494,1.22194081139,45.9419574598,2.00765656463,0.529630005117,22.164391047,3.5140728781,0.3103087718,0.966290955207,3.03855125131,0.0,0.0,0.0
1119,1.40645816338,1.2226584706,45.9215415399,2.00796194582,0.529941062615,22.1797077254,3.51380565101,0.310596173486,0.966281977278,3.03840656311,0.0,0.0,0.0
1120,1.40771505182,1.22337712316,45.9011122807,2.00826703954,0.530252550659,22.1950170234,3.51353819331,0.310884168114,0.966273134082,3.03826192064,0.0,0.0,0.0
1121,1.40897194026,1.22409676993,45.8806696967,2.0085718452,0.53056446963,22.2103189321,3.51327050296,0.311172757046,0.96626442621,3.03811732527,0.0,0.0,0.0
1122,1.4102288287,1.2248174118,45.8602138024,2.00887636223,0.53087681991,22.2256134425,3.51300257796,0.311461941648,0.966255854253,3.03797277836,0.0,0.0,0.0
1123,1.41148571714,1.22553904965,45.8397446123,2.00918059008,0.531189601879,22.240900546,3.51273441627,0.311751723289,0.966247418805,3.03782828129,0.0,0.0,0.0
1124,1.41274260558,1.22626168435,45.819262141,2.00948452814,0.531502815919,22.2561802334,3.51246601587,0.312042103343,0.966239120457,3.03768383545,0.0,0.0,0.0
1125,1.41399949401,1.22698531678,45.798766403,2.00978817586,0.53181646241,22.2714524961,3.51219737475,0.312333083188,0.966230959805,3.03753944224,0.0,0.0,0.0
1126,1.41525638245,1.22770994783,45.778257413,2.01009153265,0.530901602854,22.2867173252,3.51192849089,0.311776666057,0.966288448607,3.03764368906,0.0,0.0,0.0
1127,1.41651327089,1.22843557837,45.7577351854,2.01039459793,0.531215389034,22.3019747118,3.51165936226,0.312067766425,0.966280548735,3.03749975031,0.0,0.0,0.0
1128,1.41777015933,1.22916220929,45.7371997349,2.01069737112,0.531529607807,22.3172246471,3.51138998685,0.312359467958,0.966272787986,3.03735586824,0.0,0.0,0.0
1129,1.41902704777,1.22988984145,45.7166510763,2.01099985164,0.531844259553,22.3324671224,3.51112036263,0.312651772042,0.966265166955,3.03721204427,0.0,0.0,0.0
1130,1.42028393621,1.23061847574,45.696089224,2.01130203891,0.532159344651,22.3477021289,3.5108504876,0.312944680066,0.966257686238,3.03706827982,0.0,0.0,0.0
1131,1.42154082465,1.23134811304,45.6755141929,2.01160393234,0.532474863482,22.3629296577,3.51058035971,0.313238193422,0.96625034643,3.03692457634,0.0,0.0,0.0
1132,1.42279771309,1.23207875422,45.6549259976,2.01190553135,0.532790816425,22.3781497,3.51030997697,0.313532313509,0.966243148129,3.03678093525,0.0,0.0,0.0
1133,1.42405460153,1.23281040016,45.6343246529,2.01220683535,0.533107203859,22.3933622473,3.51003933735,0.313827041729,0.966236091931,3.03663735802,0.0,0.0,0.0
1134,1.42531148997,1.23354305174,45.6137101735,2.01250784374,0.533424026164,22.4085672906,3.50976843883,0.314122379486,0.966229178434,3.03649384609,0.0,0.0,0.0
1135,1.42656837841,1.23427670983,45.5930825742,2.01280855595,0.533741283719,22.4237648213,3.50949727939,0.31441832819,0.966222408236,3.03635040095,0.0,0.0,0.0
1136,1.42782526684,1.23501137532,45.5724418698,2.01310897138,0.534058976904,22.4389548307,3.50922585701,0.314714889255,0.966215781936,3.03620702404,0.0,0.0,0.0
1137,1.42908215528,1.23574704908,45.551788075,2.01340908944,0.533140122071,22.45413731,3.50895416968,0.314152708578,0.966274672763,3.03631605382,0.0,0.0,0.0
1138,1.43033904372,1.23648373199,45.5311212048,2.01370890954,0.533457950232,22.4693122505,3.50868221538,0.314449386889,0.966268315859,3.03617316075,0.0,0.0,0.0
1139,1.43159593216,1.23722142492,45.510441274,2.01400843108,0.533776214149,22.4844796437,3.50840999208,0.314746678959,0.966262104286,3.03603034018,0.0,0.0,0.0
1140,1.4328528206,1.23796012875,45.4897482975,2.01430765346,0.5340949142,22.4996394807,3.50813749777,0.315044586208,0.966256038641,3.03588759362,0.0,0.0,0.0
1141,1.43410970904,1.23869984436,45.4690422901,2.01460657609,0.534414050762,22.5147917529,3.50786473044,0.315343110062,0.966250119526,3.03574492256,0.0,0.0,0.0
1142,1.43536659748,1.23944057261,45.4483232668,2.01490519836,0.534733624214,22.5299364517,3.50759168805,0.315642251952,0.96624434754,3.03560232853,0.0,0.0,0.0
1143,1.43662348592,1.24018231439,45.4275912425,2.01520351969,0.535053634933,22.5450735684,3.5073183686,0.315942013311,0.966238723286,3.03545981305,0.0,0.0,0.0
1144,1.43788037436,1.24092507058,45.4068462323,2.01550153947,0.535374083296,22.5602030945,3.50704477007,0.316242395576,0.966233247363,3.03531737765,0.0,0.0,0.0
1145,1.4391372628,1.24166884204,45.386088251,2.01579925709,0.535694969681,22.5753250212,3.50677089043,0.316543400191,0.966227920373,3.03517502388,0.0,0.0,0.0
1146,1.44039415124,1.24241362965,45.3653173137,2.01609667195,0.536016294466,22.59043934,3.50649672767,0.316845028602,0.966222742919,3.03503275326,0.0,0.0,0.0
1147,1.44165103967,1.24315943428,45.3445334355,2.01639378345,0.536338058026,22.6055460424,3.50622227977,0.317147282259,0.966217715603,3.03489056738,0.0,0.0,0.0
1148,1.44290792811,1.24390625681,45.3237366314,2.01669059098,0.535415109339,22.6206451196,3.50594754471,0.316579158974,0.966278032536,3.03500452964,0.0,0.0,0.0
1149,1.44416481655,1.24465409811,45.3029269164,2.01698709393,0.535737002993,22.6357365632,3.50567252047,0.31688152638,0.966273283191,3.03486285821,0.0,0.0,0.0
1150,1.44542170499,1.24540295906,45.2821043056,2.0172832917,0.536059335533,22.6508203646,3.50539720503,0.317184520453,0.966268685417,3.03472127596,0.0,0.0,0.0
1151,1.44667859343,1.24615284053,45.2612688143,2.01757918367,0.536382107336,22.6658965152,3.50512159637,0.317488142651,0.966264239817,3.03457978447,0.0,0.0,0.0
1152,1.44793548187,1.24690374339,45.2404204574,2.01787476923,0.536705318775,22.6809650065,3.50484569248,0.317792394436,0.966259946994,3.03443838535,0.0,0.0,0.0
1153,1.44919237031,1.2476556685,45.2195592503,2.01817004777,0.537028970228,22.69602583,3.50456949133,0.318097277277,0.966255807551,3.03429708019,0.0,0.0,0.0
1154,1.45044925875,1.24840861676,45.198685208,2.01846501867,0.537353062068,22.7110789772,3.5042929909,0.318402792643,0.966251822092,3.03415587059,0.0,0.0,0.0
1155,1.45170614719,1.24916258901,45.1777983458,2.01875968132,0.537677594671,22.7261244395,3.50401618917,0.31870894201,0.966247991222,3.03401475818,0.0,0.0,0.0
1156,1.45296303563,1.24991758615,45.1568986789,2.0190540351,0.538002568412,22.7411622085,3.50373908412,0.319015726859,0.966244315544,3.03387374458,0.0,0.0,0.0
1157,1.45421992407,1.25067360903,45.1359862225,2.0193480794,0.538327983666,22.7561922756,3.50346167374,0.319323148674,0.966240795665,3.03373283142,0.0,0.0,0.0
1158,1.45547681251,1.25143065852,45.115060992,2.01964181358,0.537401157472,22.7712146325,3.50318395599,0.318749426339,0.96630243253,3.03385143838,0.0,0.0,0.0
1159,1.45673370094,1.25218873551,45.0941230026,2.01993523704,0.537726698038,22.7862292707,3.50290592886,0.31905695822,0.966299198307,3.03371106857,0.0,0.0,0.0
1160,1.45799058938,1.25294784085,45.0731722697,2.02022834914,0.538052680211,22.8012361816,3.50262759033,0.319365128504,0.966296121312,3.03357080386,0.0,0.0,0.0
1161,1.45924747782,1.25370797541,45.0522088086,2.02052114928,0.538379104364,22.8162353569,3.50234893837,0.319673938685,0.96629320215,3.03343064591,0.0,0.0,0.0
1162,1.46050436626,1.25446914007,45.0312326346,2.02081363681,0.538705970868,22.8312267882,3.50206997096,0.319983390258,0.966290441425,3.03329059638,0.0,0.0,0.0
1163,1.4617612547,1.25523133569,45.0102437631,2.02110581111,0.539033280098,22.846210467,3.50179068608,0.320293484725,0.966287839742,3.03315065696,0.0,0.0,0.0
1164,1.46301814314,1.25599456314,44.9892422096,2.02139767156,0.539361032425,22.861186385,3.5015110817,0.32060422359,0.966285397708,3.03301082934,0.0,0.0,0.0
1165,1.46427503158,1.25675882328,44.9682279895,2.02168921752,0.539689228222,22.8761545336,3.5012311558,0.320915608364,0.966283115927,3.03287111521,0.0,0.0,0.0
1166,1.46553192002,1.25752411698,44.9472011183,2.02198044836,0.540017867861,22.8911149046,3.50095090637,0.32122764056,0.966280995005,3.03273151628,0.0,0.0,0.0
1167,1.46678880846,1.25829044512,44.9261616113,2.02227136346,0.540346951714,22.9060674896,3.50067033136,0.321540321696,0.966279035549,3.03259203426,0.0,0.0,0.0
1168,1.4680456969,1.25905780854,44.9051094842,2.02256196218,0.540676480153,22.9210122803,3.50038942876,0.321853653296,0.966277238165,3.03245267087,0.0,0.0,0.0
1169,1.46930258534,1.25982620813,44.8840447524,2.02285224388,0.53974536626,22.9359492682,3.50010819655,0.321273630198,0.966340344034,3.03257650642,0.0,0.0,0.0
1170,1.47055947377,1.26059564474,44.8629674315,2.02314220793,0.540075014778,22.950878445,3.49982663269,0.321587067893,0.966338840736,3.03243771949,0.0,0.0,0.0
1171,1.47181636221,1.26136611924,44.841877537,2.02343185368,0.540405107956,22.9657998024,3.49954473515,0.321901157511,0.966337500932,3.03229905607,0.0,0.0,0.0
1172,1.47307325065,1.26213763249,44.8207750846,2.02372118051,0.540735646165,22.9807133321,3.49926250192,0.322215900584,0.966336325229,3.03216051791,0.0,0.0,0.0
1173,1.47433013909,1.26291018535,44.7996600899,2.02401018776,0.541066629774,22.9956190258,3.49897993097,0.322531298646,0.966335314232,3.03202210676,0.0,0.0,0.0
1174,1.47558702753,1.26368377869,44.7785325684,2.02429887481,0.541398059153,23.0105168751,3.49869702026,0.322847353238,0.966334468548,3.03188382441,0.0,0.0,0.0
1175,1.47684391597,1.26445841337,44.7573925359,2.02458724099,0.541729934671,23.0254068719,3.49841376777,0.323164065903,0.966333788781,3.03174567262,0.0,0.0,0.0
1176,1.47810080441,1.26523409025,44.7362400081,2.02487528568,0.542062256696,23.0402890078,3.49813017147,0.323481438191,0.966333275538,3.03160765319,0.0,0.0,0.0
1177,1.47935769285,1.26601081018,44.7150750006,2.02516300821,0.542395025599,23.0551632745,3.49784622932,0.323799471654,0.966332929425,3.03146976791,0.0,0.0,0.0
1178,1.48061458129,1.26678857404,44.6938975292,2.02545040795,0.542728241746,23.0700296638,3.49756193931,0.324118167851,0.966332751048,3.03133201859,0.0,0.0,0.0
1179,1.48187146973,1.26756738268,44.6727076096,2.02573748425,0.541793069295,23.0848881675,3.49727729939,0.323532209866,0.966397213517,3.0314607739,0.0,0.0,0.0
1180,1.48312835817,1.26834723696,44.6515052576,2.02602423644,0.542126400403,23.0997387773,3.49699230753,0.323851008002,0.966397336733,3.03132363225,0.0,0.0,0.0
1181,1.48438524661,1.26912813773,44.6302904891,2.0263106639,0.542460178812,23.114581485,3.49670696171,0.324170470348,0.966397629098,3.03118663164,0.0,0.0,0.0
1182,1.48564213504,1.26991008586,44.6090633197,2.02659676595,0.542794404889,23.1294162824,3.49642125989,0.324490598472,0.966398091218,3.0310497739,0.0,0.0,0.0
1183,1.48689902348,1.2706930822,44.5878237655,2.02688254194,0.543129079001,23.1442431613,3.49613520003,0.324811393943,0.966398723698,3.03091306088,0.0,0.0,0.0
1184,1.48815591192,1.27147712761,44.5665718422,2.02716799122,0.543464201513,23.1590621134,3.4958487801,0.325132858336,0.966399527142,3.03077649443,0.0,0.0,0.0
1185,1.48941280036,1.27226222294,44.5453075657,2.02745311313,0.543799772791,23.1738731307,3.49556199807,0.325454993231,0.966400502156,3.03064007642,0.0,0.0,0.0
1186,1.4906696888,1.27304836906,44.524030952,2.02773790701,0.544135793201,23.1886762049,3.4952748519,0.325777800213,0.966401649343,3.03050380872,0.0,0.0,0.0
1187,1.49192657724,1.2738355668,44.502742017,2.02802237219,0.544472263108,23.2034713279,3.49498733955,0.32610128087,0.966402969309,3.03036769321,0.0,0.0,0.0
1188,1.49318346568,1.27462381703,44.4814407767,2.02830650803,0.544809182876,23.2182584915,3.49469945898,0.326425436796,0.966404462658,3.03023173179,0.0,0.0,0.0
1189,1.49444035412,1.2754131206,44.4601272471,2.02859031384,0.543869863067,23.2330376876,3.49441120816,0.325833376615,0.966470297548,3.03036554227,0.0,0.0,0.0
1190,1.49569724256,1.27620347836,44.4388014441,2.02887378898,0.544206892503,23.2478089081,3.49412258505,0.326157630072,0.966472099879,3.03023022088,0.0,0.0,0.0
1191,1.496954131,1.27699489117,44.4174633838,2.02915693276,0.544544371838,23.2625721448,3.4938335876,0.326482560292,0.966474076995,3.03009505887,0.0,0.0,0.0
1192,1.49821101944,1.27778735987,44.3961130823,2.02943974453,0.544882301433,23.2773273897,3.49354421378,0.326808168877,0.966476229497,3.02996005815,0.0,0.0,0.0
1193,1.49946790787,1.27858088531,44.3747505556,2.0297222236,0.545220681653,23.2920746345,3.49325446154,0.327134457432,0.966478557989,3.02982522066,0.0,0.0,0.0
1194,1.50072479631,1.27937546835,44.3533758199,2.03000436932,0.545559512858,23.3068138713,3.49296432885,0.32746142757,0.966481063073,3.02969054835,0.0,0.0,0.0
1195,1.50198168475,1.28017110983,44.3319888912,2.03028618101,0.54589879541,23.321545092,3.49267381365,0.327789080905,0.966483745352,3.02955604316,0.0,0.0,0.0
1196,1.50323857319,1.2809678106,44.3105897858,2.03056765799,0.546238529672,23.3362682884,3.4923829139,0.328117419059,0.966486605428,3.02942170707,0.0,0.0,0.0
1197,1.50449546163,1.2817655715,44.2891785199,2.03084879959,0.546578716004,23.3509834526,3.49209162756,0.328446443656,0.966489643903,3.02928754203,0.0,0.0,0.0
1198,1.50575235007,1.28256439339,44.2677551095,2.03112960513,0.546919354767,23.3656905765,3.49179995259,0.328776156327,0.966492861378,3.02915355003,0.0,0.0,0.0
1199,1.50700923851,1.28336427711,44.246319571,2.03141007393,0.545975797401,23.380389652,3.49150788692,0.328177821668,0.966560083389,3.02929255407,0.0,0.0,0.0
1200,1.50826612695,1.28416522349,44.2248719207,2.03169020531,0.546316540359,23.3950806711,3.49121542852,0.328507627196,0.966563617095,3.02915923564,0.0,0.0,0.0
1201,1.50952301539,1.2849672334,44.2034121747,2.03196999859,0.546657735764,23.4097636258,3.49092257534,0.328838122307,0.966567331184,3.02902609575,0.0,0.0,0.0
1202,1.51077990383,1.28577030766,44.1819403494,2.03224945309,0.546999383973,23.4244385082,3.49062932532,0.32916930864,0.966571226258,3.02889313643,0.0,0.0,0.0
1203,1.51203679227,1.28657444712,44.1604564611,2.03252856812,0.547341485347,23.4391053101,3.49033567642,0.329501187837,0.966575302915,3.02876035969,0.0,0.0,0.0
1204,1.5132936807,1.28737965263,44.1389605262,2.03280734299,0.547684040241,23.4537640236,3.49004162658,0.329833761547,0.966579561754,3.02862776757,0.0,0.0,0.0
1205,1.51455056914,1.28818592502,44.117452561,2.03308577702,0.548027049015,23.4684146407,3.48974717375,0.330167031421,0.966584003373,3.02849536212,0.0,0.0,0.0
1206,1.51580745758,1.28899326512,44.0959325819,2.03336386952,0.548370512024,23.4830571534,3.48945231587,0.330500999118,0.966588628371,3.02836314537,0.0,0.0,0.0
1207,1.51706434602,1.28980167379,44.0744006054,2.03364161979,0.548714429626,23.4976915539,3.48915705089,0.3308356663,0.966593437346,3.02823111941,0.0,0.0,0.0
1208,1.51832123446,1.29061115186,44.0528566479,2.03391902714,0.549058802176,23.5123178341,3.48886137675,0.331171034634,0.966598430894,3.02809928629,0.0,0.0,0.0
1209,1.5195781229,1.29142170016,44.0313007259,2.03419609089,0.548110915624,23.5269359861,3.48856529139,0.330566248056,0.966667053509,3.02824362528,0.0,0.0,0.0
1210,1.52083501134,1.29223331953,44.0097328559,2.03447281032,0.548455386708,23.541546002,3.48826879276,0.330901704289,0.96667237037,3.02811250047,0.0,0.0,0.0
1211,1.52209189978,1.2930460108,43.9881530543,2.03474918476,0.548800312734,23.5561478738,3.48797187879,0.331237863198,0.966677873168,3.02798157424,0.0,0.0,0.0
1212,1.52334878822,1.29385977482,43.9665613378,2.03502521349,0.549145694057,23.5707415937,3.48767454742,0.331574726458,0.966683562497,3.0278508487,0.0,0.0,0.0
1213,1.52460567666,1.2946746124,43.944957723,2.03530089581,0.549491531029,23.5853271537,3.4873767966,0.331912295751,0.96668943895,3.02772032597,0.0,0.0,0.0
1214,1.5258625651,1.29549052439,43.9233422263,2.03557623103,0.549837824004,23.5999045459,3.48707862425,0.332250572762,0.966695503123,3.02759000817,0.0,0.0,0.0
1215,1.52711945354,1.29630751161,43.9017148645,2.03585121844,0.550184573335,23.6144737625,3.48678002831,0.33258955918,0.966701755608,3.02745989745,0.0,0.0,0.0
1216,1.52837634197,1.29712557489,43.8800756542,2.03612585734,0.550531779374,23.6290347957,3.48648100672,0.332929256701,0.966708196996,3.02732999593,0.0,0.0,0.0
1217,1.52963323041,1.29794471507,43.858424612,2.03640014701,0.550879442472,23.6435876374,3.48618155741,0.333269667026,0.966714827881,3.02720030579,0.0,0.0,0.0
1218,1.53089011885,1.29876493296,43.8367617547,2.03667408675,0.549927497989,23.6581322799,3.4858816783,0.332658877437,0.966784723896,3.02734959718,0.0,0.0,0.0
1219,1.53214700729,1.29958622941,43.815087099,2.03694767585,0.550275254141,23.6726687154,3.48558136734,0.33299937057,0.966791684237,3.02722064755,0.0,0.0,0.0
1220,1.53340389573,1.30040860522,43.7934006616,2.0372209136,0.550623467325,23.6871969359,3.48528062244,0.333340578041,0.966798835414,3.02709191524,0.0,0.0,0.0
1221,1.53466078417,1.30123206124,43.7717024593,2.03749379929,0.550972137889,23.7017169338,3.48497944154,0.333682501558,0.966806178015,3.02696340244,0.0,0.0,0.0
1222,1.53591767261,1.30205659827,43.7499925089,2.03776633219,0.551321266183,23.7162287011,3.48467782256,0.334025142835,0.96681371263,3.02683511134,0.0,0.0,0.0
1223,1.53717456105,1.30288221715,43.7282708273,2.0380385116,0.551670852555,23.7307322301,3.48437576343,0.33436850359,0.966821439845,3.02670704417,0.0,0.0,0.0
1224,1.53843144949,1.3037089187,43.7065374312,2.03831033679,0.552020897353,23.7452275129,3.48407326207,0.334712585547,0.966829360247,3.02657920314,0.0,0.0,0.0
1225,1.53968833793,1.30453670372,43.6847923375,2.03858180705,0.552371400924,23.7597145418,3.4837703164,0.335057390434,0.966837474421,3.02645159048,0.0,0.0,0.0
1226,1.54094522637,1.30536557306,43.6630355633,2.03885292165,0.552722363614,23.774193309,3.48346692434,0.335402919984,0.966845782953,3.02632420845,0.0,0.0,0.0
1227,1.5422021148,1.30619552751,43.6412671252,2.03912367987,0.553073785771,23.7886638068,3.48316308381,0.335749175937,0.966854286428,3.02619705929,0.0,0.0,0.0
1228,1.54345900324,1.30702656791,43.6194870405,2.03939408098,0.552117332844,23.8031260273,3.48285879273,0.335131582485,0.966925604691,3.02635196201,0.0,0.0,0.0
1229,1.54471589168,1.30785869506,43.5976953259,2.03966412427,0.55246884201,23.8175799628,3.48255404902,0.335477915692,0.966934444316,3.02622559048,0.0,0.0,0.0
1230,1.54597278012,1.30869190978,43.5758919985,2.039933809,0.552820810591,23.8320256057,3.48224885059,0.335824976849,0.966943480194,3.02609945801,0.0,0.0,0.0
1231,1.54722966856,1.30952621288,43.5540770754,2.04020313444,0.553173238928,23.8464629481,3.48194319535,0.336172767703,0.966952712905,3.02597356687,0.0,0.0,0.0
1232,1.548486557,1.31036160518,43.5322505736,2.04047209986,0.553526127367,23.8608919823,3.48163708122,0.336521290006,0.966962143029,3.02584791939,0.0,0.0,0.0
1233,1.54974344544,1.31119808748,43.5104125102,2.04074070453,0.553879476248,23.8753127007,3.4813305061,0.336870545514,0.966971771144,3.02572251786,0.0,0.0,0.0
1234,1.55100033388,1.3120356606,43.4885629022,2.04100894771,0.554233285914,23.8897250955,3.48102346792,0.337220535991,0.966981597828,3.02559736461,0.0,0.0,0.0
1235,1.55225722232,1.31287432535,43.4667017669,2.04127682867,0.554587556707,23.9041291591,3.48071596456,0.337571263204,0.966991623659,3.02547246197,0.0,0.0,0.0
1236,1.55351411076,1.31371408252,43.4448291214,2.04154434666,0.554942288968,23.9185248837,3.48040799394,0.337922728926,0.967001849211,3.0253478123,0.0,0.0,0.0
1237,1.5547709992,1.31455493294,43.4229449828,2.04181150096,0.55398161224,23.9329122616,3.48009955397,0.337298806836,0.967074457475,3.02550791984,0.0,0.0,0.0
1238,1.55602788764,1.31539687739,43.4010493684,2.04207829081,0.554336425669,23.9472912853,3.47979064254,0.337650344142,0.967085024924,3.02538408216,0.0,0.0,0.0
1239,1.55728477607,1.3162399167,43.3791422954,2.04234471548,0.554691700491,23.9616619471,3.47948125756,0.338002621511,0.967095793375,3.02526050384,0.0,0.0,0.0
1240,1.55854166451,1.31708405165,43.3572237811,2.04261077422,0.555047437041,23.9760242392,3.47917139692,0.338355640727,0.967106763399,3.02513718724,0.0,0.0,0.0
1241,1.55979855295,1.31792928305,43.3352938428,2.04287646628,0.555403635659,23.9903781542,3.47886105853,0.338709403574,0.967117935566,3.02501413478,0.0,0.0,0.0
1242,1.56105544139,1.3187756117,43.3133524978,2.04314179091,0.555760296681,24.0047236843,3.47855024028,0.339063911844,0.967129310447,3.02489134884,0.0,0.0,0.0
1243,1.56231232983,1.31962303839,43.2913997634,2.04340674737,0.556117420443,24.0190608219,3.47823894006,0.339419167334,0.967140888609,3.02476883184,0.0,0.0,0.0
1244,1.56356921827,1.32047156393,43.2694356571,2.04367133491,0.556475007282,24.0333895595,3.47792715577,0.339775171845,0.967152670618,3.02464658622,0.0,0.0,0.0
1245,1.56482610671,1.32132118911,43.2474601961,2.04393555276,0.556833057532,24.0477098893,3.4776148853,0.340131927186,0.967164657043,3.0245246144,0.0,0.0,0.0
1246,1.56608299515,1.32217191472,43.225473398,2.04419940018,0.555868076124,24.0620218039,3.47730212654,0.339501515753,0.967238561214,3.02469004935,0.0,0.0,0.0
1247,1.56733988359,1.32302374155,43.2034752802,2.04446287641,0.556226201521,24.0763252957,3.47698887738,0.339858336705,0.967250895057,3.02456892495,0.0,0.0,0.0
1248,1.56859677203,1.3238766704,43.1814658601,2.04472598069,0.556584790228,24.090620357,3.4766751357,0.340215910049,0.967263434559,3.02444808098,0.0,0.0,0.0
1249,1.56985366047,1.32473070206,43.1594451553,2.04498871226,0.556943842577,24.1049069803,3.47636089938,0.3405742376,0.967276180281,3.0243275199,0.0,0.0,0.0
1250,1.5711105489,1.32558583732,43.1374131833,2.04525107036,0.5573033589,24.1191851581,3.47604616631,0.340933321181,0.967289132783,3.0242072442,0.0,0.0,0.0
1251,1.57236743734,1.32644207696,43.1153699617,2.04551305422,0.557663339529,24.1334548828,3.47573093438,0.341293162616,0.967302292622,3.02408725639,0.0,0.0,0.0
1252,1.57362432578,1.32729942176,43.093315508,2.04577466308,0.558023784792,24.1477161469,3.47541520145,0.341653763737,0.967315660355,3.02396755896,0.0,0.0,0.0
1253,1.57488121422,1.32815787252,43.0712498399,2.04603589617,0.55838469502,24.1619689428,3.47509896541,0.342015126381,0.967329236539,3.02384815444,0.0,0.0,0.0
1254,1.57613810266,1.32901743001,43.049172975,2.04629675272,0.558746070542,24.176213263,3.47478222413,0.34237725239,0.967343021727,3.02372904536,0.0,0.0,0.0
1255,1.5773949911,1.32987809501,43.027084931,2.04655723196,0.557776702388,24.1904491,3.47446497549,0.341740186539,0.967418226419,3.02389993241,0.0,0.0,0.0
1256,1.57865187954,1.33073986832,43.0049857255,2.04681733313,0.558138146845,24.2046764464,3.47414721735,0.34210237187,0.967432364304,3.02378170725,0.0,0.0,0.0
1257,1.57990876798,1.33160275069,42.9828753763,2.04707705544,0.55850005647,24.2188952946,3.47382894758,0.342465322135,0.967446712399,3.02366378437,0.0,0.0,0.0
1258,1.58116565642,1.33246674291,42.9607539012,2.04733639811,0.558862431586,24.2331056371,3.47351016407,0.342829039185,0.967461271252,3.02354616635,0.0,0.0,0.0
1259,1.58242254486,1.33333184576,42.9386213179,2.04759536038,0.559225272521,24.2473074665,3.47319086466,0.343193524876,0.96747604141,3.02342885577,0.0,0.0,0.0
1260,1.5836794333,1.33419806001,42.9164776442,2.04785394146,0.559588579596,24.2615007752,3.47287104722,0.34355878107,0.967491023419,3.02331185521,0.0,0.0,0.0
1261,1.58493632174,1.33506538642,42.8943228979,2.04811214057,0.559952353138,24.275685556,3.47255070962,0.343924809632,0.967506217824,3.02319516729,0.0,0.0,0.0
1262,1.58619321017,1.33593382577,42.872157097,2.04836995693,0.560316593467,24.2898618012,3.47222984972,0.344291612435,0.967521625166,3.02307879462,0.0,0.0,0.0
1263,1.58745009861,1.33680337884,42.8499802593,2.04862738975,0.560681300908,24.3040295034,3.47190846537,0.344659191358,0.967537245986,3.02296273982,0.0,0.0,0.0
1264,1.58870698705,1.33767404637,42.8277924027,2.04888443824,0.559707462727,24.3181886553,3.47158655443,0.344015301507,0.967613754436,3.02313920577,0.0,0.0,0.0
1265,1.58996387549,1.33854582915,42.8055935452,2.04914110162,0.560072232698,24.3323392493,3.47126411476,0.344382933127,0.96762973296,3.02302407249,0.0,0.0,0.0
1266,1.59122076393,1.33941872793,42.7833837047,2.04939737909,0.560437469625,24.3464812782,3.4709411442,0.34475134244,0.967645926123,3.02290926417,0.0,0.0,0.0
1267,1.59247765237,1.34029274348,42.7611628993,2.04965326987,0.560803173827,24.3606147344,3.47061764061,0.345120531332,0.96766233446,3.02279478348,0.0,0.0,0.0
1268,1.59373454081,1.34116787655,42.7389311469,2.04990877315,0.561169345623,24.3747396106,3.47029360183,0.345490501695,0.967678958505,3.02268063309,0.0,0.0,0.0
1269,1.59499142925,1.3420441279,42.7166884656,2.05016388815,0.561535985329,24.3888558994,3.46996902571,0.345861255425,0.967695798787,3.0225668157,0.0,0.0,0.0
1270,1.59624831769,1.3429214983,42.6944348736,2.05041861406,0.561903093263,24.4029635934,3.4696439101,0.346232794425,0.967712855837,3.02245333401,0.0,0.0,0.0
1271,1.59750520613,1.34379998849,42.6721703889,2.05067295009,0.56227066974,24.4170626853,3.46931825283,0.346605120603,0.967730130182,3.02234019074,0.0,0.0,0.0
1272,1.59876209457,1.34467959923,42.6498950296,2.05092689544,0.562638715075,24.4311531677,3.46899205175,0.346978235874,0.967747622347,3.02222738862,0.0,0.0,0.0
1273,1.600018983,1.34556033128,42.627608814,2.05118044929,0.561660322352,24.4452350331,3.4686653047,0.346327347781,0.967825436325,3.02240956235,0.0,0.0,0.0
1274,1.60127587144,1.34644218537,42.6053117602,2.05143361085,0.56202842361,24.4593082744,3.4683380095,0.346700508774,0.967843290904,3.02229772046,0.0,0.0,0.0
1275,1.60253275988,1.34732516226,42.5830038865,2.05168637931,0.562396993544,24.4733728841,3.46801016399,0.347074460435,0.967861364416,3.02218622703,0.0,0.0,0.0
1276,1.60378964832,1.3482092627,42.5606852111,2.05193875385,0.562766032465,24.487428855,3.467681766,0.347449204687,0.967879657379,3.02207508483,0.0,0.0,0.0
1277,1.60504653676,1.34909448742,42.5383557523,2.05219073368,0.563135540683,24.5014761797,3.46735281337,0.347824743458,0.96789817031,3.02196429664,0.0,0.0,0.0
1278,1.6063034252,1.34998083718,42.5160155284,2.05244231797,0.56350551851,24.5155148508,3.46702330392,0.34820107868,0.967916903723,3.02185386526,0.0,0.0,0.0
1279,1.60756031364,1.35086831271,42.4936645578,2.05269350591,0.563875966253,24.5295448612,3.46669323547,0.348578212294,0.967935858132,3.02174379349,0.0,0.0,0.0
1280,1.60881720208,1.35175691475,42.4713028588,2.05294429668,0.564246884221,24.5435662035,3.46636260584,0.348956146242,0.967955034047,3.02163408415,0.0,0.0,0.0
1281,1.61007409052,1.35264664403,42.4489304498,2.05319468947,0.564618272722,24.5575788704,3.46603141286,0.349334882476,0.967974431977,3.02152474007,0.0,0.0,0.0
1282,1.61133097896,1.3535375013,42.4265473492,2.05344468346,0.563635239676,24.5715828546,3.46569965434,0.348676817096,0.968053551696,3.02171275259,0.0,0.0,0.0
1283,1.6125878674,1.35442948729,42.4041535756,2.05369427782,0.564006677283,24.5855781489,3.4653673281,0.349055591706,0.968073316426,3.02160440859,0.0,0.0,0.0
1284,1.61384475583,1.35532260272,42.3817491474,2.05394347173,0.564378585211,24.599564746,3.46503443195,0.34943517018,0.968093304229,3.02149643742,0.0,0.0,0.0
1285,1.61510164427,1.35621684833,42.359334083,2.05419226437,0.564750963762,24.6135426387,3.4647009637,0.349815554476,0.968113515605,3.02138884193,0.0,0.0,0.0
1286,1.61635853271,1.35711222484,42.3369084012,2.0544406549,0.56512381324,24.6275118198,3.46436692116,0.350196746559,0.968133951052,3.02128162503,0.0,0.0,0.0
1287,1.61761542115,1.35800873298,42.3144721203,2.05468864249,0.565497133946,24.6414722819,3.46403230214,0.350578748398,0.968154611068,3.0211747896,0.0,0.0,0.0
1288,1.61887230959,1.35890637346,42.2920252591,2.05493622632,0.565870926182,24.6554240179,3.46369710444,0.350961561969,0.968175496145,3.02106833855,0.0,0.0,0.0
1289,1.62012919803,1.35980514703,42.2695678362,2.05518340555,0.566245190248,24.6693670205,3.46336132586,0.351345189254,0.968196606777,3.02096227481,0.0,0.0,0.0
1290,1.62138608647,1.36070505438,42.2470998702,2.05543017934,0.565257859328,24.6833012826,3.4630249642,0.350680547223,0.968276886519,3.02115561318,0.0,0.0,0.0
1291,1.62264297491,1.36160609624,42.2246213798,2.05567654686,0.565632166008,24.6972267969,3.46268801725,0.35106420556,0.96829836747,3.0210505857,0.0,0.0,0.0
1292,1.62389986335,1.36250827333,42.2021323838,2.05592250727,0.566006944276,24.7111435563,3.46235048282,0.351448679186,0.96832007498,3.0209459533,0.0,0.0,0.0
1293,1.62515675179,1.36341158635,42.1796329008,2.05616805972,0.566382194431,24.7250515536,3.46201235869,0.35183397009,0.968342009532,3.02084171895,0.0,0.0,0.0
1294,1.62641364023,1.36431603602,42.1571229498,2.05641320338,0.566757916766,24.7389507815,3.46167364265,0.352220080269,0.968364171607,3.02073788564,0.0,0.0,0.0
1295,1.62767052867,1.36522162304,42.1346025494,2.05665793739,0.567134111576,24.752841233,3.46133433249,0.352607011723,0.968386561681,3.02063445634,0.0,0.0,0.0
1296,1.6289274171,1.36612834813,42.1120717186,2.05690226091,0.567510779155,24.7667229009,3.46099442599,0.352994766459,0.968409180232,3.02053143407,0.0,0.0,0.0
1297,1.63018430554,1.36703621199,42.0895304762,2.05714617309,0.567887919796,24.7805957779,3.46065392094,0.35338334649,0.968432027733,3.02042882184,0.0,0.0,0.0
1298,1.63144119398,1.36794521531,42.066978841,2.05738967308,0.56826553379,24.7944598571,3.46031281511,0.353772753835,0.968455104654,3.02032662268,0.0,0.0,0.0
1299,1.63269808242,1.36885535881,42.0444168322,2.05763276003,0.567273395849,24.8083151311,3.45997110628,0.353100583115,0.968536685646,3.02052605188,0.0,0.0,0.0
1300,1.63395497086,1.36976664317,42.0218444685,2.05787543307,0.567651045224,24.822161593,3.45962879222,0.353490013406,0.968560136584,3.02042493102,0.0,0.0,0.0
1301,1.6352118593,1.37067906909,41.999261769,2.05811769136,0.568029167679,24.8359992356,3.45928587071,0.353880272585,0.968583817882,3.02032423127,0.0,0.0,0.0
1302,1.63646874774,1.37159263727,41.9766687527,2.05835953402,0.568407763502,24.8498280518,3.45894233951,0.354271362678,0.968607730002,3.0202239557,0.0,0.0,0.0
1303,1.63772563618,1.3725073484,41.9540654387,2.05860096021,0.568786832978,24.8636480345,3.4585981964,0.354663285719,0.968631873403,3.02012410739,0.0,0.0,0.0
1304,1.63898252462,1.37342320316,41.931451846,2.05884196906,0.569166376394,24.8774591766,3.45825343913,0.355056043745,0.968656248539,3.02002468945,0.0,0.0,0.0
1305,1.64023941306,1.37434020225,41.9088279938,2.0590825597,0.569546394033,24.891261471,3.45790806546,0.355449638801,0.968680855864,3.01992570498,0.0,0.0,0.0
1306,1.6414963015,1.37525834634,41.8861939012,2.05932273127,0.569926886181,24.9050549107,3.45756207316,0.355844072937,0.968705695829,3.01982715711,0.0,0.0,0.0
1307,1.64275318993,1.37617763613,41.8635495874,2.05956248289,0.568930297933,24.9188394885,3.45721545998,0.355165005991,0.968788429433,3.02003213735,0.0,0.0,0.0
1308,1.64401007837,1.37709807228,41.8408950716,2.05980181369,0.569310818585,24.9326151974,3.45686822367,0.355559455029,0.968813646271,3.01993470591,0.0,0.0,0.0
1309,1.64526696681,1.37801965548,41.8182303731,2.06004072281,0.569691813441,24.9463820304,3.45652036199,0.355954744715,0.968839096626,3.01983771934,0.0,0.0,0.0
1310,1.64652385525,1.3789423864,41.795555511,2.06027920936,0.570073282781,24.9601399804,3.45617187267,0.356350877108,0.968864780938,3.01974118081,0.0,0.0,0.0
1311,1.64778074369,1.37986626571,41.7728705047,2.06051727246,0.570455226881,24.9738890403,3.45582275348,0.356747854273,0.968890699643,3.01964509349,0.0,0.0,0.0
1312,1.64903763213,1.38079129409,41.7501753736,2.06075491125,0.57083764602,24.9876292033,3.45547300214,0.357145678279,0.968916853176,3.01954946059,0.0,0.0,0.0
1313,1.65029452057,1.3817174722,41.7274701369,2.06099212483,0.571220540474,25.0013604621,3.45512261639,0.357544351203,0.968943241967,3.01945428531,0.0,0.0,0.0
1314,1.65155140901,1.38264480071,41.7047548142,2.06122891232,0.571603910517,25.0150828099,3.45477159399,0.357943875128,0.968969866445,3.01935957089,0.0,0.0,0.0
1315,1.65280829745,1.38357328027,41.6820294247,2.06146527284,0.571987756424,25.0287962396,3.45441993265,0.358344252141,0.968996727034,3.01926532055,0.0,0.0,0.0
1316,1.65406518589,1.38450291156,41.659293988,2.06170120549,0.570986189673,25.0425007442,3.45406763011,0.357657286509,0.969080750778,3.01947665074,0.0,0.0,0.0
1317,1.65532207433,1.38543369522,41.6365485236,2.06193670939,0.571370056409,25.0561963167,3.45371468409,0.358057669485,0.969107991135,3.01938356115,0.0,0.0,0.0
1318,1.65657896277,1.38636563192,41.6137930509,2.06217178365,0.57175439867,25.0698829503,3.45336109233,0.358458907111,0.969135468407,3.01929094419,0.0,0.0,0.0
1319,1.6578358512,1.3872987223,41.5910275896,2.06240642736,0.572139216725,25.0835606377,3.45300685255,0.358861001485,0.969163183004,3.01919880312,0.0,0.0,0.0
1320,1.65909273964,1.38823296702,41.5682521591,2.06264063965,0.572524510843,25.0972293722,3.45265196245,0.359263954709,0.969191135339,3.01910714124,0.0,0.0,0.0
1321,1.66034962808,1.38916836672,41.5454667792,2.06287441959,0.57291028129,25.1108891468,3.45229641978,0.359667768891,0.969219325817,3.01901596187,0.0,0.0,0.0
1322,1.66160651652,1.39010492205,41.5226714695,2.06310776631,0.573296528333,25.1245399545,3.45194022222,0.360072446146,0.969247754843,3.01892526833,0.0,0.0,0.0
1323,1.66286340496,1.39104263365,41.4998662495,2.06334067888,0.573683252237,25.1381817884,3.4515833675,0.360477988595,0.969276422817,3.01883506396,0.0,0.0,0.0
1324,1.6641202934,1.39198150216,41.4770511392,2.06357315641,0.572677078394,25.1518146415,3.45122585333,0.359783790343,0.969361585533,3.01905217636,0.0,0.0,0.0
1325,1.66537718184,1.39292152822,41.4542261581,2.06380519799,0.573063815842,25.1654385069,3.45086767741,0.360189329918,0.969390635367,3.0189631729,0.0,0.0,0.0
1326,1.66663407028,1.39386271246,41.4313913261,2.06403680272,0.573451029779,25.1790533777,3.45050883743,0.36059573624,0.969419924878,3.01887466736,0.0,0.0,0.0
1327,1.66789095872,1.39480505552,41.408546663,2.06426796967,0.573838720466,25.1926592471,3.45014933111,0.361003011436,0.969449454454,3.01878666314,0.0,0.0,0.0
1328,1.66914784716,1.39574855802,41.3856921886,2.06449869794,0.574226888161,25.206256108,3.44978915614,0.361411157641,0.969479224479,3.01869916364,0.0,0.0,0.0
1329,1.6704047356,1.39669322059,41.3628279228,2.06472898661,0.574615533122,25.2198439536,3.4494283102,0.361820176996,0.969509235334,3.01861217226,0.0,0.0,0.0
1330,1.67166162403,1.39763904385,41.3399538855,2.06495883476,0.575004655605,25.2334227771,3.449066791,0.362230071649,0.969539487397,3.01852569244,0.0,0.0,0.0
1331,1.67291851247,1.39858602843,41.3170700966,2.06518824148,0.575394255866,25.2469925715,3.44870459621,0.362640843752,0.969569981042,3.01843972762,0.0,0.0,0.0
1332,1.67417540091,1.39953417493,41.2941765761,2.06541720584,0.574383399056,25.2605533299,3.44834172352,0.361939248817,0.969656273816,3.01866273242,0.0,0.0,0.0
1333,1.67543228935,1.40048348399,41.271273344,2.06564572691,0.574773005376,25.2741050456,3.44797817061,0.362350008811,0.969687151014,3.01857800962,0.0,0.0,0.0
1334,1.67668917779,1.40143395621,41.2483604203,2.06587380377,0.575163089068,25.2876477117,3.44761393516,0.362761647795,0.969718270444,3.01849381081,0.0,0.0,0.0
1335,1.67794606623,1.40238559219,41.2254378251,2.0661014355,0.575553650383,25.3011813212,3.44724901485,0.363174167931,0.969749632468,3.01841013949,0.0,0.0,0.0
1336,1.67920295467,1.40333839255,41.2025055785,2.06632862115,0.575944689571,25.3147058675,3.44688340734,0.363587571387,0.96978123744,3.01832699916,0.0,0.0,0.0
1337,1.68045984311,1.40429235789,41.1795637007,2.0665553598,0.576336206878,25.3282213435,3.4465171103,0.364001860334,0.969813085716,3.01824439334,0.0,0.0,0.0
1338,1.68171673155,1.40524748882,41.1566122118,2.06678165051,0.576728202552,25.3417277426,3.4461501214,0.364417036954,0.969845177643,3.01816232556,0.0,0.0,0.0
1339,1.68297361999,1.40620378592,41.133651132,2.06700749235,0.577120676838,25.355225058,3.44578243831,0.364833103432,0.969877513567,3.01808079936,0.0,0.0,0.0
1340,1.68423050843,1.4071612498,41.1106804815,2.06723288437,0.576105060168,25.3687132827,3.44541405867,0.364123943753,0.969964925871,3.01830980796,0.0,0.0,0.0
1341,1.68548739686,1.40811988104,41.0877002806,2.06745782564,0.576497532819,25.38219241,3.44504498015,0.364539988467,0.969997646618,3.01822956587,0.0,0.0,0.0
1342,1.6867442853,1.40907968024,41.0647105496,2.0676823152,0.576890483642,25.3956624332,3.44467520039,0.364956924565,0.970030611928,3.01814987461,0.0,0.0,0.0
1343,1.68800117374,1.41004064798,41.0417113088,2.06790635211,0.577283912877,25.4091233453,3.44430471706,0.365374754241,0.970063822134,3.01807073778,0.0,0.0,0.0
1344,1.68925806218,1.41100278484,41.0187025787,2.06812993543,0.577677820762,25.4225751398,3.44393352778,0.365793479695,0.970097277561,3.01799215899,0.0,0.0,0.0
1345,1.69051495062,1.41196609141,40.9956843796,2.0683530642,0.578072207536,25.4360178097,3.44356163021,0.366213103133,0.970130978533,3.01791414186,0.0,0.0,0.0
1346,1.69177183906,1.41293056826,40.9726567319,2.06857573746,0.578467073435,25.4494513483,3.44318902198,0.366633626767,0.970164925369,3.01783669002,0.0,0.0,0.0
1347,1.6930287275,1.41389621597,40.9496196561,2.06879795427,0.578862418693,25.4628757489,3.44281570074,0.367055052816,0.970199118383,3.01775980713,0.0,0.0,0.0
1348,1.69428561594,1.41486303511,40.9265731727,2.06901971367,0.577841964236,25.4762910048,3.4424416641,0.366338156227,0.970287637995,3.01799493207,0.0,0.0,0.0
1349,1.69554250438,1.41583102624,40.9035173023,2.06924101469,0.578237299953,25.4896971091,3.44206690971,0.366759550422,0.97032221665,3.01791937636,0.0,0.0,0.0
1350,1.69679939282,1.41680018993,40.8804520654,2.06946185638,0.578633114553,25.5030940552,3.44169143519,0.367181848542,0.970357041959,3.0178443991,0.0,0.0,0.0
1351,1.69805628126,1.41777052674,40.8573774826,2.06968223776,0.579029408265,25.5164818363,3.44131523815,0.367605052813,0.970392114223,3.01777000399,0.0,0.0,0.0
1352,1.6993131697,1.41874203723,40.8342935746,2.06990215788,0.579426181318,25.5298604458,3.44093831623,0.368029165468,0.970427433737,3.01769619475,0.0,0.0,0.0
1353,1.70057005813,1.41971472195,40.811200362,2.07012161575,0.579823433938,25.5432298768,3.44056066703,0.368454188746,0.97046300079,3.0176229751,0.0,0.0,0.0
1354,1.70182694657,1.42068858146,40.7880978656,2.07034061042,0.58022116635,25.5565901228,3.44018228817,0.368880124892,0.970498815669,3.01755034879,0.0,0.0,0.0
1355,1.70308383501,1.4216636163,40.7649861061,2.07055914091,0.580619378779,25.569941177,3.43980317726,0.369306976159,0.970534878656,3.01747831959,0.0,0.0,0.0
1356,1.70434072345,1.42263982703,40.7418651043,2.07077720624,0.579594007562,25.5832830328,3.43942333189,0.368582166279,0.970624491583,3.01771967454,0.0,0.0,0.0
1357,1.70559761189,1.42361721417,40.7187348809,2.07099480542,0.579992202325,25.5966156834,3.43904274969,0.369008975146,0.970660940551,3.0176490166,0.0,0.0,0.0
1358,1.70685450033,1.42459577828,40.6955954569,2.0712119375,0.580390876591,25.6099391222,3.43866142823,0.369436700624,0.970697638007,3.0175789655,0.0,0.0,0.0
1359,1.70811138877,1.42557551988,40.6724468531,2.07142860147,0.580790030577,25.6232533426,3.43827936512,0.369865344973,0.970734584218,3.01750952507,0.0,0.0,0.0
1360,1.70936827721,1.42655643951,40.6492890904,2.07164479635,0.5811896645,25.6365583378,3.43789655795,0.370294910458,0.970771779444,3.01744069913,0.0,0.0,0.0
1361,1.71062516565,1.4275385377,40.6261221898,2.07186052116,0.581589778576,25.6498541012,3.43751300431,0.37072539935,0.97080922394,3.01737249153,0.0,0.0,0.0
1362,1.71188205409,1.42852181496,40.6029461723,2.0720757749,0.581990373018,25.6631406263,3.43712870178,0.371156813929,0.970846917958,3.01730490611,0.0,0.0,0.0
1363,1.71313894253,1.42950627184,40.5797610589,2.07229055659,0.58239144804,25.6764179063,3.43674364794,0.371589156479,0.970884861745,3.01723794675,0.0,0.0,0.0
1364,1.71439583096,1.43049190883,40.5565668706,2.07250486522,0.581361080027,25.6896859346,3.43635784037,0.370856252598,0.970975552134,3.01748564651,0.0,0.0,0.0
1365,1.7156527194,1.43147872646,40.5333636286,2.0727186998,0.581762129034,25.7029447047,3.43597127664,0.371288541729,0.971013881733,3.0174201035,0.0,0.0,0.0
1366,1.71690960784,1.43246672524,40.510151354,2.07293205934,0.582163658067,25.7161942099,3.43558395432,0.371721760302,0.97105246138,3.01735519655,0.0,0.0,0.0
1367,1.71816649628,1.43345590568,40.4869300679,2.07314494282,0.582565667333,25.7294344435,3.43519587098,0.372155910608,0.971091291304,3.01729092958,0.0,0.0,0.0
1368,1.71942338472,1.43444626827,40.4636997916,2.07335734925,0.582968157037,25.7426653991,3.43480702419,0.372590994946,0.971130371729,3.01722730655,0.0,0.0,0.0
1369,1.72068027316,1.43543781353,40.4404605463,2.07356927761,0.583371127382,25.75588707,3.43441741149,0.37302701562,0.971169702873,3.0171643314,0.0,0.0,0.0
1370,1.7219371616,1.43643054195,40.4172123532,2.0737807269,0.58377457857,25.7690994497,3.43402703045,0.373463974943,0.97120928495,3.01710200809,0.0,0.0,0.0
1371,1.72319405004,1.43742445402,40.3939552337,2.07399169611,0.582739647492,25.7823025315,3.43363587862,0.372723796935,0.971300901008,3.01735536815,0.0,0.0,0.0
1372,1.72445093848,1.43841955023,40.3706892091,2.07420218422,0.583143064875,25.795496309,3.43324395354,0.373160692197,0.971340868215,3.01729450105,0.0,0.0,0.0
1373,1.72570782692,1.43941583107,40.3474143008,2.07441219022,0.583546962513,25.8086807755,3.43285125276,0.373598527554,0.971381086541,3.01723429602,0.0,0.0,0.0
1374,1.72696471536,1.44041329702,40.3241305302,2.07462171308,0.583951340602,25.8218559245,3.43245777382,0.374037305323,0.971421556181,3.01717475711,0.0,0.0,0.0
1375,1.7282216038,1.44141194856,40.3008379187,2.07483075179,0.584356199336,25.8350217494,3.43206351426,0.37447702783,0.971462277324,3.01711588832,0.0,0.0,0.0
1376,1.72947849223,1.44241178617,40.277536488,2.07503930532,0.584761538907,25.8481782438,3.4316684716,0.374917697406,0.971503250155,3.01705769373,0.0,0.0,0.0
1377,1.73073538067,1.44341281032,40.2542262594,2.07524737265,0.585167359507,25.8613254011,3.43127264338,0.375359316389,0.971544474852,3.01700017739,0.0,0.0,0.0
1378,1.73199226911,1.44441502147,40.2309072546,2.07545495274,0.585573661326,25.8744632147,3.43087602713,0.375801887124,0.971585951591,3.01694334339,0.0,0.0,0.0
1379,1.73324915755,1.44541842009,40.2075794951,2.07566204456,0.584533579272,25.8875916782,3.43047862036,0.375053265356,0.971678609729,3.01720326458,0.0,0.0,0.0
1380,1.73450604599,1.44642300665,40.1842430026,2.07586864709,0.584939838499,25.9007107851,3.43008042059,0.375495760061,0.971720470397,3.01714793377,0.0,0.0,0.0
1381,1.73576293443,1.44742878159,40.1608977988,2.07607475928,0.585346578313,25.9138205288,3.42968142534,0.375939207938,0.971762583178,3.0170932958,0.0,0.0,0.0
1382,1.73701982287,1.44843574536,40.1375439053,2.0762803801,0.5857537989,25.9269209029,3.42928163211,0.376383611337,0.971804948225,3.0170393548,0.0,0.0,0.0
1383,1.73827671131,1.44944389843,40.114181344,2.07648550851,0.58616150044,25.9400119008,3.42888103841,0.376828972618,0.971847565687,3.01698611491,0.0,0.0,0.0
1384,1.73953359975,1.45045324123,40.0908101366,2.07669014345,0.586569683113,25.9530935162,3.42847964174,0.377275294144,0.971890435705,3.01693358032,0.0,0.0,0.0
1385,1.74079048819,1.4514637742,40.0674303049,2.07689428389,0.586978347097,25.9661657425,3.42807743961,0.377722578286,0.971933558418,3.0168817552,0.0,0.0,0.0
1386,1.74204737663,1.45247549778,40.0440418708,2.07709792878,0.58738749257,25.9792285733,3.4276744295,0.378170827422,0.971976933956,3.01683064375,0.0,0.0,0.0
1387,1.74330426506,1.4534884124,40.0206448562,2.07730107707,0.586342176356,25.992282002,3.4272706089,0.377413568174,0.972070612462,3.01709724371,0.0,0.0,0.0
1388,1.7445611535,1.4545025185,39.997239283,2.07750372769,0.586751270207,26.0053260224,3.4268659753,0.377861728777,0.972114370133,3.01704768348,0.0,0.0,0.0
1389,1.74581804194,1.4555178165,39.9738251733,2.0777058796,0.587160844874,26.0183606279,3.42646052619,0.378310855765,0.97215838058,3.01699884769,0.0,0.0,0.0
1390,1.74707493038,1.45653430681,39.9504025489,2.07790753174,0.587570900526,26.0313858121,3.42605425903,0.378760951523,0.972202643913,3.01695074058,0.0,0.0,0.0
1391,1.74833181882,1.45755198986,39.926971432,2.07810868304,0.587981437331,26.0444015685,3.42564717131,0.37921201844,0.972247160237,3.01690336642,0.0,0.0,0.0
1392,1.74958870726,1.45857086605,39.9035318447,2.07830933245,0.588392455456,26.0574078908,3.4252392605,0.379664058916,0.972291929649,3.01685672951,0.0,0.0,0.0
1393,1.7508455957,1.45959093581,39.8800838091,2.07850947889,0.588803955066,26.0704047725,3.42483052405,0.380117075353,0.972336952242,3.01681083413,0.0,0.0,0.0
1394,1.75210248414,1.46061219952,39.8566273473,2.0787091213,0.587753862057,26.0833922073,3.42442095944,0.379352059034,0.972431500493,3.01708338367,0.0,0.0,0.0
1395,1.75335937258,1.4616346576,39.8331624815,2.0789082586,0.588165301643,26.0963701887,3.42401056411,0.379804974929,0.972476903037,3.01703908192,0.0,0.0,0.0
1396,1.75461626102,1.46265831043,39.8096892341,2.07910688972,0.588577222003,26.1093387104,3.42359933552,0.380258868146,0.972522558602,3.01699553271,0.0,0.0,0.0
1397,1.75587314946,1.46368315841,39.7862076272,2.07930501358,0.588989623293,26.1222977659,3.42318727113,0.380713741094,0.972568467256,3.01695274038,0.0,0.0,0.0
1398,1.75713003789,1.46470920193,39.7627176832,2.07950262911,0.589402505671,26.1352473489,3.42277436837,0.381169596191,0.972614629063,3.01691070933,0.0,0.0,0.0
1399,1.75838692633,1.46573644138,39.7392194244,2.07969973522,0.58981586929,26.148187453,3.4223606247,0.38162643586,0.972661044081,3.01686944392,0.0,0.0,0.0
1400,1.75964381477,1.46676487712,39.7157128733,2.07989633083,0.590229714303,26.1611180719,3.42194603753,0.382084262531,0.972707712359,3.01682894857,0.0,0.0,0.0
1401,1.76090070321,1.46779450953,39.6921980523,2.08009241485,0.589174777095,26.1740391992,3.42153060431,0.38131133634,0.972803109896,3.01710753565,0.0,0.0,0.0
1402,1.76215759165,1.468825339,39.6686749838,2.08028798619,0.589588553486,26.1869508285,3.42111432247,0.381769050009,0.972850155442,3.01706867709,0.0,0.0,0.0
1403,1.76341448009,1.46985736587,39.6451436904,2.08048304376,0.59000281052,26.1998529535,3.42069718943,0.382227752007,0.972897453971,3.01703059982,0.0,0.0,0.0
1404,1.76467136853,1.47089059052,39.6216041946,2.08067758646,0.590417548342,26.212745568,3.4202792026,0.38268744477,0.972945005511,3.0169933083,0.0,0.0,0.0
1405,1.76592825697,1.4719250133,39.598056519,2.08087161319,0.590832767095,26.2256286654,3.41986035941,0.38314813074,0.972992810082,3.016956807,0.0,0.0,0.0
1406,1.76718514541,1.47296063456,39.5745006862,2.08106512286,0.591248466922,26.2385022397,3.41944065727,0.383609812367,0.973040867699,3.01692110042,0.0,0.0,0.0
1407,1.76844203385,1.47399745466,39.550936719,2.08125811437,0.591664647961,26.2513662843,3.41902009357,0.384072492108,0.973089178368,3.01688619306,0.0,0.0,0.0
1408,1.76969892229,1.47503547393,39.52736464,2.0814505866,0.592081310352,26.2642207931,3.41859866574,0.384536172426,0.97313774209,3.01685208945,0.0,0.0,0.0
1409,1.77095581073,1.47607469272,39.5037844719,2.08164253844,0.591020901992,26.2770657597,3.41817637115,0.383754053909,0.973234087836,3.0171376794,0.0,0.0,0.0
1410,1.77221269916,1.47711511136,39.4801962377,2.0818339688,0.591437486032,26.2899011778,3.41775320721,0.384217607124,0.973283025213,3.01710526348,0.0,0.0,0.0
1411,1.7734695876,1.47815673018,39.45659996,2.08202487655,0.591854550625,26.3027270412,3.41732917131,0.384682162203,0.973332215225,3.01707366282,0.0,0.0,0.0
1412,1.77472647604,1.47919954951,39.4329956618,2.08221526057,0.592272095902,26.3155433435,3.41690426083,0.385147721616,0.973381657847,3.017042882,0.0,0.0,0.0
1413,1.77598336448,1.48024356967,39.4093833659,2.08240511975,0.592690121991,26.3283500785,3.41647847315,0.385614287838,0.973431353049,3.01701292562,0.0,0.0,0.0
1414,1.77724025292,1.48128879097,39.3857630954,2.08259445297,0.593108629018,26.34114724,3.41605180565,0.386081863351,0.97348130079,3.01698379829,0.0,0.0,0.0
1415,1.77849714136,1.48233521373,39.3621348732,2.0827832591,0.59352761711,26.3539348217,3.4156242557,0.386550450645,0.973531501028,3.01695550465,0.0,0.0,0.0
1416,1.7797540298,1.48338283825,39.3384987224,2.08297153701,0.592462218689,26.3667128173,3.41519582066,0.385760082542,0.973628647014,3.01724732391,0.0,0.0,0.0
1417,1.78101091824,1.48443166484,39.314854666,2.08315928558,0.592881119399,26.3794812206,3.41476649791,0.386228529257,0.97367921706,3.01722076282,0.0,0.0,0.0
1418,1.78226780668,1.48548169379,39.2912027271,2.08334650367,0.593300500332,26.3922400254,3.41433628479,0.386697989001,0.973730039053,3.01719504717,0.0,0.0,0.0
1419,1.78352469512,1.4865329254,39.2675429289,2.08353319014,0.593720361606,26.4049892254,3.41390517866,0.387168464268,0.973781112922,3.01717018164,0.0,0.0,0.0
1420,1.78478158356,1.48758535996,39.2438752947,2.08371934387,0.594140703335,26.4177288144,3.41347317688,0.387639957559,0.973832438587,3.01714617094,0.0,0.0,0.0
1421,1.78603847199,1.48863899774,39.2201998475,2.0839049637,0.594561525633,26.4304587862,3.41304027677,0.388112471382,0.973884015962,3.0171230198,0.0,0.0,0.0
1422,1.78729536043,1.48969383903,39.1965166107,2.08409004849,0.594982828611,26.4431791346,3.4126064757,0.388586008251,0.973935844953,3.01710073295,0.0,0.0,0.0
1423,1.78855224887,1.49074988411,39.1728256077,2.0842745971,0.593912370259,26.4558898534,3.41217177098,0.387787227573,0.974033765414,3.01739887058,0.0,0.0,0.0
1424,1.78980913731,1.49180713323,39.1491268618,2.08445860837,0.594333576615,26.4685909364,3.41173615996,0.388260609888,0.974085959788,3.01737836192,0.0,0.0,0.0
1425,1.79106602575,1.49286558666,39.1254203963,2.08464208117,0.594755262768,26.4812823774,3.41129963995,0.388735016454,0.974138405094,3.01735872956,0.0,0.0,0.0
1426,1.79232291419,1.49392524466,39.1017062348,2.08482501432,0.59517742882,26.4939641702,3.41086220828,0.389210449791,0.974191101212,3.01733997827,0.0,0.0,0.0
1427,1.79357980263,1.49498610749,39.0779844007,2.08500740667,0.595600074872,26.5066363087,3.41042386227,0.389686912427,0.974244048011,3.01732211288,0.0,0.0,0.0
1428,1.79483669107,1.4960481754,39.0542549176,2.08518925707,0.596023201024,26.5192987867,3.40998459922,0.390164406894,0.974297245356,3.01730513823,0.0,0.0,0.0
1429,1.79609357951,1.49711144862,39.030517809,2.08537056435,0.596446807373,26.5319515981,3.40954441645,0.390642935733,0.974350693101,3.01728905915,0.0,0.0,0.0
1430,1.79735046795,1.4981759274,39.0067730985,2.08555132734,0.595371218417,26.5445947366,3.40910331126,0.389835576143,0.974449360442,3.01759360442,0.0,0.0,0.0
1431,1.79860735639,1.49924161197,38.9830208097,2.08573154487,0.595794718691,26.5572281962,3.40866128094,0.390313935931,0.974503168537,3.01757934997,0.0,0.0,0.0
1432,1.79986424483,1.50030850255,38.9592609665,2.08591121578,0.596218698233,26.5698519707,3.40821832279,0.39079333125,0.974557226207,3.01756600334,0.0,0.0,0.0
1433,1.80112113326,1.50137659938,38.9354935925,2.08609033888,0.596643157132,26.582466054,3.4077744341,0.391273764644,0.974611533279,3.01755356943,0.0,0.0,0.0
1434,1.8023780217,1.50244590267,38.9117187115,2.08626891301,0.597068095476,26.5950704399,3.40732961215,0.391755238666,0.97466608957,3.01754205317,0.0,0.0,0.0
1435,1.80363491014,1.50351641263,38.8879363473,2.08644693697,0.597493513347,26.6076651224,3.40688385422,0.392237755873,0.974720894891,3.0175314595,0.0,0.0,0.0
1436,1.80489179858,1.50458812946,38.8641465238,2.08662440959,0.59791941083,26.6202500953,3.40643715759,0.392721318831,0.974775949044,3.01752179338,0.0,0.0,0.0
1437,1.80614868702,1.50566105339,38.840349265,2.08680132969,0.596838619789,26.6328253525,3.40598951951,0.391905210574,0.974875333773,3.01783283575,0.0,0.0,0.0
1438,1.80740557546,1.50673518459,38.8165445946,2.08697769606,0.597264401526,26.645390888,3.40554093727,0.392388589449,0.974930742611,3.01782504149,0.0,0.0,0.0
1439,1.8086624639,1.50781052326,38.7927325369,2.08715350753,0.5976906619,26.6579466956,3.40509140811,0.392873015185,0.974986399306,3.01781818726,0.0,0.0,0.0
1440,1.80991935234,1.50888706958,38.7689131157,2.08732876289,0.598117400985,26.6704927693,3.40464092929,0.393358490352,0.975042303631,3.01781227808,0.0,0.0,0.0
1441,1.81117624078,1.50996482375,38.7450863552,2.08750346094,0.598544618852,26.6830291029,3.40418949806,0.393845017526,0.975098455348,3.01780731899,0.0,0.0,0.0
1442,1.81243312922,1.51104378593,38.7212522795,2.0876776005,0.598972315572,26.6955556905,3.40373711167,0.394332599289,0.975154854214,3.01780331505,0.0,0.0,0.0
1443,1.81369001766,1.51212395629,38.6974109128,2.08785118035,0.599400491211,26.7080725259,3.40328376735,0.394821238232,0.975211499974,3.01780027131,0.0,0.0,0.0
1444,1.81494690609,1.513205335,38.6735622793,2.08802419929,0.598314425787,26.7205796031,3.40282946234,0.393996208072,0.975311570631,3.01811790037,0.0,0.0,0.0
1445,1.81620379453,1.51428792222,38.6497064032,2.0881966561,0.598742475788,26.733076916,3.40237419387,0.394484647345,0.975368564748,3.01811677651,0.0,0.0,0.0
1446,1.81746068297,1.5153717181,38.6258433089,2.08836854958,0.599171003689,26.7455644587,3.40191795917,0.394974144857,0.97542580463,3.0181166256,0.0,0.0,0.0
1447,1.81871757141,1.51645672279,38.6019730207,2.08853987851,0.599600009546,26.758042225,3.40146075545,0.395464703201,0.975483289992,3.01811745276,0.0,0.0,0.0
1448,1.81997445985,1.51754293643,38.5780955629,2.08871064168,0.600029493418,26.770510209,3.40100257992,0.395956324977,0.975541020538,3.01811926315,0.0,0.0,0.0
1449,1.82123134829,1.51863035916,38.5542109601,2.08888083785,0.600459455357,26.7829684046,3.40054342981,0.396449012792,0.975598995967,3.01812206194,0.0,0.0,0.0
1450,1.82248823673,1.5197189911,38.5303192367,2.08905046582,0.600889895416,26.7954168058,3.40008330231,0.39694276926,0.975657215966,3.0181258543,0.0,0.0,0.0
1451,1.82374512517,1.52080883239,38.5064204173,2.08921952434,0.599798482487,26.8078554067,3.39962219462,0.396108640408,0.97575793904,3.01845015971,0.0,0.0,0.0
1452,1.82500201361,1.52189988315,38.4825145263,2.08938801219,0.600228786789,26.8202842011,3.39916010393,0.396602181049,0.975816500379,3.01845592076,0.0,0.0,0.0
1453,1.82625890205,1.52299214348,38.4586015884,2.08955592815,0.600659568142,26.8327031831,3.39869702744,0.397096791346,0.975875304997,3.01846268836,0.0,0.0,0.0
1454,1.82751579049,1.5240856135,38.4346816283,2.08972327096,0.601090826589,26.8451123468,3.39823296233,0.397592473916,0.975934352547,3.01847046778,0.0,0.0,0.0
1455,1.82877267893,1.52518029332,38.4107546707,2.08989003939,0.60152256217,26.857511686,3.39776790578,0.398089231385,0.975993642677,3.01847926426,0.0,0.0,0.0
1456,1.83002956736,1.52627618301,38.3868207403,2.09005623221,0.601954774923,26.869901195,3.39730185496,0.398587066384,0.976053175021,3.01848908309,0.0,0.0,0.0
1457,1.8312864558,1.52737328268,38.3628798619,2.09022184816,0.602387464884,26.8822808676,3.39683480704,0.399085981549,0.976112949208,3.01849992957,0.0,0.0,0.0
1458,1.83254334424,1.52847159242,38.3389320604,2.090386886,0.601290630499,26.894650698,3.39636675918,0.398242573601,0.976214289064,3.01883100104,0.0,0.0,0.0
1459,1.83380023268,1.52957111229,38.3149773606,2.09055134447,0.601723174354,26.9070106802,3.39589770855,0.398741256187,0.976274396855,3.0188438658,0.0,0.0,0.0
1460,1.83505712112,1.53067184238,38.2910157875,2.09071522233,0.602156194299,26.9193608082,3.39542765229,0.399241019884,0.976334745027,3.01885777146,0.0,0.0,0.0
1461,1.83631400956,1.53177378275,38.2670473661,2.09087851831,0.60258969036,26.9317010761,3.39495658755,0.399741867334,0.976395333171,3.01887272336,0.0,0.0,0.0
1462,1.837570898,1.53287693346,38.2430721213,2.09104123115,0.603023662562,26.944031478,3.39448451147,0.400243801183,0.976456160871,3.01888872688,0.0,0.0,0.0
1463,1.83882778644,1.53398129457,38.2190900783,2.09120335959,0.603458110925,26.9563520079,3.39401142119,0.400746824086,0.9765172277,3.01890578743,0.0,0.0,0.0
1464,1.84008467488,1.53508686612,38.1951012621,2.09136490237,0.603893035471,26.9686626599,3.39353731385,0.401250938704,0.97657853322,3.01892391041,0.0,0.0,0.0
1465,1.84134156332,1.53619364817,38.171105698,2.09152585821,0.602790704841,26.9809634281,3.39306218656,0.400398067568,0.976680452019,3.01926183756,0.0,0.0,0.0
1466,1.84259845176,1.53730164073,38.1471034111,2.09168622585,0.603225472695,26.9932543066,3.39258603645,0.400901932245,0.976742082658,3.01928202922,0.0,0.0,0.0
1467,1.84385534019,1.53841084386,38.1230944267,2.091846004,0.603660715562,27.0055352895,3.39210886063,0.401406889518,0.976803950351,3.01930329681,0.0,0.0,0.0
1468,1.84511222863,1.53952125756,38.0990787701,2.09200519138,0.604096433452,27.0178063709,3.39163065622,0.401912942052,0.976866054624,3.01932564581,0.0,0.0,0.0
1469,1.84636911707,1.54063288186,38.0750564667,2.09216378672,0.604532626371,27.0300675449,3.39115142032,0.402420092516,0.976928394994,3.0193490817,0.0,0.0,0.0
1470,1.84762600551,1.54174571677,38.0510275418,2.09232178874,0.604969294325,27.0423188057,3.39067115002,0.402928343588,0.976990970968,3.01937361,0.0,0.0,0.0
1471,1.84888289395,1.5428597623,38.0269920208,2.09247919613,0.605406437314,27.0545601473,3.39018984242,0.403437697952,0.977053782043,3.01939923624,0.0,0.0,0.0
1472,1.85013978239,1.54397501844,38.0029499294,2.09263600762,0.604298534808,27.0667915639,3.38970749461,0.402575175785,0.977156239655,3.01974410863,0.0,0.0,0.0
1473,1.85139667083,1.5450914852,37.9789012929,2.09279222189,0.604735510283,27.0790130496,3.38922410368,0.403084262214,0.977219366581,3.01977185474,0.0,0.0,0.0
1474,1.85265355927,1.54620916254,37.9548461371,2.09294783767,0.605172959574,27.0912245986,3.38873966669,0.403594452749,0.977282726786,3.01980071255,0.0,0.0,0.0
1475,1.85391044771,1.54732805046,37.9307844875,2.09310285365,0.605610882674,27.103426205,3.38825418072,0.404105750077,0.977346319728,3.01983068764,0.0,0.0,0.0
1476,1.85516733615,1.54844814893,37.9067163698,2.09325726852,0.606049279572,27.1156178631,3.38776764284,0.404618156891,0.977410144855,3.01986178562,0.0,0.0,0.0
1477,1.85642422459,1.54956945791,37.8826418098,2.09341108097,0.606488150255,27.1277995668,3.3872800501,0.405131675889,0.977474201604,3.01989401213,0.0,0.0,0.0
1478,1.85768111302,1.55069197737,37.8585608332,2.0935642897,0.605375250494,27.1399713106,3.38679139957,0.404260710539,0.977577079386,3.02024488978,0.0,0.0,0.0
1479,1.85893800146,1.55181570726,37.8344734659,2.09371689339,0.605813943844,27.1521330884,3.38630168828,0.404773944913,0.977641443321,3.02027927982,0.0,0.0,0.0
1480,1.8601948899,1.55294064753,37.8103797337,2.09386889072,0.606253109715,27.1642848945,3.38581091329,0.405288292222,0.977706036892,3.02031481236,0.0,0.0,0.0
1481,1.86145177834,1.55406679812,37.7862796625,2.09402028038,0.606692748082,27.1764267231,3.38531907163,0.405803755166,0.977770859498,3.02035149308,0.0,0.0,0.0
1482,1.86270866678,1.55519415896,37.7621732784,2.09417106104,0.60713285892,27.1885585684,3.38482616034,0.406320336453,0.977835910526,3.02038932769,0.0,0.0,0.0
1483,1.86396555522,1.55632272998,37.7380606073,2.09432123138,0.607573442202,27.2006804245,3.38433217643,0.406838038796,0.977901189354,3.02042832194,0.0,0.0,0.0
1484,1.86522244366,1.5574525111,37.7139416753,2.09447079006,0.608014497895,27.2127922858,3.38383711693,0.407356864918,0.977966695346,3.02046848155,0.0,0.0,0.0
1485,1.8664793321,1.55858350224,37.6898165085,2.09461973576,0.606895882328,27.2248941464,3.38334097887,0.406475892152,0.978070030731,3.0208264673,0.0,0.0,0.0
1486,1.86773622054,1.5597157033,37.6656851332,2.09476806712,0.607336749408,27.2369860005,3.38284375923,0.406994414427,0.978135833108,3.02086884307,0.0,0.0,0.0
1487,1.86899310898,1.56084911419,37.6415475755,2.09491578283,0.607778087581,27.2490678424,3.38234545504,0.407514061156,0.978201860465,3.02091239844,0.0,0.0,0.0
1488,1.87024999742,1.56198373479,37.6174038617,2.09506288153,0.608219896805,27.2611396663,3.38184606328,0.408034835061,0.978268112126,3.02095713923,0.0,0.0,0.0
1489,1.87150688586,1.563119565,37.593254018,2.09520936188,0.608662177036,27.2732014665,3.38134558095,0.408556738871,0.978334587404,3.02100307127,0.0,0.0,0.0
1490,1.87276377429,1.56425660469,37.569098071,2.09535522252,0.609104928228,27.2852532372,3.38084400504,0.409079775319,0.978401285601,3.02105020039,0.0,0.0,0.0
1491,1.87402066273,1.56539485374,37.5449360469,2.09550046211,0.609548150331,27.2972949726,3.38034133252,0.409603947149,0.97846820601,3.02109853248,0.0,0.0,0.0
1492,1.87527755117,1.56653431202,37.5207679723,2.09564507929,0.608423740885,27.3093266671,3.37983756037,0.408712768149,0.978571951843,3.0214637151,0.0,0.0,0.0
1493,1.87653443961,1.56767497938,37.4965938737,2.0957890727,0.608866762842,27.3213483149,3.37933268556,0.40923661622,0.978639156959,3.02151431676,0.0,0.0,0.0
1494,1.87779132805,1.56881685567,37.4724137776,2.09593244097,0.609310254335,27.3333599103,3.37882670505,0.409761600268,0.978706581893,3.02156613587,0.0,0.0,0.0
1495,1.87904821649,1.56995994074,37.4482277107,2.09607518275,0.609754215305,27.3453614475,3.3783196158,0.410287723038,0.978774225893,3.02161917836,0.0,0.0,0.0
1496,1.88030510493,1.57110423443,37.4240356996,2.09621729666,0.610198645687,27.3573529209,3.37781141476,0.410814987278,0.978842088194,3.02167345018,0.0,0.0,0.0
1497,1.88156199337,1.57224973657,37.3998377711,2.09635878133,0.610643545417,27.3693343247,3.37730209887,0.411343395742,0.97891016802,3.02172895731,0.0,0.0,0.0
1498,1.88281888181,1.57339644699,37.3756339519,2.09649963538,0.609513943015,27.3813056533,3.37679166507,0.410443296814,0.979014217335,3.02210035144,0.0,0.0,0.0
1499,1.88407577025,1.57454436549,37.3514242688,2.09663985743,0.609958632164,27.393266901,3.3762801103,0.410971363132,0.979082571071,3.02215817363,0.0,0.0,0.0
1500,1.88533265869,1.57569349189,37.3272087488,2.09677944611,0.610403789237,27.405218062,3.37576743148,0.411500574198,0.979151139757,3.02221724581,0.0,0.0,0.0
1501,1.88658954712,1.57684382598,37.3029874186,2.09691840002,0.610849414158,27.4171591307,3.37525362553,0.412030932766,0.979219922573,3.02227757405,0.0,0.0,0.0
1502,1.88784643556,1.57799536758,37.2787603054,2.09705671778,0.611295506847,27.4290901015,3.37473868937,0.412562441597,0.979288918686,3.02233916438,0.0,0.0,0.0
1503,1.889103324,1.57914811645,37.2545274362,2.09719439799,0.611742067222,27.4410109686,3.37422261991,0.41309510346,0.979358127253,3.02240202287,0.0,0.0,0.0
1504,1.89036021244,1.58030207239,37.230288838,2.09733143926,0.612189095197,27.4529217265,3.37370541404,0.41362892113,0.979427547416,3.02246615563,0.0,0.0,0.0
1505,1.89161710088,1.58145723516,37.2060445379,2.09746784018,0.611053550416,27.4648223694,3.37318706867,0.412718239085,0.979531912231,3.02284490724,0.0,0.0,0.0
1506,1.89287398932,1.58261360452,37.1817945632,2.09760359936,0.611500355797,27.4767128917,3.37266758069,0.413251693353,0.979601592911,3.0229114099,0.0,0.0,0.0
1507,1.89413087776,1.58377118025,37.157538941,2.09773871539,0.611947627298,27.4885932877,3.37214694698,0.413786303863,0.979671482389,3.02297920178,0.0,0.0,0.0
1508,1.8953877662,1.58492996208,37.1332776988,2.09787318685,0.612395364822,27.5004635519,3.37162516442,0.414322073389,0.97974157976,3.02304828905,0.0,0.0,0.0
1509,1.89664465464,1.58608994976,37.1090108637,2.09800701233,0.61284356827,27.5123236787,3.37110222988,0.41485900471,0.979811884111,3.02311867788,0.0,0.0,0.0
1510,1.89790154308,1.58725114302,37.0847384632,2.09814019042,0.613292237538,27.5241736623,3.37057814022,0.415397100614,0.979882394513,3.02319037446,0.0,0.0,0.0
1511,1.89915843152,1.58841354159,37.0604605248,2.0982727197,0.612151368984,27.5360134972,3.37005289231,0.414477175484,0.979986976782,3.02357546838,0.0,0.0,0.0
1512,1.90041531996,1.5895771452,37.036177076,2.09840459874,0.612599804807,27.5478431778,3.369526483,0.415014888418,0.980057735385,3.0236495815,0.0,0.0,0.0
1513,1.90167220839,1.59074195354,37.0118881442,2.09853582612,0.61304870492,27.5596626984,3.36899890913,0.415553766286,0.980128697042,3.02372501757,0.0,0.0,0.0
1514,1.90292909683,1.59190796633,36.9875937572,2.0986664004,0.613498069209,27.5714720536,3.36847016755,0.416093811875,0.980199860778,3.02380178284,0.0,0.0,0.0
1515,1.90418598527,1.59307518327,36.9632939425,2.09879632014,0.613947897557,27.5832712376,3.3679402551,0.416635027975,0.980271225603,3.0238798836,0.0,0.0,0.0
1516,1.90544287371,1.59424360403,36.9389887279,2.09892558392,0.614398189844,27.595060245,3.36740916859,0.417177417385,0.980342790517,3.02395932614,0.0,0.0,0.0
1517,1.90669976215,1.59541322831,36.9146781412,2.0990541903,0.614848945946,27.60683907,3.36687690485,0.417720982909,0.980414554503,3.02404011679,0.0,0.0,0.0
1518,1.90795665059,1.59658405577,36.8903622102,2.09918213781,0.613701983507,27.6186077073,3.3663434607,0.416790084051,0.980519347601,3.02443272658,0.0,0.0,0.0
1519,1.90921353903,1.59775608608,36.8660409627,2.09930942503,0.614152493656,27.6303661511,3.36580883295,0.417333243929,0.980591344552,3.02451599001,0.0,0.0,0.0
1520,1.91047042747,1.5989293189,36.8417144267,2.09943605049,0.614603466031,27.642114396,3.36527301839,0.417877580178,0.980663537338,3.02460061699,0.0,0.0,0.0
1521,1.91172731591,1.60010375387,36.8173826302,2.09956201273,0.615054900495,27.6538524365,3.36473601383,0.4184230956,0.980735924895,3.02468661391,0.0,0.0,0.0
1522,1.91298420435,1.60127939064,36.7930456012,2.09968731031,0.61550679691,27.6655802668,3.36419781605,0.418969793003,0.980808506146,3.02477398717,0.0,0.0,0.0
1523,1.91424109279,1.60245622884,36.7687033678,2.09981194176,0.615959155137,27.6772978816,3.36365842184,0.419517675203,0.980881279999,3.02486274321,0.0,0.0,0.0
1524,1.91549798122,1.60363426809,36.7443559581,2.09993590561,0.614806735529,27.6890052753,3.36311782797,0.418577198681,0.980986195926,3.0252618236,0.0,0.0,0.0
1525,1.91675486966,1.60481350801,36.7200034004,2.10005920039,0.615258836521,27.7007024424,3.36257603122,0.419124654418,0.981059188797,3.02535310019,0.0,0.0,0.0
1526,1.9180117581,1.60599394822,36.695645723,2.10018182463,0.61571139768,27.7123893773,3.36203302834,0.419673295116,0.98113237082,3.02544577522,0.0,0.0,0.0
1527,1.91926864654,1.6071755883,36.671282954,2.10030377685,0.616164418854,27.7240660745,3.36148881611,0.420223123587,0.981205740854,3.02553985518,0.0,0.0,0.0
1528,1.92052553498,1.60835842786,36.646915122,2.10042505558,0.616617899885,27.7357325286,3.36094339125,0.420774142651,0.98127929774,3.02563534658,0.0,0.0,0.0
1529,1.92178242342,1.60954246647,36.6225422553,2.10054565932,0.617071840614,27.7473887341,3.36039675053,0.42132635513,0.981353040307,3.02573225595,0.0,0.0,0.0
1530,1.92303931186,1.61072770371,36.5981643825,2.10066558658,0.615913900841,27.7590346853,3.35984889068,0.420376144292,0.9814580322,3.02613786349,0.0,0.0,0.0
1531,1.9242962003,1.61191413916,36.573781532,2.10078483589,0.616367572852,27.770670377,3.35929980843,0.420927908893,0.981531979053,3.0262373417,0.0,0.0,0.0
1532,1.92555308874,1.61310177236,36.5493937325,2.10090340574,0.616821702865,27.7822958035,3.3587495005,0.42148086698,0.981606107919,3.02633825377,0.0,0.0,0.0
1533,1.92680997718,1.61429060287,36.5250010125,2.10102129463,0.617276290707,27.7939109594,3.35819796361,0.422035021375,0.981680417575,3.02644060629,0.0,0.0,0.0
1534,1.92806686562,1.61548063022,36.5006034009,2.10113850106,0.617731336203,27.8055158393,3.35764519448,0.422590374903,0.981754906782,3.02654440589,0.0,0.0,0.0
1535,1.92932375405,1.61667185397,36.4762009264,2.10125502353,0.618186839176,27.8171104376,3.3570911898,0.423146930399,0.981829574287,3.02664965918,0.0,0.0,0.0
1536,1.93058064249,1.61786427362,36.4517936178,2.10137086052,0.618642799442,27.828694749,3.35653594628,0.4237046907,0.981904418824,3.02675637284,0.0,0.0,0.0
1537,1.93183753093,1.61905788869,36.4273815039,2.10148601052,0.617478538258,27.8402687679,3.3559794606,0.422742911794,0.982009449515,3.02716972057,0.0,0.0,0.0
1538,1.93309441937,1.6202526987,36.4029646138,2.10160047202,0.617934216549,27.851832489,3.35542172946,0.423300199323,0.982084480162,3.0272790613,0.0,0.0,0.0
1539,1.93435130781,1.62144870314,36.3785429764,2.10171424349,0.618390350374,27.8633859068,3.35486274952,0.423858691618,0.982159683905,3.02738987856,0.0,0.0,0.0
1540,1.93560819625,1.6226459015,36.3541166208,2.10182732341,0.618846939539,27.8749290159,3.35430251746,0.424418391515,0.982235059423,3.02750217905,0.0,0.0,0.0
1541,1.93686508469,1.62384429326,36.329685576,2.10193971025,0.619303983846,27.8864618108,3.35374102994,0.424979301854,0.982310605379,3.02761596952,0.0,0.0,0.0
1542,1.93812197313,1.6250438779,36.3052498713,2.10205140248,0.619761483093,27.8979842861,3.35317828362,0.425541425481,0.982386320418,3.02773125673,0.0,0.0,0.0
1543,1.93937886157,1.62624465489,36.2808095359,2.10216239856,0.618591564557,27.9094964365,3.35261427514,0.424569560635,0.982491318811,3.02815125518,0.0,0.0,0.0
1544,1.94063575001,1.62744662367,36.256364599,2.10227269696,0.619048769898,27.9209982565,3.35204900117,0.425131188727,0.982567203423,3.02826921886,0.0,0.0,0.0
1545,1.94189263845,1.62864978369,36.23191509,2.10238229612,0.619506428364,27.9324897407,3.35148245831,0.425694029964,0.982643252952,3.02838869565,0.0,0.0,0.0
1546,1.94314952689,1.62985413439,36.2074610384,2.10249119451,0.619964539742,27.9439708837,3.35091464322,0.426258087189,0.982719465987,3.0285096924,0.0,0.0,0.0
1547,1.94440641532,1.6310596752,36.1830024734,2.10259939057,0.620423103814,27.9554416802,3.35034555251,0.426823363248,0.982795841105,3.02863221594,0.0,0.0,0.0
1548,1.94566330376,1.63226640553,36.1585394248,2.10270688274,0.620882120359,27.9669021248,3.34977518279,0.427389860995,0.982872376864,3.02875627315,0.0,0.0,0.0
1549,1.9469201922,1.63347432481,36.134071922,2.10281366948,0.619706479725,27.978352212,3.34920353068,0.426407745775,0.982977289499,3.02918297626,0.0,0.0,0.0
1550,1.94817708064,1.63468343243,36.1095999948,2.10291974921,0.620165190222,27.9897919366,3.34863059278,0.426973724578,0.983053977422,3.02930975979,0.0,0.0,0.0
1551,1.94943396908,1.63589372778,36.0851236727,2.10302512037,0.62062435132,28.0012212931,3.34805636568,0.42754092482,0.983130821576,3.02943809358,0.0,0.0,0.0
1552,1.95069085752,1.63710521024,36.0606429856,2.10312978139,0.621083962786,28.0126402763,3.34748084597,0.428109349345,0.983207820462,3.02956798458,0.0,0.0,0.0
1553,1.95194774596,1.6383178792,36.0361579632,2.10323373069,0.621544024381,28.0240488807,3.34690403023,0.428679001007,0.983284972566,3.02969943973,0.0,0.0,0.0
1554,1.9532046344,1.639531734,36.0116686355,2.10333696671,0.622004535866,28.035447101,3.34632591503,0.429249882665,0.983362276357,3.029832466,0.0,0.0,0.0
1555,1.95446152284,1.64074677402,35.9871750324,2.10343948785,0.620823107838,28.0468349319,3.34574649694,0.428257350185,0.98346704756,3.03026592673,0.0,0.0,0.0
1556,1.95571841128,1.6419629986,35.9626771839,2.10354129254,0.62128330092,28.0582123681,3.34516577252,0.428827688834,0.983544485205,3.03040172967,0.0,0.0,0.0
1557,1.95697529972,1.64318040707,35.93817512,2.10364237918,0.621743941963,28.0695794042,3.34458373833,0.429399257117,0.983622069877,3.03053912056,0.0,0.0,0.0
1558,1.95823218815,1.64439899876,35.9136688709,2.10374274618,0.622205030711,28.0809360349,3.3440003909,0.429972057885,0.983699799985,3.03067810644,0.0,0.0,0.0
1559,1.95948907659,1.64561877299,35.8891584667,2.10384239194,0.622666566906,28.092282255,3.34341572677,0.430546093994,0.983777673921,3.03081869438,0.0,0.0,0.0
1560,1.96074596503,1.64683972907,35.8646439377,2.10394131487,0.623128550286,28.103618059,3.34282974248,0.431121368307,0.98385569006,3.03096089146,0.0,0.0,0.0
1561,1.96200285347,1.64806186629,35.8401253141,2.10403951335,0.621941269016,28.1149434418,3.34224243456,0.430118249215,0.983960261871,3.03140116169,0.0,0.0,0.0
1562,1.96325974191,1.64928518395,35.8156026265,2.10413698578,0.622402921427,28.126258398,3.3416537995,0.430692955781,0.984038392628,3.03154618623,0.0,0.0,0.0
1563,1.96451663035,1.65050968133,35.7910759051,2.10423373055,0.622865019035,28.1375629223,3.34106383383,0.431268900074,0.984116660671,3.03169283695,0.0,0.0,0.0
1564,1.96577351879,1.65173535769,35.7665451805,2.10432974604,0.623327561567,28.1488570094,3.34047253405,0.431846084949,0.984195064313,3.03184112099,0.0,0.0,0.0
1565,1.96703040723,1.65296221231,35.7420104832,2.10442503062,0.623790548743,28.1601406541,3.33987989666,0.432424513265,0.984273601853,3.03199104554,0.0,0.0,0.0
1566,1.96828729567,1.65419024442,35.7174718438,2.10451958269,0.624253980281,28.1714138511,3.33928591813,0.433004187888,0.984352271568,3.03214261778,0.0,0.0,0.0
1567,1.96954418411,1.65541945327,35.692929293,2.1046134006,0.62306077937,28.1826765952,3.33869059494,0.431990310344,0.984456583672,3.03258974828,0.0,0.0,0.0
1568,1.97080107255,1.65664983809,35.6683828616,2.10470648273,0.623523867152,28.1939288811,3.33809392359,0.432569391793,0.98453534781,3.03274419924,0.0,0.0,0.0
1569,1.97205796099,1.65788139811,35.6438325803,2.10479882743,0.623987397248,28.2051707035,3.33749590051,0.433149718951,0.984614238941,3.03290031514,0.0,0.0,0.0
1570,1.97331484942,1.65911413253,35.61927848,2.10489043307,0.624451369363,28.2164020572,3.33689652219,0.433731294674,0.984693255281,3.03305810326,0.0,0.0,0.0
1571,1.97457173786,1.66034804056,35.5947205916,2.10498129801,0.624915783196,28.227622937,3.33629578506,0.434314121825,0.984772395027,3.03321757086,0.0,0.0,0.0
1572,1.9758286263,1.66158312139,35.5701589462,2.10507142059,0.625380638443,28.2388333376,3.33569368557,0.434898203272,0.984851656361,3.03337872525,0.0,0.0,0.0
1573,1.97708551474,1.6628193742,35.5455935747,2.10516079917,0.625845934796,28.2500332538,3.33509022015,0.435483541888,0.984931037444,3.03354157376,0.0,0.0,0.0
1574,1.97834240318,1.66405679816,35.5210245083,2.10524943209,0.62464594943,28.2612226805,3.33448538523,0.434456855083,0.985034980591,3.03399685041,0.0,0.0,0.0
1575,1.97959929162,1.66529539244,35.4964517782,2.10533731768,0.625110887222,28.2724016123,3.33387917724,0.435041570797,0.985114431295,3.03416263949,0.0,0.0,0.0
1576,1.98085618006,1.66653515619,35.4718754156,2.10542445429,0.625576264004,28.283570044,3.33327159259,0.43562754294,0.985193996245,3.0343301402,0.0,0.0,0.0
1577,1.9821130685,1.66777608855,35.4472954519,2.10551084024,0.626042079453,28.2947279706,3.33266262768,0.436214774376,0.985273673535,3.03449935993,0.0,0.0,0.0
1578,1.98336995694,1.66901818864,35.4227119183,2.10559647386,0.626508333244,28.3058753867,3.33205227891,0.436803267973,0.985353461245,3.03467030609,0.0,0.0,0.0
1579,1.98462684538,1.6702614556,35.3981248464,2.10568135348,0.626975025045,28.3170122873,3.33144054267,0.437393026605,0.985433357435,3.03484298612,0.0,0.0,0.0
1580,1.98588373382,1.67150588854,35.3735342677,2.10576547741,0.625768975463,28.328138667,3.33082741535,0.436355195452,0.985536901961,3.03530523328,0.0,0.0,0.0
1581,1.98714062225,1.67275148654,35.3489402136,2.10584884398,0.626235295438,28.3392545208,3.33021289332,0.436944304201,0.985616845393,3.03548090612,0.0,0.0,0.0
1582,1.98839751069,1.67399824871,35.3243427159,2.10593145148,0.626702051246,28.3503598434,3.32959697294,0.437534677116,0.985696891517,3.03565833057,0.0,0.0,0.0
1583,1.98965439913,1.67524617413,35.2997418063,2.10601329824,0.627169242542,28.3614546298,3.32897965059,0.438126317058,0.985777038322,3.03583751412,0.0,0.0,0.0
1584,1.99091128757,1.67649526186,35.2751375164,2.10609438255,0.627636868979,28.3725388747,3.3283609226,0.438719226894,0.985857283784,3.03601846428,0.0,0.0,0.0
1585,1.99216817601,1.67774551096,35.2505298783,2.10617470271,0.628104930205,28.383612573,3.32774078534,0.439313409499,0.985937625857,3.03620118861,0.0,0.0,0.0
1586,1.99342506445,1.67899692048,35.2259189236,2.10625425702,0.626892748271,28.3946757196,3.32711923512,0.438264254029,0.986040703491,3.03667045307,0.0,0.0,0.0
1587,1.99468195289,1.68024948947,35.2013046845,2.10633304376,0.627360424178,28.4057283093,3.32649626829,0.438857759033,0.986121069372,3.03685622288,0.0,0.0,0.0
1588,1.99593884133,1.68150321694,35.1766871929,2.10641106123,0.627828532633,28.416770337,3.32587188117,0.4394525358,0.986201525784,3.03704378481,0.0,0.0,0.0
1589,1.99719572977,1.68275810191,35.152066481,2.10648830771,0.628297073269,28.4278017975,3.32524607006,0.44004858719,0.986282070608,3.03723314645,0.0,0.0,0.0
1590,1.99845261821,1.6840141434,35.1274425808,2.10656478146,0.628766045715,28.4388226858,3.32461883129,0.440645916069,0.986362701711,3.03742431545,0.0,0.0,0.0
1591,1.99970950665,1.68527134039,35.1028155247,2.10664048078,0.629235449596,28.4498329967,3.32399016113,0.441244525306,0.986443416937,3.03761729946,0.0,0.0,0.0
1592,2.00096639508,1.68652969187,35.0781853449,2.10671540393,0.62801706663,28.4608327251,3.32336005589,0.440183863014,0.986545956738,3.03809362658,0.0,0.0,0.0
1593,2.00222328352,1.68778919681,35.0535520739,2.10678954917,0.628486071474,28.471821866,3.32272851185,0.44078176618,0.986626671255,3.03828970914,0.0,0.0,0.0
1594,2.00348017196,1.68904985418,35.0289157439,2.10686291476,0.62895550545,28.4828004141,3.32209552528,0.441380948559,0.986707463513,3.03848762487,0.0,0.0,0.0
1595,2.0047370604,1.69031166293,35.0042763876,2.10693549897,0.629425368168,28.4937683645,3.32146109245,0.441981413009,0.986788331287,3.0386873815,0.0,0.0,0.0
1596,2.00599394884,1.691574622,34.9796340375,2.10700730005,0.629895659233,28.5047257121,3.32082520962,0.442583162391,0.986869272329,3.03888898675,0.0,0.0,0.0
1597,2.00725083728,1.69283873032,34.9549887263,2.10707831624,0.62867184499,28.5156724517,3.32018787304,0.441512827201,0.98697129358,3.03937113528,0.0,0.0,0.0
1598,2.00850772572,1.69410398681,34.9303404866,2.10714854579,0.629141725028,28.5266085783,3.31954907896,0.44211384541,0.987052212646,3.03957588198,0.0,0.0,0.0
1599,2.00976461416,1.69537039038,34.9056893512,2.10721798694,0.629612031057,28.5375340869,3.3189088236,0.442716147279,0.987133198342,3.03978249566,0.0,0.0,0.0
1600,2.0110215026,1.69663793992,34.8810353531,2.10728663792,0.630082762669,28.5484489723,3.31826710321,0.443319735656,0.987214248348,3.0399909841,0.0,0.0,0.0
1601,2.01227839104,1.69790663432,34.856378525,2.10735449698,0.630553919449,28.5593532295,3.31762391399,0.443924613394,0.987295360323,3.04020135515,0.0,0.0,0.0
1602,2.01353527948,1.69917647246,34.8317188999,2.10742156233,0.631025500979,28.5702468535,3.31697925216,0.444530783349,0.987376531906,3.04041361665,0.0,0.0,0.0
1603,2.01479216792,1.70044745319,34.807056511,2.1074878322,0.629795357241,28.5811298393,3.31633311392,0.443448605852,0.987477877911,3.04090290202,0.0,0.0,0.0
1604,2.01604905635,1.70171957538,34.7823913914,2.10755330481,0.630266513606,28.5920021817,3.31568549547,0.444054014753,0.987559000928,3.04111835872,0.0,0.0,0.0
1605,2.01730594479,1.70299283786,34.7577235742,2.10761797837,0.630738092301,28.6028638758,3.315036393,0.444660714449,0.987640176597,3.04133572442,0.0,0.0,0.0
1606,2.01856283323,1.70426723945,34.7330530927,2.10768185109,0.631210092893,28.6137149166,3.31438580268,0.445268707782,0.987721402481,3.04155500704,0.0,0.0,0.0
1607,2.01981972167,1.70554277899,34.7083799802,2.10774492119,0.631682514943,28.624555299,3.31373372069,0.445877997599,0.987802676122,3.04177621452,0.0,0.0,0.0
1608,2.02107661011,1.70681945527,34.6837042702,2.10780718686,0.63215535801,28.635385018,3.31308014318,0.446488586749,0.987883995041,3.0419993548,0.0,0.0,0.0
1609,2.02233349855,1.70809726709,34.6590259961,2.10786864629,0.630918814581,28.6462040686,3.31242506633,0.445394377421,0.987984586856,3.04249581765,0.0,0.0,0.0
1610,2.02359038699,1.70937621324,34.6343451914,2.10792929769,0.631391218112,28.6570124459,3.31176848626,0.446004174838,0.988065829437,3.04272220727,0.0,0.0,0.0
1611,2.02484727543,1.71065629248,34.6096618899,2.10798913924,0.631864040174,28.6678101447,3.31111039912,0.446615270012,0.988147110013,3.04295054846,0.0,0.0,0.0
1612,2.02610416387,1.71193750358,34.5849761251,2.10804816913,0.632337280309,28.6785971602,3.31045080105,0.447227665777,0.988228426027,3.04318084926,0.0,0.0,0.0
1613,2.02736105231,1.71321984528,34.5602879309,2.10810638553,0.632810938055,28.6893734874,3.30978968815,0.447841364971,0.988309774899,3.0434131177,0.0,0.0,0.0
1614,2.02861794075,1.71450331633,34.535597341,2.10816378663,0.633285012946,28.7001391212,3.30912705656,0.448456370436,0.98839115403,3.04364736187,0.0,0.0,0.0
1615,2.02987482918,1.71578791544,34.5109043894,2.10822037058,0.632041999095,28.7108940568,3.30846290236,0.447349937205,0.988490909714,3.04415104104,0.0,0.0,0.0
1616,2.03113171762,1.71707364133,34.4862091101,2.10827613557,0.632515619845,28.7216382891,3.30779722167,0.447964119445,0.988572183519,3.04438858901,0.0,0.0,0.0
1617,2.03238860606,1.7183604927,34.461511537,2.10833107975,0.632989655186,28.7323718131,3.30713001057,0.44857960622,0.988653479963,3.04462813167,0.0,0.0,0.0
1618,2.0336454945,1.71964846825,34.4368117044,2.10838520128,0.633464104637,28.7430946241,3.30646126514,0.449196400353,0.988734796366,3.04486967716,0.0,0.0,0.0
1619,2.03490238294,1.72093756665,34.4121096464,2.10843849832,0.63393896771,28.7538067169,3.30579098145,0.449814504673,0.988816130023,3.04511323364,0.0,0.0,0.0
1620,2.03615927138,1.72222778656,34.3874053973,2.10849096901,0.634414243913,28.7645080867,3.30511915556,0.450433922012,0.98889747821,3.04535880928,0.0,0.0,0.0
1621,2.03741615982,1.72351912664,34.3626989914,2.10854261149,0.633164688388,28.7751987285,3.30444578355,0.449315070261,0.988996312737,3.04586974171,0.0,0.0,0.0
1622,2.03867304826,1.72481158553,34.3379904632,2.10859342392,0.633639495609,28.7858786374,3.30377086144,0.449933632055,0.989077525358,3.04611867598,0.0,0.0,0.0
1623,2.0399299367,1.72610516187,34.3132798471,2.10864340442,0.634114713341,28.7965478084,3.30309438528,0.450553504967,0.989158744543,3.04636964859,0.0,0.0,0.0
1624,2.04118682514,1.72739985426,34.2885671778,2.10869255113,0.634590341076,28.8072062368,3.30241635111,0.451174691808,0.989239967485,3.04662266778,0.0,0.0,0.0
1625,2.04244371358,1.72869566131,34.2638524897,2.10874086217,0.635066378302,28.8178539175,3.30173675493,0.451797195396,0.989321191353,3.04687774184,0.0,0.0,0.0
1626,2.04370060202,1.72999258162,34.2391358178,2.10878833567,0.635542824503,28.8284908456,3.30105559278,0.452421018552,0.989402413293,3.04713487904,0.0,0.0,0.0
1627,2.04495749045,1.73129061377,34.2144171967,2.10883496974,0.634286655525,28.8391170163,3.30037286064,0.451289551118,0.989500238456,3.04765309969,0.0,0.0,0.0
1628,2.04621437889,1.73258975633,34.1896966613,2.1088807625,0.634762617662,28.8497324247,3.29968855453,0.451912485565,0.989581293299,3.04791365067,0.0,0.0,0.0
1629,2.04747126733,1.73389000784,34.1649742466,2.10892571206,0.635238986086,28.8603370658,3.29900267042,0.452536737506,0.989662337894,3.04817628417,0.0,0.0,0.0
1630,2.04872815577,1.73519136687,34.1402499875,2.10896981652,0.635715760262,28.8709309349,3.2983152043,0.453162309741,0.9897433693,3.04844100856,1.0,616.255122988,1.55469203856
1631,2.04998504421,1.73649383192,34.1155239192,2.10901307398,0.636192939653,28.8815140269,3.29762615213,0.453789205074,0.989824384558,3.04870783222,1.0,616.257317773,1.48854136438
1632,2.05124193265,1.73779740154,34.0907960769,2.10905548254,0.634930986784,28.8920863372,3.29693550989,0.452647165865,0.989921284059,3.04923202352,1.0,616.253314892,1.43389784307
1633,2.05249882109,1.73910207421,34.0660664957,2.10909704028,0.635407668993,28.9026478607,3.29624327352,0.453273143497,0.990002104998,3.04950230525,1.0,616.255511463,1.41164790354
1634,2.05375570953,1.74040784844,34.041335211,2.1091377453,0.635884753672,28.9131985926,3.29554943897,0.453900442001,0.990082901165,3.0497747058,1.0,616.257706584,1.39201757607
1635,2.05501259797,1.74171472271,34.0166022582,2.10917759568,0.636362240266,28.9237385282,3.29485400218,0.454529064161,0.990163669511,3.05004923359,1.0,616.259900251,1.37421973251
1636,2.05626948641,1.74302269548,33.9918676727,2.10921658949,0.636840128215,28.9342676625,3.29415695907,0.45515901276,0.990244406961,3.05032589711,1.0,616.26209246,1.35779381575
1637,2.05752637485,1.74433176522,33.9671314902,2.1092547248,0.637318416956,28.9447859908,3.29345830557,0.45579029059,0.99032511042,3.05060470485,1.0,616.264283208,1.34244290944
1638,2.05878326328,1.74564193035,33.9423937462,2.10929199969,0.636049716606,28.9552935081,3.29275803758,0.454635274621,0.990420830228,3.05113623722,1.0,616.260270287,1.3171778192
1639,2.06004015172,1.74695318932,33.9176544765,2.10932841222,0.636527492646,28.9657902097,3.29205615101,0.455265600013,0.990501305384,3.05141855867,1.0,616.26246278,1.30399886844
1640,2.06129704016,1.74826554053,33.8929137168,2.10936396045,0.637005666663,28.9762760907,3.29135264175,0.455897252228,0.99058173755,3.05170304407,1.0,616.264653799,1.29135447083
1641,2.0625539286,1.7495789824,33.868171503,2.10939864242,0.637484238075,28.9867511463,3.29064750569,0.456530234032,0.99066212354,3.05198970198,1.0,616.26684334,1.27917454525
1642,2.06381081704,1.75089351332,33.843427871,2.1094324562,0.637963206297,28.9972153718,3.28994073869,0.457164548192,0.990742460144,3.05227854097,1.0,616.269031399,1.2674026234
1643,2.06506770548,1.75220913166,33.8186828569,2.10946539983,0.638442570737,29.0076687622,3.28923233664,0.457800197481,0.990822744127,3.05256956965,1.0,616.271217973,1.25599242153
1644,2.06632459392,1.75352583579,33.7939364967,2.10949747134,0.637167049689,29.0181113129,3.28852229538,0.45663200066,0.990917186517,3.05310847167,1.0,616.267194792,1.23690049013
1645,2.06758148236,1.75484362406,33.7691888267,2.10952866877,0.637645885667,29.0285430191,3.28781061076,0.45726666189,0.990997206812,3.05340306998,1.0,616.269383071,1.22637436676
1646,2.0688383708,1.7561624948,33.7444398831,2.10955899016,0.638125114978,29.0389638758,3.28709727864,0.457902655655,0.991077165101,3.05369987791,1.0,616.271569851,1.21608982829
1647,2.07009525924,1.75748244636,33.7196897022,2.10958843352,0.638604737014,29.0493738785,3.28638229483,0.458539984702,0.991157058059,3.05399890413,1.0,616.273755129,1.20602598559
1648,2.07135214768,1.75880347703,33.6949383204,2.10961699689,0.639084751162,29.0597730222,3.28566565516,0.459178651781,0.991236882332,3.05430015733,1.0,616.275938902,1.19616460589
1649,2.07260903612,1.76012558512,33.6701857743,2.10964467828,0.639565156804,29.0701613023,3.28494735544,0.459818659646,0.991316634544,3.05460364622,1.0,616.278121167,1.18648966386
1650,2.07386592455,1.76144876891,33.6454321004,2.1096714757,0.638282741343,29.0805387139,3.28422739149,0.458637075381,0.991409698232,3.05514994401,1.0,616.274087501,1.17043293297
1651,2.07512281299,1.76277302668,33.6206773353,2.10969738715,0.638762602517,29.0909052524,3.28350575909,0.45927605866,0.991489149931,3.05545705868,1.0,616.276271428,1.16125638814
1652,2.07637970143,1.76409835669,33.5959215159,2.10972241066,0.639242852228,29.1012609129,3.28278245403,0.459916379937,0.99156851979,3.05576642918,1.0,616.278453833,1.15221878822
1653,2.07763658987,1.76542475717,33.5711646788,2.1097465442,0.639723489841,29.1116056908,3.2820574721,0.460558041939,0.991647804335,3.05607806427,1.0,616.280634713,1.14331091198
1654,2.07889347831,1.76675222637,33.5464068612,2.10976978577,0.640204514716,29.1219395813,3.28133080906,0.461201047396,0.991727000071,3.05639197276,1.0,616.282814063,1.13452440895
1655,2.08015036675,1.7680807625,33.5216480998,2.10979213337,0.638916075601,29.1322625796,3.28060246066,0.460008269141,0.991818819996,3.0569443014,1.0,616.27876652,1.12011404169
1656,2.08140725519,1.76941036377,33.4968884318,2.10981358498,0.639396542125,29.142574681,3.27987242267,0.460650218255,0.991897683507,3.05726188059,1.0,616.280947502,1.11167101189
1657,2.08266414363,1.77074102837,33.4721278943,2.10983413857,0.639877392896,29.1528758809,3.27914069083,0.461293507867,0.991976448092,3.05758175347,1.0,616.283126941,1.10332297902
1658,2.08392103207,1.77207275447,33.4473665246,2.10985379213,0.640358627254,29.1631661745,3.27840726086,0.461938140679,0.992055110157,3.05790392888,1.0,616.285304834,1.09506455821
1659,2.08517792051,1.77340554025,33.4226043599,2.10987254362,0.640840244536,29.1734455571,3.2776721285,0.462584119397,0.992133666083,3.05822841573,1.0,616.287481177,1.08689078039
1660,2.08643480895,1.77473938385,33.3978414377,2.109890391,0.641322244075,29.1837140239,3.27693528945,0.463231446726,0.992212112222,3.0585552229,1.0,616.289655967,1.07879704853
1661,2.08769169738,1.7760742834,33.3730777954,2.10990733224,0.640026773066,29.1939715704,3.27619673942,0.462024903746,0.992302358198,3.05911498232,1.0,616.285597498,1.06575028492
1662,2.08894858582,1.77741023704,33.3483134706,2.1099233653,0.6405081978,29.2042181918,3.27545647412,0.462671136533,0.992380432551,3.05944551671,1.0,616.287773878,1.05789692736
1663,2.09020547426,1.77874724286,33.323548501,2.10993848812,0.640990001701,29.2144538834,3.27471448922,0.463318714771,0.992458386586,3.05977839191,1.0,616.289948692,1.05010837031
1664,2.0914623627,1.78008529897,33.2987829242,2.10995269865,0.641472184084,29.2246786406,3.2739707804,0.463967641137,0.992536216556,3.06011361688,1.0,616.292121935,1.04238138326
1665,2.09271925114,1.78142440345,33.274016778,2.10996599483,0.641954744255,29.2348924587,3.27322534335,0.464617918312,0.99261391869,3.06045120063,1.0,616.294293605,1.03471294041
1666,2.09397613958,1.78276455436,33.2492501005,2.1099783746,0.640653132423,29.2450953329,3.2724781737,0.463399878452,0.992702752965,3.06101700473,1.0,616.290220841,1.0225386781
1667,2.09523302802,1.78410574975,33.2244829295,2.10998983588,0.64113510354,29.2552872588,3.27172926713,0.464049027962,0.992780049279,3.06135836078,1.0,616.292394069,1.01505533548
1668,2.09648991646,1.78544798767,33.1997153031,2.11000037662,0.641617449298,29.2654682315,3.27097861926,0.464699524941,0.99285720687,3.06170209623,1.0,616.294565709,1.00762019815
1669,2.0977468049,1.78679126613,33.1749472595,2.11000999472,0.642100168987,29.2756382465,3.27022622574,0.465351372039,0.992934221866,3.06204822012,1.0,616.296735759,1.00023102745
1670,2.09900369334,1.78813558316,33.1501788369,2.1100186881,0.642583261891,29.2857972991,3.26947208217,0.466004571909,0.993011090364,3.06239674154,1.0,616.298904215,0.992885707054
1671,2.10026058178,1.78948093674,33.1254100736,2.11002645469,0.643066727291,29.2959453846,3.26871618419,0.466659127202,0.993087808438,3.06274766958,1.0,616.301071074,0.985582233554
1672,2.10151747021,1.79082732485,33.1006410081,2.11003329238,0.641757944523,29.3060824986,3.26795852739,0.46542693809,0.993174860604,3.06332092957,1.0,616.296986931,0.974208237411
1673,2.10277435865,1.79217474547,33.0758716787,2.11003919907,0.642240803964,29.3162086362,3.26719910737,0.466080325801,0.993251130414,3.06367568671,1.0,616.299155305,0.967045903614
1674,2.10403124709,1.79352319654,33.0511021242,2.11004417267,0.642724032677,29.3263237929,3.26643791971,0.466735065381,0.993327238476,3.06403287127,1.0,616.301322068,0.959918393122
1675,2.10528813553,1.79487267601,33.0263323832,2.11004821107,0.643207629924,29.3364279642,3.26567495999,0.467391159453,0.993403180756,3.06439249243,1.0,616.303487216,0.952824154765
1676,2.10654502397,1.7962231818,33.0015624944,2.11005131216,0.643691594961,29.3465211453,3.26491022378,0.468048610638,0.993478953195,3.06475455937,1.0,616.305650746,0.945761709767
1677,2.10780191241,1.79757471181,32.9767924967,2.11005347381,0.644175927039,29.3566033317,3.26414370664,0.468707421561,0.993554551703,3.0651190813,1.0,616.307812655,0.938729646881
1678,2.10905880085,1.79892726395,32.952022429,2.11005469391,0.642859897417,29.3666745188,3.26337540411,0.467460865761,0.993639702458,3.06569980999,1.0,616.303716893,0.927990639473
1679,2.11031568929,1.80028083609,32.9272523303,2.11005497033,0.643343606381,29.3767347019,3.26260531174,0.468118468214,0.993714808621,3.06606821793,1.0,616.305880275,0.921069009437
1680,2.11157257773,1.8016354261,32.9024822397,2.11005430094,0.643827679087,29.3867838766,3.26183342505,0.468777426628,0.99378972908,3.06643910185,1.0,616.308042022,0.914172719113
1681,2.11282946617,1.80299103183,32.8777121964,2.1100526836,0.644312114768,29.3968220383,3.26105973957,0.469437743594,0.993864459642,3.066812471,1.0,616.31020213,0.907300636394
1682,2.11408635461,1.80434765112,32.8529422398,2.11005011617,0.64479691265,29.4068491823,3.26028425081,0.470099421705,0.99393899608,3.0671883347,1.0,616.312360596,0.900451674745
1683,2.11534324305,1.80570528178,32.8281724091,2.1100465965,0.643474559168,29.4168653041,3.25950695426,0.46884088696,0.99402245376,3.06777511433,1.0,616.308249885,0.890160851986
1684,2.11660013148,1.80706392162,32.8034027438,2.11004212244,0.643958719112,29.4268703991,3.25872784542,0.469501321287,0.994096459984,3.06815490928,1.0,616.310409792,0.883402703114
1685,2.11785701992,1.80842356844,32.7786332836,2.11003669184,0.644443237898,29.4368644628,3.25794691977,0.47016311279,0.994170259933,3.06853721987,1.0,616.312568042,0.87666374435
1686,2.11911390836,1.80978422001,32.7538640679,2.11003030254,0.644928114734,29.4468474907,3.25716417279,0.470826264025,0.994243849272,3.06892205548,1.0,616.314724634,0.869943081967
1687,2.1203707968,1.81114587409,32.7290951366,2.11002295236,0.64541334882,29.4568194781,3.25637959993,0.471490777551,0.99431722364,3.06930942547,1.0,616.316879563,0.863239854044
1688,2.12162768524,1.81250852843,32.7043265295,2.11001463914,0.645898939356,29.4667804206,3.25559319666,0.472156655924,0.994390378644,3.06969933927,1.0,616.319032826,0.856553228703
1689,2.12288457368,1.81387218076,32.6795582865,2.1100053607,0.644569197669,29.4767303136,3.25480495841,0.470883358973,0.994471705373,3.07029359583,1.0,616.314910024,0.846702897587
1690,2.12414146212,1.81523682879,32.6547904475,2.10999511485,0.645054132657,29.4866691527,3.25401488063,0.471547950889,0.994544282965,3.07068749792,1.0,616.317064684,0.840089294166
1691,2.12539835056,1.81660247023,32.6300230527,2.10998389942,0.645539420657,29.4965969332,3.25322295873,0.472213903452,0.994616628568,3.07108396508,1.0,616.319217665,0.833489253311
1692,2.126655239,1.81796910277,32.6052561423,2.10997171221,0.646025060847,29.5065136506,3.25242918814,0.472881219183,0.994688737679,3.07148300679,1.0,616.321368962,0.826902073237
1693,2.12791212744,1.81933672407,32.5804897565,2.10995855103,0.646511052399,29.5164193006,3.25163356426,0.473549900605,0.994760605764,3.07188463253,1.0,616.323518572,0.820327073767
1694,2.12916901588,1.82070533178,32.5557239357,2.10994441367,0.645174866627,29.5263138785,3.25083608248,0.472264309195,0.994840042381,3.0724849293,1.0,616.319380375,0.810797593741
1695,2.13042590431,1.82207492356,32.5309587204,2.10992929792,0.645660187436,29.5361973798,3.25003673819,0.4729316674,0.994911292544,3.07289058854,1.0,616.32153135,0.804283534374
1696,2.13168279275,1.82344549701,32.5061941511,2.10991320159,0.646145856108,29.5460698002,3.24923552677,0.473600386893,0.994982288657,3.07329885321,1.0,616.323680624,0.797779155462
1697,2.13293968119,1.82481704976,32.4814302684,2.10989612244,0.646631871797,29.555931135,3.24843244359,0.474270470157,0.995053026071,3.07370973287,1.0,616.325828194,0.791283872147
1698,2.13419656963,1.82618957939,32.4566671131,2.10987805826,0.647118233648,29.5657813798,3.247627484,0.474941919676,0.995123500108,3.0741232371,1.0,616.327974057,0.785999211384
1699,2.13545345807,1.82756308349,32.4319047261,2.10985900681,0.647604940805,29.5756205302,3.24682064335,0.475614737935,0.995193706059,3.07453937549,1.0,616.330118209,0.792477995496
1700,2.13671034651,1.82893755961,32.4071431482,2.10983896588,0.646261224082,29.5854485816,3.24601191699,0.474313982246,0.995270767422,3.07514714519,1.0,616.325967437,0.801685115572
1701,2.13796723495,1.8303130053,32.3823824205,2.10981793323,0.646747242429,29.5952655297,3.24520130023,0.474985432788,0.995340304978,3.07556737413,1.0,616.328112909,0.808114495838
1702,2.13922412339,1.83168941809,32.357622584,2.1097959066,0.647233602506,29.6050713699,3.2443887884,0.475658247422,0.995409560929,3.0759902588,1.0,616.330256657,0.814537945387
1703,2.14048101183,1.8330667955,32.3328636801,2.10977288376,0.647720303432,29.6148660978,3.24357437681,0.476332428591,0.995478530449,3.07641580886,1.0,616.332398677,0.820955950332
1704,2.14173790027,1.83444513503,32.3081057499,2.10974886245,0.648207344327,29.6246497089,3.24275806076,0.477007978739,0.99554720868,3.07684403397,1.0,616.334538966,0.827368985566
1705,2.14299478871,1.83582443416,32.2833488349,2.10972384041,0.646857062209,29.6344221989,3.24193983553,0.475694608735,0.99562217038,3.07745782201,1.0,616.33037234,0.836336498761
1706,2.14425167715,1.83720469036,32.2585929766,2.10969781539,0.647343398727,29.6441835633,3.24111969641,0.476368752936,0.995690136931,3.07789018277,1.0,616.332513915,0.842708316207
1707,2.14550856558,1.83858590107,32.2338382166,2.10967078512,0.647830071571,29.6539337977,3.24029763866,0.477044261258,0.995757798255,3.07832524027,1.0,616.334653745,0.849076914356
1708,2.14676545402,1.83996806374,32.2090845965,2.10964274732,0.64831707984,29.6636728975,3.23947365756,0.477721136103,0.995825149375,3.07876300425,1.0,616.336791827,0.855442716671
1709,2.14802234246,1.84135117579,32.1843321582,2.10961369972,0.648804422623,29.6734008586,3.23864774833,0.478399379873,0.995892185282,3.07920348448,1.0,616.338928156,0.861806138205
1710,2.1492792309,1.84273523461,32.1595809434,2.10958364003,0.649292099006,29.6831176763,3.23781990623,0.479078994968,0.995958900935,3.07964669075,1.0,616.34106273,0.868167585991
1711,2.15053611934,1.84412023761,32.1348309943,2.10955256597,0.647934141871,29.6928233464,3.2369901265,0.477750052424,0.996031227528,3.08026793443,1.0,616.336883031,0.876891390227
1712,2.15179300778,1.84550618214,32.1100823528,2.10952047524,0.648421095355,29.7025178643,3.23615840433,0.478428215209,0.996097177589,3.08071533331,1.0,616.339018847,0.883219760515
1713,2.15304989622,1.84689306556,32.0853350611,2.10948736555,0.64890837872,29.7122012258,3.23532473496,0.479107744203,0.996162792939,3.08116548006,1.0,616.341152894,0.889547651604
1714,2.15430678466,1.84828088522,32.0605891615,2.10945323459,0.649395991032,29.7218734265,3.23448911358,0.479788641767,0.996228068416,3.08161838452,1.0,616.343285168,0.895875432908
1715,2.1555636731,1.84966963843,32.0358446964,2.10941808005,0.649883931349,29.7315344619,3.23365153538,0.480470910254,0.996292998824,3.08207405655,1.0,616.345415666,0.902203467824
1716,2.15682056154,1.8510593225,32.0111017082,2.10938189963,0.648519286498,29.7411843277,3.23281199554,0.479129029566,0.996363003032,3.08270128462,1.0,616.341219642,0.91074370979
1717,2.15807744998,1.85244993473,31.9863602394,2.109344691,0.649006487979,29.7508230195,3.23197048923,0.479809806016,0.996427121648,3.08316119413,1.0,616.343351348,0.917044647208
1718,2.15933433841,1.85384147238,31.9616203328,2.10930645184,0.649494013682,29.760450533,3.23112701162,0.480491948056,0.996490880298,3.08362389316,1.0,616.345481264,0.92334716528
1719,2.16059122685,1.85523393271,31.9368820311,2.10926717982,0.649981862647,29.7700668638,3.23028155786,0.481175457998,0.996554273662,3.08408939162,1.0,616.347609386,0.929651598533
1720,2.16184811529,1.85662731297,31.9121453772,2.10922687261,0.650470033908,29.7796720075,3.22943412308,0.481860338151,0.996617296387,3.08455769948,1.0,616.349735712,0.935958277013
1721,2.16310500373,1.85802161037,31.8874104139,2.10918552787,0.650958526492,29.7892659598,3.22858470242,0.482546590823,0.996679943084,3.0850288267,1.0,616.351860238,0.942267526517
1722,2.16436189217,1.85941682213,31.8626771844,2.10914314325,0.649586061327,29.7988487164,3.227733291,0.481188723566,0.996747035967,3.08566347875,1.0,616.347650629,0.950620145342
1723,2.16561878061,1.86081294543,31.8379457319,2.1090997164,0.650073796095,29.808420273,3.22687988393,0.481873435941,0.996808813348,3.08613890022,1.0,616.349776317,0.956908456029
1724,2.16687566905,1.86220997746,31.8132160995,2.10905524497,0.650561848324,29.8179806251,3.22602447631,0.482559515233,0.996870199263,3.08661716312,1.0,616.351900192,0.963200515859
1725,2.16813255749,1.86360791536,31.7884883307,2.1090097266,0.65105021702,29.8275297685,3.22516706323,0.483246963703,0.996931188197,3.08709827749,1.0,616.354022248,0.96949662953
1726,2.16938944593,1.86500675628,31.7637624689,2.10896315893,0.651538901185,29.8370676989,3.22430763978,0.483935783611,0.996991774601,3.08758225338,1.0,616.356142484,0.97579709866
1727,2.17064633437,1.86640649734,31.7390385577,2.10891553958,0.650159625049,29.846594412,3.22344620103,0.482564650824,0.997056308526,3.08822284283,1.0,616.351916067,0.984007241199
1728,2.17190322281,1.86780713565,31.7143166407,2.10886686617,0.650647535091,29.8561099034,3.22258274204,0.483251889193,0.997115976354,3.08871115749,1.0,616.354037431,0.99029143073
1729,2.17316011124,1.8692086683,31.6895967618,2.10881713634,0.651135756674,29.8656141688,3.22171725785,0.483940493168,0.997175225754,3.08920235585,1.0,616.35615696,0.996581055393
1730,2.17441699968,1.87061109236,31.6648789647,2.10876634768,0.651624288779,29.875107204,3.22084974351,0.48463046496,0.997234051044,3.08969644801,1.0,616.35827465,1.0028764009
1731,2.17567388812,1.87201440489,31.6401632934,2.10871449782,0.652113130381,29.8845890047,3.21998019405,0.485321806779,0.997292446512,3.0901934441,1.0,616.360390499,1.00917775083
1732,2.17693077656,1.87341860293,31.6154497921,2.10866158435,0.650726986558,29.8940595665,3.21910860449,0.483937263791,0.997354309376,3.09083994131,1.0,616.356147034,1.017260892
1733,2.178187665,1.87482368349,31.5907385049,2.10860760488,0.651215037565,29.9035188853,3.21823496985,0.484626982156,0.997411735575,3.09134132048,1.0,616.358263976,1.02355019762
1734,2.17944455344,1.87622964359,31.5660294761,2.10855255699,0.651703394075,29.9129669567,3.21735928512,0.485318064481,0.997468715583,3.09184562586,1.0,616.360379062,1.02984651075
1735,2.18070144188,1.87763648021,31.5413227501,2.10849643827,0.652192055044,29.9224037765,3.21648154529,0.486010512927,0.997525243552,3.09235286763,1.0,616.362492289,1.0361501033
1736,2.18195833032,1.87904419032,31.5166183713,2.10843924631,0.652681019417,29.9318293404,3.21560174534,0.486704329649,0.997581313599,3.09286305599,1.0,616.364603654,1.04246124583
1737,2.18321521876,1.88045277088,31.4919163844,2.10838097868,0.653170286137,29.9412436442,3.21471988025,0.487399516801,0.997636919808,3.09337620118,1.0,616.366713153,1.04878020771
1738,2.1844721072,1.88186221882,31.4672168341,2.10832163296,0.651776108181,29.9506466836,3.21383594497,0.485998382126,0.997695438883,3.09403004369,1.0,616.36245532,1.05673424882
1739,2.18572899564,1.88327253105,31.4425197652,2.10826120671,0.652264564672,29.9600384544,3.21294993446,0.48669189478,0.997750012734,3.09454762816,1.0,616.364565866,1.06304573785
1740,2.18698588408,1.88468370449,31.4178252226,2.1081996975,0.652753319436,29.9694189523,3.21206184364,0.487386771512,0.997804105798,3.09506819184,1.0,616.366674533,1.06936598365
1741,2.18824277251,1.88609573601,31.3931332512,2.10813710287,0.653242371394,29.9787881731,3.21117166747,0.488083014426,0.997857712021,3.09559174503,1.0,616.368781316,1.07569524798
1742,2.18949966095,1.88750862248,31.3684438964,2.10807342039,0.653731719461,29.9881461126,3.21027940084,0.488780625617,0.997910825312,3.09611829803,1.0,616.370886212,1.08203379206
1743,2.19075654939,1.88892236075,31.3437572031,2.10800864759,0.652330549378,29.9974927666,3.20938503868,0.487365749314,0.997966415375,3.09677798029,1.0,616.366610827,1.08988941488
1744,2.19201343783,1.89033694765,31.3190732169,2.10794278203,0.652819070379,30.0068281308,3.20848857587,0.488061642557,0.998018442337,3.09730901636,1.0,616.368716735,1.09622407757
1745,2.19327032627,1.89175237999,31.2943919832,2.10787582123,0.65330788335,30.0161522011,3.20759000732,0.488758897487,0.998069958928,3.09784307471,1.0,616.370820743,1.10256891597
1746,2.19452721471,1.89316865457,31.2697135475,2.10780776272,0.653796987184,30.0254649732,3.20668932789,0.489457516147,0.998120958919,3.09838016571,1.0,616.372922846,1.10892418665
1747,2.19578410315,1.89458576817,31.2450379554,2.10773860402,0.654286380769,30.034766443,3.20578653246,0.490157500578,0.998171436044,3.09892029973,1.0,616.375023041,1.11529014628
1748,2.19704099159,1.89600371754,31.2203652528,2.10766834267,0.654776062985,30.0440566062,3.20488161589,0.490858852817,0.998221384003,3.0994634872,1.0,616.377121326,1.12166705164
1749,2.19829788003,1.89742249944,31.1956954855,2.10759697617,0.653366710894,30.0533354588,3.20397457302,0.489426959153,0.998273310275,3.10013044239,1.0,616.372831027,1.12942411753
1750,2.19955476847,1.89884211058,31.1710286995,2.10752450203,0.65385554596,30.0626029964,3.20306539869,0.490126540442,0.998322104757,3.10067816855,1.0,616.374930277,1.13580114079
1751,2.20081165691,1.90026254766,31.146364941,2.10745091775,0.654344665438,30.0718592149,3.20215408772,0.490827482648,0.998370352025,3.10122897073,1.0,616.377027602,1.14218997452
1752,2.20206854534,1.90168380739,31.121704256,2.10737622084,0.654834068187,30.0811041102,3.20124063495,0.491529787754,0.998418045635,3.10178285938,1.0,616.379122999,1.14859087397
1753,2.20332543378,1.90310588643,31.097046691,2.10730040878,0.655323753061,30.0903376781,3.20032503516,0.492233457736,0.998465179107,3.10233984498,1.0,616.381216464,1.15500409505
1754,2.20458232222,1.90452878143,31.0723922924,2.10722347906,0.653907283697,30.0995599144,3.19940728316,0.490787488718,0.998513902788,3.10301255616,1.0,616.376908096,1.16268633414
1755,2.20583921066,1.90595248903,31.0477411066,2.10714542918,0.654396104224,30.1087708151,3.19848737374,0.491489342755,0.998559825376,3.10357412362,1.0,616.37900249,1.16910289078
1756,2.2070960991,1.90737700584,31.0230931804,2.10706625659,0.654885202589,30.1179703758,3.19756530167,0.492192554528,0.998605169264,3.10413881068,1.0,616.381094938,1.17553261755
1757,2.20835298754,1.90880232847,30.9984485605,2.10698595878,0.655374577625,30.1271585926,3.19664106172,0.492897125956,0.998649927827,3.10470662787,1.0,616.383185438,1.18197577117
1758,2.20960987598,1.91022845349,30.9738072938,2.10690453321,0.655864228157,30.1363354613,3.19571464864,0.493603058955,0.998694094399,3.10527758574,1.0,616.385273984,1.18843260959
1759,2.21086676442,1.91165537746,30.9491694272,2.10682197734,0.654440584066,30.1455009777,3.19478605718,0.492142868178,0.998739486074,3.10595600522,1.0,616.38094729,1.19604964575
1760,2.21212365286,1.91308309694,30.9245350079,2.10673828863,0.654929352895,30.1546551377,3.19385528208,0.492846939559,0.998782382748,3.10653158773,1.0,616.38303673,1.20251293191
1761,2.2133805413,1.91451160844,30.899904083,2.10665346453,0.655418392868,30.1637979373,3.19292231805,0.493552365115,0.998824668347,3.10711033364,1.0,616.385124203,1.20899074491
1762,2.21463742974,1.91594090847,30.8752767,2.10656750248,0.655907702788,30.1729293722,3.19198715981,0.494259146702,0.998866336061,3.10769225354,1.0,616.387209705,1.21548334572
1763,2.21589431818,1.91737099352,30.8506529061,2.10648039993,0.656397281455,30.1820494385,3.19104980208,0.49496728617,0.998907379038,3.10827735807,1.0,616.389293234,1.22199099704
1764,2.21715120661,1.91880186006,30.8260327491,2.1063921543,0.656887127659,30.191158132,3.19011023953,0.495676785364,0.99894779039,3.10886565788,1.0,616.391374787,1.22851396338
1765,2.21840809505,1.92023350455,30.8014162764,2.10630276304,0.655455084533,30.2002554485,3.18916846686,0.494198958716,0.998989018299,3.10955120595,1.0,616.387032341,1.23606904308
1766,2.21966498349,1.92166592342,30.776803536,2.10621222355,0.655944028309,30.2093413841,3.18822447874,0.494906540446,0.999028086366,3.11014418488,1.0,616.389114739,1.24260208093
1767,2.22092187193,1.92309911307,30.7521945756,2.10612053327,0.656433235189,30.2184159346,3.18727826982,0.495615474193,0.999066503076,3.11074038188,1.0,616.391195145,1.24915128194
1768,2.22217876037,1.92453306991,30.7275894434,2.1060276896,0.656922703941,30.227479096,3.18632983478,0.496325761742,0.999104261391,3.11133980764,1.0,616.393273558,1.25571691627
1769,2.22343564881,1.92596779032,30.7029881874,2.10593368995,0.657412433329,30.2365308642,3.18537916823,0.497037404871,0.999141354232,3.11194247289,1.0,616.395349972,1.26229925643
1770,2.22469253725,1.92740327065,30.6783908558,2.10583853173,0.655973089515,30.2455712351,3.18442626483,0.495545020799,0.999178952508,3.11263362015,1.0,616.390988662,1.2698084524
1771,2.22594942569,1.92883950725,30.653797497,2.10574221232,0.656461898767,30.2546002047,3.18347111919,0.496254699245,0.999214639376,3.11324100645,1.0,616.393065886,1.27640387642
1772,2.22720631413,1.93027649643,30.6292081596,2.10564472914,0.656950964154,30.2636177689,3.18251372592,0.496965725298,0.999249640492,3.11385165507,1.0,616.395141097,1.2830168676
1773,2.22846320257,1.9317142345,30.6046228919,2.10554607955,0.657440284418,30.2726239237,3.18155407962,0.497678100676,0.999283948621,3.11446557677,1.0,616.397214293,1.2896477063
1774,2.22972009101,1.93315271774,30.5800417429,2.10544626095,0.657929858294,30.281618665,3.18059217488,0.498391827085,0.999317556492,3.11508278234,1.0,616.39928547,1.29629667578
1775,2.23097697944,1.93459194242,30.5554647612,2.1053452707,0.656483156047,30.2906019888,3.17962800629,0.496884739073,0.999351384491,3.11577946872,1.0,616.394905029,1.30376824524
1776,2.23223386788,1.93603190479,30.5308919959,2.10524310619,0.656971791924,30.2995738911,3.17866156841,0.497596452908,0.999383521987,3.1164014368,1.0,616.396976978,1.31043331438
1777,2.23349075632,1.93747260106,30.5063234959,2.10513976477,0.657460676845,30.3085343678,3.17769285581,0.498309509537,0.999414938388,3.11702671162,1.0,616.399046894,1.31711739765
1778,2.23474764476,1.93891402745,30.4817593105,2.1050352438,0.657949809524,30.3174834149,3.17672186303,0.499023910605,0.999445626265,3.11765530403,1.0,616.401114773,1.32382078849
1779,2.2360045332,1.94035618015,30.4571994889,2.10492954065,0.658439188667,30.3264210284,3.17574858462,0.499739657749,0.999475578147,3.11828722489,1.0,616.403180613,1.33054378377
1780,2.23726142164,1.94179905532,30.4326440806,2.10482265265,0.658928812975,30.3353472044,3.17477301509,0.500456752599,0.999504786524,3.11892248507,1.0,616.40524441,1.337286684
1781,2.23851831008,1.94324264912,30.408093135,2.10471457716,0.657473493312,30.3442619387,3.17379514898,0.498931405499,0.999533906935,3.11962611036,1.0,616.400847346,1.34472790273
1782,2.23977519852,1.94468695768,30.3835467019,2.10460531151,0.65796215827,30.3531652275,3.17281498078,0.499646429074,0.999561564889,3.120266186,1.0,616.402911866,1.35149056727
1783,2.24103208696,1.94613197711,30.359004831,2.10449485304,0.658451063743,30.3620570666,3.17183250501,0.500362791789,0.999588457814,3.12090962389,1.0,616.404974328,1.35827406023
1784,2.2422889754,1.9475777035,30.3344675721,2.10438319908,0.658940208409,30.3709374522,3.17084771613,0.501080495207,0.99961457804,3.12155643496,1.0,616.40703473,1.36507869526
1785,2.24354586384,1.94902413294,30.3099349754,2.10427034694,0.65942959094,30.3798063803,3.16986060864,0.501799540884,0.999639917855,3.12220663016,1.0,616.409093069,1.37190479028
1786,2.24480275228,1.95047126146,30.2854070909,2.10415629394,0.657966786322,30.3886638468,3.168871177,0.500259153741,0.999664944662,3.12291565717,1.0,616.404676312,1.37932586593
1787,2.24605964071,1.95191908512,30.2608839689,2.10404103741,0.658455191298,30.3975098478,3.16787941567,0.500976078717,0.999688665734,3.12357070816,1.0,616.406735336,1.38617486588
1788,2.24731652915,1.95336759991,30.2363656598,2.10392457464,0.658943829423,30.4063443794,3.16688531908,0.501694337111,0.999711584289,3.12422916622,1.0,616.408792282,1.39304629198
1789,2.24857341759,1.95481680185,30.211852214,2.10380690294,0.659432699345,30.4151674376,3.16588888169,0.50241393041,0.999733692453,3.12489104235,1.0,616.410847145,1.39994047804
1790,2.24983030603,1.9562666869,30.1873436823,2.1036880196,0.659921799709,30.4239790184,3.16489009791,0.503134860094,0.999754982308,3.12555634756,1.0,616.412899924,1.40685776291
1791,2.25108719447,1.95771725103,30.1628401152,2.10356792191,0.658451452228,30.4327791179,3.16388896216,0.501579287028,0.999775762887,3.12627070237,1.0,616.408463198,1.41426654686
1792,2.25234408291,1.95916849017,30.1383415637,2.10344660717,0.658939556683,30.4415677322,3.16288546885,0.502298045924,0.999795363851,3.12694090311,1.0,616.410516625,1.42120998385
1793,2.25360097135,1.96062040024,30.1138480789,2.10332407265,0.659427886796,30.4503448573,3.16187961237,0.503018132085,0.999814123808,3.1276145559,1.0,616.412567952,1.42817753909
1794,2.25485785979,1.96207297713,30.0893597117,2.10320031562,0.659916441188,30.4591104893,3.16087138711,0.503739546921,0.999832034676,3.12829167177,1.0,616.414617176,1.43516957037
1795,2.25611474823,1.96352621674,30.0648765135,2.10307533336,0.660405218472,30.4678646243,3.15986078743,0.504462291833,0.999849088329,3.12897226182,1.0,616.416664295,1.44218644135
1796,2.25737163667,1.96498011491,30.0403985355,2.10294912314,0.660894217257,30.4766072583,3.15884780771,0.505186368214,0.9998652766,3.12965633712,1.0,616.418709304,1.44922852177
1797,2.25862852511,1.96643466749,30.0159258294,2.1028216822,0.659415033078,30.4853383875,3.1578324423,0.503611910811,0.999880758926,3.13037739049,1.0,616.414255046,1.45663724365
1798,2.25988541354,1.96788987029,29.9914584466,2.10269300781,0.659903013997,30.4940580079,3.15681468555,0.504333754866,0.999895171158,3.13106641231,1.0,616.416300653,1.46370958069
1799,2.26114230198,1.96934571912,29.966996439,2.10256309722,0.660391211553,30.5027661157,3.15579453178,0.505056920927,0.999908694578,3.13175894239,1.0,616.418344137,1.47080822808
1800,2.26239919042,1.97080220975,29.9425398585,2.10243194766,0.660879624328,30.5114627069,3.15477197532,0.505781410312,0.99992132085,3.13245499185,1.0,616.420385494,1.47793357878
1801,2.26365607886,1.97225933795,29.9180887569,2.10229955638,0.661368250901,30.5201477777,3.15374701048,0.506507224334,0.999933041594,3.13315457185,1.0,616.42242472,1.48508603285
1802,2.2649129673,1.97371709946,29.8936431864,2.10216592061,0.659881397059,30.5288213242,3.15271963157,0.504917246176,0.999943926969,3.13388078406,1.0,616.417949908,1.49250006865
1803,2.26616985574,1.97517548999,29.8692031993,2.10203103758,0.660368987087,30.5374833425,3.15168983288,0.505640776277,0.999953797357,3.13458534893,1.0,616.419989694,1.49968639915
1804,2.26742674418,1.97663450525,29.8447688479,2.10189490451,0.660856785982,30.5461338287,3.1506576087,0.506365621264,0.99996273817,3.13529346734,1.0,616.422027336,1.50690101535
1805,2.26868363262,1.97809414091,29.8203401848,2.10175751862,0.661344792301,30.554772779,3.14962295328,0.507091782376,0.999970740855,3.13600515046,1.0,616.424062829,1.51414434474
1806,2.26994052106,1.97955439265,29.7959172625,2.10161887712,0.661833004591,30.5634001894,3.14858586091,0.507819260838,0.999977796817,3.13672040951,1.0,616.426096171,1.52141682307
1807,2.2711974095,1.98101525609,29.7715001339,2.10147897722,0.660338423149,30.5720160563,3.14754632582,0.506213617525,0.999983919877,3.13745169121,1.0,616.421600516,1.52884450461
1808,2.27245429794,1.98247672685,29.7470888518,2.10133781612,0.660825580072,30.5806203756,3.14650434226,0.506938759828,0.999989049221,3.13817197277,1.0,616.423634379,1.53615471555
1809,2.27371118637,1.98393880055,29.7226834692,2.10119539101,0.661312937969,30.5892131437,3.14545990447,0.507665209445,0.999993207167,3.13889585322,1.0,616.425666076,1.5434953551
1810,2.27496807481,1.98540147275,29.6982840393,2.1010516991,0.661800495369,30.5977943565,3.14441300666,0.508392967528,0.999996384943,3.13962334383,1.0,616.427695603,1.55086689132
1811,2.27622496325,1.98686473901,29.6738906153,2.10090673755,0.662288250791,30.6063640103,3.14336364304,0.509122035218,0.999998573732,3.14035445587,1.0,616.429722959,1.55826980201
1812,2.27748185169,1.98832859488,29.6495032508,2.10076050357,0.660785883841,30.6149221013,3.14231180783,0.507500583101,0.999999764999,3.14109071248,1.0,616.425206167,1.56571981176
1813,2.27873874013,1.98979303588,29.6251219991,2.10061299431,0.661272564932,30.6234686257,3.1412574952,0.508227261758,0.999999948928,3.14182688386,1.0,616.427234005,1.5684280534
1814,2.27999562857,1.99125805749,29.600746914,2.10046420696,0.661759438983,30.6320035796,3.14020069935,0.508955239694,0.999999118555,3.14256669961,1.0,616.429259655,1.56095049488
1815,2.28125251701,1.99272365521,29.5763780492,2.10031413867,0.662246504491,30.6405269592,3.13914141443,0.509684517973,0.999997264888,3.14331017104,1.0,616.431283115,1.55343965032
1816,2.28250940545,1.99418982449,29.5520154588,2.10016278661,0.662733759945,30.6490387607,3.13807963462,0.510415097647,0.999994378885,3.14405730946,1.0,616.433304382,1.54589499237
1817,2.28376629389,1.99565656076,29.5276591967,2.10001014793,0.663221203831,30.6575389804,3.13701535406,0.511146979758,0.99999045146,3.14480812622,1.0,616.435323451,1.53831598188
1818,2.28502318233,1.99712385944,29.5033093173,2.09985621979,0.661709711649,30.6660276144,3.1359485669,0.509505831075,0.999985493572,3.14555067478,1.0,616.430787866,1.53082247264
1819,2.28628007077,1.99859171593,29.4789658747,2.09970099933,0.662196058494,30.674504659,3.13487926726,0.510235258993,0.999979464148,3.14630659848,1.0,616.432807367,1.52319609412
1820,2.28753695921,2.0000601256,29.4546289234,2.09954448368,0.662682588627,30.6829701103,3.13380744928,0.510965978658,0.999972367202,3.14706622344,1.0,616.434824656,1.51553379584
1821,2.28879384764,2.00152908382,29.4302985182,2.09938666999,0.663169300508,30.6914239646,3.13273310705,0.511697991034,0.999964193467,3.14782956105,1.0,616.436839731,1.50783499176
1822,2.29005073608,2.00299858591,29.4059747136,2.09922755537,0.663656192591,30.6998662181,3.13165623468,0.51243129707,0.99995493363,3.14859662269,1.0,616.438852588,1.5000990819
1823,2.29130762452,2.00446862719,29.3816575646,2.09906713697,0.662136788229,30.7082968671,3.13057682626,0.510774009607,0.999944654734,3.14934393001,1.0,616.434295249,1.49256217423
1824,2.29256451296,2.00593920294,29.3573471261,2.09890541188,0.662622564005,30.7167159078,3.12949487588,0.511504807132,0.999933210148,3.15011613364,1.0,616.436308497,1.48477387288
1825,2.2938214014,2.00741030846,29.3330434534,2.09874237724,0.663108514775,30.7251233365,3.12841037759,0.512236887331,0.999920652695,3.15089208418,1.0,616.438319513,1.47694672707
1826,2.29507828984,2.00888193897,29.3087466016,2.09857803015,0.66359463897,30.7335191493,3.12732332548,0.512970251074,0.999906972876,3.15167179306,1.0,616.440328293,1.46908008098
1827,2.29633517828,2.01035408973,29.2844566262,2.09841236771,0.664080935016,30.7419033426,3.12623371358,0.513704899218,0.999892161148,3.15245527173,1.0,616.442334835,1.46117326218
1828,2.29759206672,2.01182675593,29.2601735828,2.09824538702,0.662553560739,30.7502759127,3.12514153594,0.512031332064,0.999876378035,3.15320722542,1.0,616.437755437,1.45358224143
1829,2.29884895516,2.01329993277,29.2358975269,2.09807708518,0.66303872108,30.7586368557,3.12404678659,0.512763416774,0.99985929671,3.15399588018,1.0,616.439762329,1.44561747433
1830,2.3001058436,2.01477361542,29.2116285145,2.09790745928,0.663524047998,30.766986168,3.12294945956,0.513496774599,0.999841056034,3.15478832754,1.0,616.441766968,1.43761059006
1831,2.30136273204,2.01624779902,29.1873666014,2.09773650639,0.664009539894,30.7753238459,3.12184954885,0.514231406315,0.999821646275,3.15558457898,1.0,616.44376935,1.42956084926
1832,2.30261962047,2.0177224787,29.1631118439,2.0975642236,0.664495195165,30.7836498856,3.12074704847,0.514967312682,0.999801057654,3.15638464598,1.0,616.445769472,1.42146749264
1833,2.30387650891,2.01919764957,29.138864298,2.09739060798,0.664981012197,30.7919642835,3.11964195242,0.515704494449,0.999779280342,3.15718854007,1.0,616.447767331,1.41332974008
1834,2.30513339735,2.02067330671,29.1146240203,2.0972156566,0.663444293377,30.8002670357,3.11853425466,0.514010613522,0.999756637501,3.15794640385,1.0,616.443168139,1.40565313578
1835,2.30639028579,2.02214944519,29.0903910671,2.09703936653,0.663928951456,30.8085581388,3.11742394919,0.514745164005,0.999732485309,3.15875551838,1.0,616.445166297,1.39744981845
1836,2.30764717423,2.02362606004,29.0661654952,2.09686173482,0.664413765943,30.8168375888,3.11631102995,0.51548097823,0.999707116156,3.15956848274,1.0,616.447162177,1.38919985231
1837,2.30890406267,2.0251031463,29.0419473613,2.09668275852,0.664898735204,30.8251053823,3.11519549091,0.51621805686,0.999680520024,3.16038530847,1.0,616.449155776,1.3809023731
1838,2.31016095111,2.02658069896,29.0177367224,2.09650243469,0.665383857599,30.8333615154,3.11407732602,0.516956400546,0.999652686848,3.16120600713,1.0,616.45114709,1.37255649137
1839,2.31141783955,2.028058713,28.9935336355,2.09632076037,0.663839042683,30.8416059845,3.11295652919,0.515245916003,0.999624119265,3.16196826042,1.0,616.446525196,1.36479811472
1840,2.31267472799,2.02953718338,28.9693381579,2.0961377326,0.664322986442,30.849838786,3.11183309437,0.515981572105,0.999593821594,3.16279421146,1.0,616.44851677,1.35637948308
1841,2.31393161643,2.03101610504,28.9451503469,2.09595334841,0.664807077917,30.8580599161,3.11070701546,0.516718481301,0.999562257905,3.16362405809,1.0,616.450506044,1.34790988065
1842,2.31518850487,2.0324954729,28.9209702599,2.09576760484,0.665291315443,30.8662693713,3.10957828638,0.517456644154,0.999529417938,3.1644578119,1.0,616.452493015,1.33938831521
1843,2.31644539331,2.03397528185,28.8967979548,2.0955804989,0.665775697351,30.8744671478,3.10844690101,0.518196061212,0.999495291385,3.16529548447,1.0,616.454477681,1.33081376365
1844,2.31770228174,2.03545552676,28.8726334891,2.09539202762,0.664222728948,30.8826532421,3.10731285326,0.51646883595,0.999460601387,3.16606199503,1.0,616.449832767,1.32295871345
1845,2.31895917018,2.03693620249,28.8484769208,2.09520218801,0.664705912419,30.8908276505,3.10617613698,0.51720550856,0.999423918512,3.16690495081,1.0,616.451817651,1.31430321422
1846,2.32021605862,2.03841730386,28.8243283081,2.09501097708,0.665189234791,30.8989903693,3.10503674606,0.51794342311,0.999385919364,3.16775184792,1.0,616.453800214,1.30559177267
1847,2.32147294706,2.0398988257,28.8001877091,2.09481839183,0.665672694369,30.9071413949,3.10389467434,0.518682580059,0.99934659344,3.16860269798,1.0,616.455780454,1.29682323891
1848,2.3227298355,2.04138076278,28.7760551821,2.09462442927,0.666156289454,30.9152807238,3.10274991569,0.519422979853,0.999305930184,3.16945751264,1.0,616.457758367,1.28799642476
1849,2.32398672394,2.04286310988,28.7519307857,2.0944290864,0.666640018337,30.9234083522,3.10160246394,0.520164622923,0.999263918992,3.17031630355,1.0,616.45973395,1.2791101019
1850,2.32524361238,2.04434586175,28.7278145785,2.09423236019,0.665077487058,30.9315242766,3.10045231292,0.518416476239,0.999221601811,3.171088269,1.0,616.455068199,1.2711105454
1851,2.32650050082,2.04582901309,28.7037066192,2.09403424764,0.665559993753,30.9396284934,3.09929945645,0.519155304442,0.999176920411,3.17195238355,1.0,616.457043947,1.26213160958
1852,2.32775738926,2.04731255863,28.679606967,2.09383474573,0.666042628688,30.947720999,3.09814388834,0.519895363273,0.999130860516,3.1728204968,1.0,616.459017351,1.25308960808
1853,2.3290142777,2.04879649304,28.6555156807,2.09363385144,0.666525390132,30.9558017897,3.09698560241,0.520636653073,0.999083411322,3.17369262041,1.0,616.460988406,1.2439831462
1854,2.33027116614,2.05028081099,28.6314328196,2.09343156173,0.66700827635,30.963870862,3.09582459244,0.521379174165,0.999034561974,3.17456876609,1.0,616.46295711,1.23481077866
1855,2.33152805457,2.0517655071,28.6073584431,2.09322787357,0.665437466276,30.9719282123,3.09466085221,0.519613971323,0.998985668932,3.17534468649,1.0,616.458267668,1.22667346225
1856,2.33278494301,2.053250576,28.5832926107,2.09302278394,0.665919110244,30.9799738371,3.0934943755,0.520353619398,0.998934052525,3.17622618405,1.0,616.460236496,1.21739705743
1857,2.33404183145,2.05473601229,28.5592353822,2.09281628977,0.666400873364,30.9880077326,3.09232515609,0.521094485809,0.998881004667,3.17711172599,1.0,616.462202957,1.20805055018
1858,2.33529871989,2.05622181053,28.5351868172,2.09260838803,0.666882753876,30.9960298955,3.09115318772,0.521836570789,0.998826514301,3.17800132403,1.0,616.464167049,1.19863228365
1859,2.33655560833,2.05770796529,28.5111469758,2.09239907567,0.667364750013,31.0040403221,3.08997846415,0.522579874555,0.99877057032,3.17889498988,1.0,616.466128769,1.18914053622
1860,2.33781249677,2.05919447109,28.487115918,2.09218834962,0.665785604282,31.0120390089,3.08880097911,0.520797483434,0.998714888594,3.17967471079,1.0,616.461415305,1.18084183729
1861,2.33906938521,2.06068132244,28.4630937042,2.09197620683,0.666266338003,31.0200259523,3.08762072633,0.521537855516,0.998656078373,3.18057375544,1.0,616.463377106,1.17123250903
1862,2.34032627365,2.06216851383,28.4390803947,2.09176264423,0.666747181666,31.0280011488,3.08643769954,0.522279433117,0.998595782491,3.18147689007,1.0,616.46533652,1.16154468175
1863,2.34158316209,2.06365603973,28.4150760501,2.09154765875,0.667228133483,31.0359645948,3.08525189245,0.523022216361,0.998533989634,3.18238412643,1.0,616.467293543,1.15177636024
1864,2.34284005053,2.06514389458,28.3910807311,2.09133124732,0.667709191658,31.0439162868,3.08406329877,0.523766205354,0.998470688437,3.18329547628,1.0,616.469248173,1.14192546475
1865,2.34409693897,2.0666320728,28.3670944985,2.09111340686,0.66612165362,31.0518562213,3.08287191218,0.521966495762,0.998408000378,3.18407883578,1.0,616.464510349,1.13343727059
1866,2.3453538274,2.0681205688,28.3431174135,2.09089413428,0.666601429107,31.0597843947,3.08167772638,0.522707493907,0.998341731397,3.18499558994,1.0,616.466465019,1.12345249963
1867,2.34661071584,2.06960937696,28.319149537,2.0906734265,0.667081305209,31.0677008036,3.08048073503,0.523449684225,0.998273921271,3.1859164796,1.0,616.468417279,1.11337906269
1868,2.34786760428,2.07109849162,28.2951909305,2.09045128042,0.667561280106,31.0756054444,3.07928093182,0.524193066727,0.998204558428,3.18684151651,1.0,616.470367128,1.10321451907
1869,2.34912449272,2.07258790714,28.2712416555,2.09022769295,0.668041351973,31.0834983137,3.07807831041,0.524937641408,0.998133631241,3.18777071245,1.0,616.472314562,1.09295631533
1870,2.35038138116,2.07407761781,28.2473017734,2.09000266098,0.668521518978,31.0913794079,3.07687286443,0.525683408243,0.998061128034,3.18870407922,1.0,616.474259578,1.08260177785
1871,2.3516382696,2.07556761795,28.2233713462,2.08977618141,0.666924134024,31.0992487235,3.07566458754,0.523862009398,0.997989715408,3.18949216516,1.0,616.469499468,1.07383257521
1872,2.35289515804,2.0770579018,28.1994504356,2.08954825113,0.667402994002,31.107106257,3.07445347338,0.524604711881,0.997914118575,3.19043097036,1.0,616.471444469,1.06331937251
1873,2.35415204648,2.07854846363,28.1755391039,2.08931886703,0.667881943299,31.114952005,3.07323951556,0.525348592552,0.997836911989,3.19137396821,1.0,616.473387037,1.05270194208
1874,2.35540893492,2.08003929766,28.1516374132,2.08908802598,0.66836098006,31.122785964,3.0720227077,0.526093651293,0.997758083758,3.19232117053,1.0,616.475327169,1.04197708876
1875,2.35666582336,2.0815303981,28.1277454259,2.08885572486,0.668840102423,31.1306081305,3.07080304342,0.526839887963,0.997677621943,3.19327258911,1.0,616.477264861,1.031141452
1876,2.3579227118,2.08302175913,28.1038632045,2.08862196055,0.667234201659,31.1384185011,3.06958051632,0.525000870687,0.99759870419,3.1940639432,1.0,616.472479683,1.02209628754
1877,2.35917960024,2.0845133749,28.0799908118,2.08838672991,0.667711996502,31.1462170723,3.06835511998,0.525743982712,0.997515041859,3.19502082252,1.0,616.474417318,1.0110758334
1878,2.36043648867,2.08600523957,28.0561283106,2.0881500298,0.668189871069,31.1540038405,3.067126848,0.52648825839,0.997429711426,3.19598193975,1.0,616.476352498,0.999934590841
1879,2.36169337711,2.08749734724,28.0322757639,2.0879118571,0.668667823477,31.1617788025,3.06589569395,0.527233697484,0.997342700735,3.19694730669,1.0,616.478285221,0.988668469983
1880,2.36295026555,2.08898969201,28.0084332349,2.08767220865,0.669145851833,31.1695419547,3.0646616514,0.527980299739,0.997253997578,3.19791693519,1.0,616.480215483,0.977273145948
1881,2.36420715399,2.09048226796,27.9846007868,2.0874310813,0.667531379403,31.1772932937,3.06342471391,0.526123540514,0.99716734112,3.19871136985,1.0,616.475404886,0.967896090117
1882,2.36546404243,2.09197506914,27.9607784832,2.0871884719,0.668008059658,31.1850328161,3.06218487502,0.526866957397,0.997075328085,3.19968647976,1.0,616.477335047,0.956282380154
1883,2.36672093087,2.09346808957,27.9369663877,2.0869443773,0.668484809927,31.1927605185,3.0609421283,0.527611522853,0.996981587273,3.20066587264,1.0,616.479262733,0.94452645551
1884,2.36797781931,2.09496132327,27.9131645641,2.08669879433,0.668961628294,31.2004763973,3.05969646726,0.528357236525,0.996886106258,3.20164956032,1.0,616.481187939,0.932622934516
1885,2.36923470775,2.09645476421,27.8893730763,2.08645171983,0.669438512841,31.2081804493,3.05844788544,0.52910409804,0.99678887256,3.20263755465,1.0,616.483110664,0.920566088308
1886,2.37049159619,2.09794840637,27.8655919884,2.08620315063,0.669915461638,31.215872671,3.05719637637,0.529852107004,0.996689873647,3.20362986749,1.0,616.485030904,0.908349808578
1887,2.37174848463,2.09944224369,27.8418213648,2.08595308356,0.668290928972,31.223553059,3.05594193355,0.527973090845,0.996593583351,3.20442836828,1.0,616.480196871,0.898464632011
1888,2.37300537307,2.10093627008,27.8180612697,2.08570151544,0.668766504939,31.2312216099,3.05468455048,0.528717838797,0.996491139116,3.20542619081,1.0,616.482116955,0.885974251648
1889,2.3742622615,2.10243047943,27.7943117679,2.08544844309,0.66924213915,31.2388783202,3.05342422068,0.529463719217,0.996386893386,3.20642835302,1.0,616.484034538,0.873305750092
1890,2.37551914994,2.10392486564,27.770572924,2.08519386332,0.669717829654,31.2465231867,3.05216093762,0.53021073161,0.996280833408,3.20743486676,1.0,616.485949618,0.860451259471
1891,2.37677603838,2.10541942255,27.746844803,2.08493777295,0.670193574495,31.254156206,3.05089469479,0.53095887546,0.996172946375,3.2084457439,1.0,616.487862192,0.847402315902
1892,2.37803292682,2.10691414398,27.72312747,2.08468016879,0.668560348548,31.2617773746,3.04962548566,0.529061832388,0.996068382532,3.2092468959,1.0,616.483002,0.836988287433
1893,2.37928981526,2.10840902376,27.6994209901,2.08442104763,0.669034699789,31.2693866892,3.0483533037,0.529806653518,0.995956935243,3.21026329963,1.0,616.484914374,0.823599891428
1894,2.3805467037,2.10990405567,27.6757254287,2.08416040628,0.669509099303,31.2769841464,3.04707814237,0.530552590814,0.995843623803,3.21128408766,1.0,616.486824225,0.809990667673
1895,2.38180359214,2.11139923347,27.6520408514,2.08389824153,0.669983545111,31.2845697429,3.04579999513,0.531299643659,0.995728435183,3.21230927187,1.0,616.488731553,0.796149294646
1896,2.38306048058,2.1128945509,27.628367324,2.08363455019,0.670458035227,31.2921434753,3.04451885542,0.532047811413,0.9956113563,3.21333886412,1.0,616.490636352,0.788732877147
1897,2.38431736902,2.11439000169,27.6047049122,2.08336932902,0.67093256766,31.2997053403,3.04323471667,0.532797093416,0.995492374013,3.2143728763,1.0,616.492538621,0.803076646592
1898,2.38557425746,2.11588557953,27.5810536821,2.08310257483,0.669289136833,31.3072553345,3.04194757233,0.530877408959,0.995377512301,3.21517758484,1.0,616.48765419,0.814345543517
1899,2.3868311459,2.11738127811,27.5574137,2.08283428439,0.669762250697,31.3147934546,3.0406574158,0.531623291238,0.995254827476,3.21621714735,1.0,616.489556203,0.829149563934
1900,2.38808803434,2.11887709107,27.5337850322,2.08256445447,0.670235400742,31.3223196972,3.03936424052,0.532370272083,0.995130201159,3.21726115039,1.0,616.491455669,0.844254764812
1901,2.38934492277,2.12037301205,27.5101677451,2.08229308186,0.670708584956,31.3298340591,3.03806803989,0.533118350731,0.995003619985,3.21830960584,1.0,616.493352587,0.859680331458
1902,2.39060181121,2.12186903466,27.4865619056,2.08202016333,0.671181801317,31.3373365369,3.03676880731,0.533867526396,0.994875070535,3.21936252559,1.0,616.495246952,0.87544757672
1903,2.39185869965,2.12336515248,27.4629675805,2.08174569564,0.669529557159,31.3448271272,3.03546653619,0.531929541933,0.994751374979,3.22016941157,1.0,616.490335601,0.887683696589
1904,2.39311558809,2.12486135909,27.4393848368,2.08146967555,0.670001334017,31.3523058269,3.03416121991,0.532675255297,0.994619002342,3.22122789433,1.0,616.492229665,0.904074715632
1905,2.39437247653,2.12635764802,27.4158137416,2.08119209983,0.670473136833,31.3597726326,3.03285285185,0.533422049688,0.994484622503,3.22229086169,1.0,616.494121162,0.920878612988
1906,2.39562936497,2.1278540128,27.3922543624,2.08091296523,0.670944963565,31.3672275409,3.03154142539,0.534169924213,0.994348221818,3.22335832552,1.0,616.496010088,0.938128274805
1907,2.39688625341,2.12935044692,27.3687067667,2.08063226851,0.671416812163,31.3746705486,3.0302269339,0.534918877961,0.994209786583,3.2244302977,1.0,616.497896442,0.955861200101
1908,2.39814314185,2.13084694387,27.3451710221,2.08035000642,0.669755700654,31.3821016525,3.02890937075,0.532962484354,0.994076995704,3.22523912317,1.0,616.492957793,0.969478976389
1909,2.39940003029,2.1323434971,27.3216471965,2.0800661757,0.670226088756,31.3895208491,3.02758872929,0.533707912927,0.993934614006,3.22631666892,1.0,616.4948438,0.988122356874
1910,2.40065691873,2.13384010004,27.2981353579,2.07978077309,0.670696492483,31.3969281353,3.02626500287,0.534454404426,0.993790157988,3.22739874301,1.0,616.496727218,1.00738194193
1911,2.40191380717,2.13533674611,27.2746355746,2.07949379534,0.671166909765,31.4043235078,3.02493818484,0.535201957831,0.993643613721,3.22848535729,1.0,616.498608045,1.02732322112
1912,2.4031706956,2.13683342869,27.2511479149,2.07920523919,0.671637338523,31.4117069633,3.02360826854,0.535950572099,0.993494967216,3.22957652362,1.0,616.500486277,1.04802417988
1913,2.40442758404,2.13833014114,27.2276724472,2.07891510137,0.672107776671,31.4190784986,3.0222752473,0.536700246165,0.993344204431,3.2306722539,1.0,616.502361911,1.0695789163
1914,2.40568447248,2.13982687682,27.2042092404,2.07862337861,0.67043625328,31.4264381104,3.02093911445,0.534720689436,0.993200095467,3.23148378833,1.0,616.497397789,1.0860227847
1915,2.40694136092,2.14132362904,27.1807583633,2.07833006763,0.670905205678,31.4337857954,3.0195998633,0.535466759652,0.993045233714,3.23258510828,1.0,616.499273019,1.10929580598
1916,2.40819824936,2.14282039111,27.1573198848,2.07803516517,0.671374161161,31.4411215505,3.01825748717,0.536213872982,0.992888214883,3.23369101176,1.0,616.501145636,1.13380608994
1917,2.4094551378,2.1443171563,27.1338938743,2.07773866794,0.671843117622,31.4484453723,3.01691197938,0.536962028252,0.992729024699,3.23480151063,1.0,616.503015637,1.15977489134
1918,2.41071202624,2.14581391786,27.1104804011,2.07744057267,0.672312072948,31.4557572577,3.01556333322,0.537711224264,0.992567648831,3.23591661676,1.0,616.50488302,1.18749851132
1919,2.41196891468,2.14731066904,27.0870795347,2.07714087607,0.670631564897,31.4630572034,3.014211542,0.535713005769,0.992413846865,3.23672954543,1.0,616.499890805,1.2088575486
1920,2.41322580312,2.14880740305,27.0636913448,2.07683957485,0.671099013355,31.4703452062,3.012856599,0.536458534386,0.992248242862,3.23785024688,1.0,616.501757738,1.24060433091
1921,2.41448269156,2.15030411307,27.0403159014,2.07653666573,0.671566454322,31.4776212629,3.01149849751,0.53720508676,0.992080411515,3.2389755748,1.0,616.503622036,1.27574682787
1922,2.41573958,2.15180079227,27.0169532746,2.07623214541,0.672033885663,31.4848853703,3.01013723082,0.537952661586,0.99191033826,3.24010554103,1.0,616.505483696,1.31568445842
1923,2.41699646843,2.15329743379,26.9936035344,2.07592601059,0.672501305238,31.4921375252,3.00877279219,0.538701257533,0.991738008476,3.2412401574,1.0,616.507342717,1.36316598531
1924,2.41825335687,2.15479403076,26.9702667514,2.07561825798,0.6729687109,31.4993777243,3.00740517491,0.539450873249,0.991563407485,3.24237943575,1.0,616.509199094,1.42540335495
1925,2.41951024531,2.15629057629,26.9469429961,2.07530888428,0.671277651474,31.5066059645,3.00603437223,0.53742914359,0.991397545473,3.2431944224,1.0,616.504180541,1.49622034179
1926,2.42076713375,2.15778706344,26.9236323393,2.07499788619,0.671743524852,31.5138222427,3.00466037743,0.538175012234,0.991218556633,3.24433930624,0.0,0.0,0.0
1927,2.42202402219,2.15928348528,26.9003348519,2.0746852604,0.672209377896,31.5210265555,3.00328318375,0.538921883277,0.99103725388,3.24548887085,0.0,0.0,0.0
1928,2.42328091063,2.16077983484,26.877050605,2.07437100359,0.672675208439,31.5282189,3.00190278444,0.539669755255,0.990853622299,3.24664312803,0.0,0.0,0.0
1929,2.42453779907,2.16227610513,26.8537796699,2.07405511247,0.673141014305,31.5353992727,3.00051917276,0.540418626679,0.990667646922,3.24780208961,0.0,0.0,0.0
1930,2.42579468751,2.16377228914,26.8305221179,2.07373758372,0.671440855092,31.5425676708,2.99913234195,0.538377998464,0.990491468258,3.24861787126,0.0,0.0,0.0
1931,2.42705157595,2.16526837985,26.8072780209,2.07341841402,0.671905107463,31.5497240908,2.99774228523,0.539123058745,0.990300969875,3.24978243853,0.0,0.0,0.0
1932,2.42830846439,2.16676437019,26.7840474504,2.07309760006,0.672369328692,31.5568685298,2.99634899586,0.539869100808,0.990108084112,3.25095172853,0.0,0.0,0.0
1933,2.42956535283,2.1682602531,26.7608304786,2.07277513851,0.672833516581,31.5640009845,2.99495246704,0.540616123053,0.989912795762,3.25212575304,0.0,0.0,0.0
1934,2.43082224127,2.16975602147,26.7376271775,2.07245102606,0.673297668929,31.5711214519,2.99355269202,0.541364123858,0.989715089561,3.25330452384,0.0,0.0,0.0
1935,2.4320791297,2.17125166819,26.7144376195,2.07212525938,0.67158835844,31.5782299287,2.992149664,0.539304506747,0.989528304434,3.25412080136,0.0,0.0,0.0
1936,2.43333601814,2.17274718611,26.6912618771,2.07179783514,0.672050936055,31.5853264119,2.99074337622,0.540048632211,0.989325937342,3.25530517533,0.0,0.0,0.0
1937,2.43459290658,2.17424256808,26.668100023,2.07146875001,0.672513471618,31.5924108983,2.98933382187,0.540793718278,0.989121107933,3.25649431347,0.0,0.0,0.0
1938,2.43584979502,2.1757378069,26.64495213,2.07113800067,0.672975962904,31.5994833848,2.98792099416,0.541539763213,0.988913800706,3.25768822751,0.0,0.0,0.0
1939,2.43710668346,2.17723289536,26.6218182712,2.07080558378,0.673438407685,31.6065438683,2.98650488631,0.542286765252,0.988704000102,3.25888692918,0.0,0.0,0.0
1940,2.4383635719,2.17872782625,26.5986985197,2.070471496,0.673900803725,31.6135923457,2.98508549151,0.543034722609,0.988491690502,3.26009043025,0.0,0.0,0.0
1941,2.43962046034,2.1802225923,26.575592949,2.07013573401,0.67218074379,31.6206288139,2.98366280296,0.540951135455,0.988291711482,3.26090769009,0.0,0.0,0.0
1942,2.44087734878,2.18171718625,26.5525016326,2.06979829446,0.672641539521,31.6276532697,2.98223681385,0.541695136733,0.988074570631,3.26211679457,0.0,0.0,0.0
1943,2.44213423722,2.18321160079,26.5294246443,2.06945917401,0.673102279941,31.6346657102,2.98080751738,0.542440075001,0.987854875252,3.26333071577,0.0,0.0,0.0
1944,2.44339112566,2.18470582862,26.506362058,2.06911836933,0.673562962795,31.6416661321,2.97937490674,0.543185948358,0.987632609489,3.26454946537,0.0,0.0,0.0
1945,2.4446480141,2.18619986239,26.4833139478,2.06877587706,0.674023585819,31.6486545325,2.9779389751,0.543932754878,0.987407757427,3.26577305507,0.0,0.0,0.0
1946,2.44590490253,2.18769369474,26.460280388,2.06843169387,0.672294263173,31.6556309083,2.97649971564,0.541829968533,0.987196511007,3.26659012444,0.0,0.0,0.0
1947,2.44716179097,2.18918731829,26.4372614531,2.0680858164,0.672753264605,31.6625952563,2.97505712156,0.542572754497,0.98696668373,3.2678193087,0.0,0.0,0.0
1948,2.44841867941,2.19068072564,26.4142572177,2.06773824131,0.673212199595,31.6695475735,2.97361118602,0.543316455014,0.986734223729,3.26905334986,0.0,0.0,0.0
1949,2.44967556785,2.19217390936,26.3912677566,2.06738896526,0.673671065863,31.676487857,2.9721619022,0.544061068045,0.98649911485,3.27029225954,0.0,0.0,0.0
1950,2.45093245629,2.193666862,26.3682931449,2.06703798488,0.674129861118,31.6834161035,2.97070926326,0.544806591523,0.986261340884,3.27153604938,0.0,0.0,0.0
1951,2.45218934473,2.19515957609,26.3453334577,2.06668529683,0.674588583066,31.6903323101,2.96925326238,0.545553023355,0.986020885562,3.27278473103,0.0,0.0,0.0
1952,2.45344623317,2.19665204414,26.3223887704,2.06633089775,0.672848378516,31.6972364737,2.96779389272,0.543425967531,0.985795624958,3.27360195905,0.0,0.0,0.0
1953,2.45470312161,2.19814425864,26.2994591585,2.0659747843,0.673305453228,31.7041285913,2.96633114744,0.544168297531,0.98555001665,3.27485622783,0.0,0.0,0.0
1954,2.45596001005,2.19963621206,26.2765446979,2.06561695311,0.673762447967,31.7110086598,2.96486501971,0.544911516914,0.985301679483,3.27611540457,0.0,0.0,0.0
1955,2.45721689849,2.20112789683,26.2536454644,2.06525740083,0.67421936042,31.7178766763,2.96339550269,0.545655623471,0.985050596946,3.27737950086,0.0,0.0,0.0
1956,2.45847378693,2.20261930538,26.2307615341,2.0648961241,0.674676188264,31.7247326377,2.96192258953,0.546400614969,0.984796752474,3.27864852826,0.0,0.0,0.0
1957,2.45973067537,2.20411043011,26.2078929833,2.06453311956,0.672926612432,31.731576541,2.96044627339,0.544254169794,0.984559538263,3.27946481348,0.0,0.0,0.0
1958,2.4609875638,2.20560126339,26.1850398885,2.06416838385,0.673381771744,31.7384083832,2.95896654743,0.544994994885,0.984300390739,3.28073941212,0.0,0.0,0.0
1959,2.46224445224,2.2070917976,26.1622023263,2.06380191362,0.673836839744,31.7452281613,2.95748340479,0.545736685672,0.984038432879,3.28201895744,0.0,0.0,0.0
1960,2.46350134068,2.20858202505,26.1393803736,2.06343370549,0.674291814093,31.7520358722,2.95599683864,0.546479239809,0.983773647876,3.28330346093,0.0,0.0,0.0
1961,2.46475822912,2.21007193808,26.1165741074,2.06306375612,0.674746692443,31.7588315131,2.95450684211,0.547222654919,0.983506018863,3.2845929341,0.0,0.0,0.0
1962,2.46601511756,2.21156152896,26.0937836049,2.06269206214,0.675201472442,31.7656150809,2.95301340837,0.547966928596,0.98323552892,3.28588738844,0.0,0.0,0.0
1963,2.467272006,2.21305078997,26.0710089434,2.06231862018,0.673440885681,31.7723865726,2.95151653055,0.545795937841,0.982983448994,3.28670292773,0.0,0.0,0.0
1964,2.46852889444,2.21453971337,26.0482502007,2.06194342688,0.673893971479,31.7791459853,2.95001620181,0.546535963519,0.98270747081,3.28800293735,0.0,0.0,0.0
1965,2.46978578288,2.21602829137,26.0255074543,2.06156647888,0.674346952173,31.785893316,2.94851241529,0.547276828171,0.982428582213,3.28930794298,0.0,0.0,0.0
1966,2.47104267132,2.21751651619,26.0027807823,2.06118777281,0.674799825391,31.7926285617,2.94700516414,0.54801852928,0.98214676604,3.29061795604,0.0,0.0,0.0
1967,2.47229955976,2.21900438001,25.9800702629,2.06080730531,0.675252588757,31.7993517195,2.94549444151,0.548761064298,0.98186200507,3.29193298795,0.0,0.0,0.0
1968,2.4735564482,2.22049187501,25.9573759742,2.06042507302,0.675705239885,31.8060627864,2.94398024054,0.549504430648,0.981574282027,3.29325305013,0.0,0.0,0.0
1969,2.47481333663,2.22197899331,25.9346979949,2.06004107256,0.673933573196,31.8127617595,2.94246255438,0.547308738543,0.981306855455,3.2940673239,0.0,0.0,0.0
1970,2.47607022507,2.22346572705,25.9120364036,2.05965530059,0.67438450445,31.8194486358,2.94094137618,0.548047775143,0.98101345492,3.29539292043,0.0,0.0,0.0
1971,2.47732711351,2.22495206832,25.8893912793,2.05926775372,0.674835316667,31.8261234124,2.93941669907,0.548787623141,0.980717041749,3.29672356128,0.0,0.0,0.0
1972,2.47858400195,2.2264380092,25.8667627009,2.05887842859,0.675286007446,31.8327860863,2.93788851621,0.549528279845,0.980417598423,3.29805925778,0.0,0.0,0.0
1973,2.47984089039,2.22792354176,25.8441507477,2.05848732185,0.675736574379,31.8394366547,2.93635682074,0.550269742535,0.980115107368,3.29940002125,0.0,0.0,0.0
1974,2.48109777883,2.22940865803,25.8215554992,2.05809443012,0.673955374758,31.8460751147,2.93482160581,0.548054398142,0.979834615598,3.30021205508,0.0,0.0,0.0
1975,2.48235466727,2.23089335003,25.7989770351,2.05769975005,0.674404200567,31.8527014632,2.93328286457,0.54879146668,0.979526287583,3.30155832474,0.0,0.0,0.0
1976,2.48361155571,2.23237760975,25.776415435,2.05730327826,0.674852895699,31.8593156975,2.93174059016,0.54952932102,0.979214860382,3.30290967471,0.0,0.0,0.0
1977,2.48486844415,2.23386142918,25.7538707792,2.0569050114,0.675301457726,31.8659178145,2.93019477575,0.550267958327,0.97890031618,3.30426611619,0.0,0.0,0.0
1978,2.48612533259,2.23534480025,25.7313431476,2.0565049461,0.675749884216,31.8725078114,2.92864541447,0.551007375737,0.978582637107,3.30562766041,0.0,0.0,0.0
1979,2.48738222103,2.23682771491,25.7088326208,2.056103079,0.676198172732,31.8790856854,2.92709249948,0.551747570356,0.978261805236,3.3069943186,0.0,0.0,0.0
1980,2.48863910947,2.23831016506,25.6863392794,2.05569940673,0.674405770118,31.8856514335,2.92553602393,0.549507288535,0.977965068676,3.30780404339,0.0,0.0,0.0
1981,2.4898959979,2.23979214261,25.6638632039,2.05529392595,0.674852291881,31.8922050528,2.92397598099,0.550243007303,0.977638203256,3.30917617684,0.0,0.0,0.0
1982,2.49115288634,2.24127363941,25.6414044756,2.05488663328,0.675298668795,31.8987465405,2.9224123638,0.55097948277,0.977308132506,3.31055343668,0.0,0.0,0.0
1983,2.49240977478,2.24275464732,25.6189631754,2.05447752536,0.675744898406,31.9052758937,2.92084516553,0.551716711927,0.976974838261,3.31193583404,0.0,0.0,0.0
1984,2.49366666322,2.24423515817,25.5965393847,2.05406659885,0.676190978252,31.9117931096,2.91927437934,0.552454691735,0.9766383023,3.31332338001,0.0,0.0,0.0
1985,2.49492355166,2.24571516377,25.5741331851,2.05365385038,0.676636905864,31.9182981852,2.91769999839,0.553193419125,0.976298506345,3.31471608569,0.0,0.0,0.0
1986,2.4961804401,2.2471946559,25.5517446583,2.05323927659,0.674833234675,31.9247911177,2.91612201584,0.55092806669,0.975985018951,3.3155229016,0.0,0.0,0.0
1987,2.49743732854,2.24867362633,25.5293738861,2.05282287414,0.675277369939,31.9312719044,2.91454042488,0.551662236583,0.97563898888,3.31692104579,0.0,0.0,0.0
1988,2.49869421698,2.25015206681,25.5070209508,2.05240463966,0.675721346059,31.9377405423,2.91295521866,0.552397133233,0.975289645216,3.31832436119,0.0,0.0,0.0
1989,2.49995110542,2.25162996906,25.4846859345,2.05198456981,0.676165160549,31.9441970285,2.91136639037,0.553132753455,0.974936969447,3.31973285878,0.0,0.0,0.0
1990,2.50120799386,2.25310732479,25.4623689197,2.05156266123,0.67660881092,31.9506413604,2.90977393318,0.553869094036,0.974580943005,3.32114654953,0.0,0.0,0.0
1991,2.5024648823,2.25458412569,25.4400699892,2.05113891058,0.674795453713,31.957073535,2.90817784027,0.551583884652,0.974253223734,3.32194963403,0.0,0.0,0.0
1992,2.50372177073,2.25606036342,25.4177892258,2.05071331451,0.675237290631,31.9634935496,2.90657810482,0.552315604025,0.973890794527,3.32336872074,0.0,0.0,0.0
1993,2.50497865917,2.25753602962,25.3955267126,2.05028586967,0.675678956491,31.9699014012,2.90497472003,0.553048022707,0.973524960171,3.32479301122,0.0,0.0,0.0
1994,2.50623554761,2.25901111593,25.3732825328,2.04985657272,0.676120448789,31.9762970872,2.90336767909,0.553781137371,0.973155701862,3.32622251632,0.0,0.0,0.0
1995,2.50749243605,2.26048561394,25.3510567699,2.04942542031,0.676561765009,31.9826806047,2.90175697519,0.554514944658,0.972783000743,3.32765724687,0.0,0.0,0.0
1996,2.50874932449,2.26195951523,25.3288495075,2.04899240911,0.677002902634,31.9890519509,2.90014260153,0.555249441178,0.972406837901,3.32909721368,0.0,0.0,0.0
1997,2.51000621293,2.26343281138,25.3066608295,2.04855753578,0.675178160636,31.995411123,2.89852455132,0.552938970677,0.972061426929,3.32989618701,0.0,0.0,0.0
1998,2.51126310137,2.26490549393,25.2844908198,2.04812079698,0.675617459334,32.0017581183,2.89690281776,0.553668764805,0.971678653658,3.33134150131,0.0,0.0,0.0
1999,2.51251998981,2.26637755439,25.2623395627,2.04768218939,0.676056572466,32.0080929339,2.89527739407,0.55439922682,0.971292363143,3.33279206142,0.0,0.0,0.0
2000,2.51377687825,2.26784898429,25.2402071426,2.04724170966,0.676495497499,32.0144155671,2.89364827347,0.555130353222,0.97090253624,3.33424787804,0.0,0.0,0.0
2001,2.51503376669,2.26931977509,25.2180936441,2.04679935447,0.676934231892,32.0207260151,2.89201544918,0.555862140474,0.970509153752,3.33570896183,0.0,0.0,0.0
2002,2.51629065513,2.27078991826,25.195999152,2.04635512049,0.677372773099,32.0270242752,2.89037891443,0.55659458501,0.970112196428,3.33717532346,0.0,0.0,0.0
2003,2.51754754356,2.27225940526,25.1739237513,2.0459090044,0.675536584637,32.0333103445,2.88873866245,0.554258745874,0.969748565152,3.33796949386,0.0,0.0,0.0
2004,2.518804432,2.2737282275,25.1518675272,2.04546100288,0.675973261518,32.0395842204,2.88709468649,0.554986407118,0.96934478593,3.33944114766,0.0,0.0,0.0
2005,2.52006132044,2.27519637638,25.1298305651,2.04501111261,0.676409738215,32.0458459001,2.88544697978,0.555714704018,0.968937375319,3.3409180877,0.0,0.0,0.0
2006,2.52131820888,2.27666384331,25.1078129505,2.04455933028,0.676846012165,32.0520953808,2.88379553559,0.556443632896,0.968526313841,3.34240032449,0.0,0.0,0.0
2007,2.52257509732,2.27813061963,25.0858147692,2.04410565257,0.677282080802,32.0583326599,2.88214034716,0.557173190041,0.968111581965,3.34388786853,0.0,0.0,0.0
2008,2.52383198576,2.2795966967,25.0638361073,2.04365007618,0.675436062985,32.0645577345,2.88048140777,0.554817354664,0.967732503761,3.34467659383,0.0,0.0,0.0
2009,2.5250888742,2.28106206585,25.0418770508,2.0431925978,0.675870246436,32.070770602,2.87881871068,0.555542066064,0.967310772614,3.34616937065,0.0,0.0,0.0
2010,2.52634576264,2.28252671838,25.0199376861,2.04273321412,0.676304217557,32.0769712596,2.87715224917,0.556267383911,0.966885313674,3.34766746206,0.0,0.0,0.0
2011,2.52760265108,2.28399064559,24.9980180997,2.04227192186,0.676737973765,32.0831597047,2.87548201652,0.556993304384,0.966456107186,3.34917087839,0.0,0.0,0.0
2012,2.52885953952,2.28545383874,24.9761183785,2.0418087177,0.677171512475,32.0893359345,2.87380800603,0.557719823629,0.966023133344,3.35067962996,0.0,0.0,0.0
2013,2.53011642796,2.28691628907,24.9542386093,2.04134359837,0.677604831094,32.0954999463,2.87213021101,0.558446937759,0.965586372291,3.35219372708,0.0,0.0,0.0
2014,2.5313733164,2.28837798784,24.9323788793,2.04087656057,0.675747258374,32.1016517374,2.87044862474,0.556065594463,0.965188096145,3.35297626518,0.0,0.0,0.0
2015,2.53263020483,2.28983892623,24.9105392758,2.04040760102,0.67617866661,32.1077913052,2.86876324055,0.556787782859,0.964744117692,3.35449552599,0.0,0.0,0.0
2016,2.53388709327,2.29129909546,24.8887198864,2.03993671644,0.676609847713,32.1139186469,2.86707405177,0.557510544062,0.964296293638,3.35602013839,0.0,0.0,0.0
2017,2.53514398171,2.29275848669,24.8669207988,2.03946390355,0.677040799077,32.1200337598,2.86538105171,0.558233874075,0.963844603906,3.35755011252,0.0,0.0,0.0
2018,2.53640087015,2.29421709108,24.8451421008,2.03898915908,0.67747151809,32.1261366414,2.86368423373,0.55895776887,0.963389028369,3.35908545848,0.0,0.0,0.0
2019,2.53765775859,2.29567489976,24.8233838807,2.03851247976,0.677902002136,32.1322272889,2.86198359117,0.559682224384,0.962929546852,3.36062618637,0.0,0.0,0.0
2020,2.53891464703,2.29713190386,24.8016462267,2.03803386233,0.676032817263,32.1383056996,2.86027911738,0.557275294446,0.962511525389,3.36140173996,0.0,0.0,0.0
2021,2.54017153547,2.29858809447,24.7799292273,2.03755330354,0.67646136585,32.1443718709,2.85857080574,0.557994744775,0.962044604833,3.36294755442,0.0,0.0,0.0
2022,2.54142842391,2.30004346267,24.7582329713,2.03707080012,0.676889672408,32.1504258002,2.85685864962,0.558714733501,0.961573718937,3.36449875549,0.0,0.0,0.0
2023,2.54268531235,2.30149799953,24.7365575475,2.03658634882,0.677317734306,32.1564674848,2.8551426424,0.559435256453,0.961098847311,3.36605535306,0.0,0.0,0.0
2024,2.54394220079,2.30295169609,24.714903045,2.03609994641,0.677745548909,32.162496922,2.85342277748,0.560156309428,0.960619969515,3.36761735701,0.0,0.0,0.0
2025,2.54519908923,2.30440454337,24.6932695532,2.03561158964,0.678173113574,32.1685141093,2.85169904826,0.560877888188,0.960137065066,3.36918477722,0.0,0.0,0.0
2026,2.54645597766,2.30585653238,24.6716571616,2.03512127528,0.676292260965,32.174519044,2.84997144816,0.55844530364,0.959698745254,3.36995250824,0.0,0.0,0.0
2027,2.5477128661,2.30730765411,24.6500659597,2.03462900009,0.676717865237,32.1805117234,2.8482399706,0.559161798394,0.959208176752,3.3715249294,0.0,0.0,0.0
2028,2.54896975454,2.30875789954,24.6284960375,2.03413476086,0.677143212494,32.186492145,2.84650460903,0.559878796383,0.958713521295,3.37310277003,0.0,0.0,0.0
2029,2.55022664298,2.3102072596,24.6069474851,2.03363855436,0.677568300081,32.1924603061,2.84476535688,0.560596293263,0.95821475819,3.37468603977,0.0,0.0,0.0
2030,2.55148353142,2.31165572525,24.5854203928,2.03314037738,0.677993125341,32.1984162041,2.84302220762,0.561314284656,0.957711866697,3.37627474825,0.0,0.0,0.0
2031,2.55274041986,2.31310328739,24.563914851,2.03264022671,0.678417685608,32.2043598365,2.84127515471,0.56203276615,0.957204826031,3.37786890508,0.0,0.0,0.0
2032,2.5539973083,2.31454993692,24.5424309504,2.03213809916,0.676525111417,32.2102912006,2.83952419164,0.559574470173,0.95674564989,3.3786279326,0.0,0.0,0.0
2033,2.55525419674,2.31599566473,24.5209687818,2.03163399151,0.676947686513,32.2162102938,2.8377693119,0.560287789567,0.956230716937,3.38022699579,0.0,0.0,0.0
2034,2.55651108518,2.31744046168,24.4995284364,2.03112790059,0.677369989525,32.2221171136,2.836010509,0.5610015763,0.955711573603,3.38183150899,0.0,0.0,0.0
2035,2.55776797362,2.31888431862,24.4781100054,2.03061982321,0.677792017778,32.2280116573,2.83424777644,0.561715825855,0.955188198902,3.38344148158,0.0,0.0,0.0
2036,2.55902486206,2.32032722636,24.4567135802,2.03010975619,0.67821376859,32.2338939225,2.83248110777,0.562430533683,0.954660571804,3.38505692291,0.0,0.0,0.0
2037,2.5602817505,2.32176917573,24.4353392525,2.02959769636,0.678635239276,32.2397639064,2.83071049653,0.563145695199,0.954128671237,3.38667784233,0.0,0.0,0.0
2038,2.56153863893,2.32321015751,24.4139871141,2.02908364055,0.676730891459,32.2456216067,2.82893593627,0.560661642516,0.95364807663,3.38742724029,0.0,0.0,0.0
2039,2.56279552737,2.32465016249,24.3926572572,2.02856758561,0.677150352369,32.2514670206,2.82715742056,0.561371564662,0.953108052496,3.38905296194,0.0,0.0,0.0
2040,2.56405241581,2.32608918142,24.3713497739,2.02804952838,0.677569526051,32.2573001457,2.82537494298,0.562081917537,0.952563692814,3.39068416165,0.0,0.0,0.0
2041,2.56530930425,2.32752720505,24.3500647566,2.02752946573,0.677988409809,32.2631209794,2.82358849713,0.562792696455,0.95201497632,3.39232084852,0.0,0.0,0.0
2042,2.56656619269,2.32896422409,24.3288022981,2.0270073945,0.678407000942,32.2689295191,2.82179807663,0.563503896695,0.951461881706,3.39396303161,0.0,0.0,0.0
2043,2.56782308113,2.33040022926,24.3075624911,2.02648331157,0.678825296742,32.2747257624,2.82000367509,0.564215513501,0.950904387625,3.39561071997,0.0,0.0,0.0
2044,2.56907996957,2.33183521124,24.2863454287,2.02595721382,0.676909125123,32.2805097067,2.81820528617,0.561705670767,0.95040180913,3.39634951484,0.0,0.0,0.0
2045,2.57033685801,2.33326916072,24.265151204,2.02542909812,0.677325386734,32.2862813494,2.8164029035,0.562411971857,0.949835957353,3.39800189119,0.0,0.0,0.0
2046,2.57159374645,2.33470206835,24.2439799106,2.02489896138,0.677741345904,32.2920406882,2.81459652077,0.563118666378,0.949265643202,3.39965977102,0.0,0.0,0.0
2047,2.57285063489,2.33613392476,24.222831642,2.02436680048,0.678156999919,32.2977877203,2.81278613165,0.563825749472,0.948690845148,3.40132316308,0.0,0.0,0.0
2048,2.57410752333,2.3375647206,24.2017064921,2.02383261235,0.678572346056,32.3035224434,2.81097172986,0.564533216249,0.948111541622,3.40299207614,0.0,0.0,0.0
2049,2.57536441176,2.33899444645,24.1806045548,2.02329639388,0.678987381589,32.3092448549,2.8091533091,0.565241061785,0.947527711014,3.4046665189,0.0,0.0,0.0
2050,2.5766213002,2.34042309291,24.1595259244,2.022758142,0.677059337934,32.3149549523,2.80733086311,0.562705407973,0.947002580893,3.4053936871,0.0,0.0,0.0
2051,2.57787818864,2.34185065057,24.1384706952,2.02221785365,0.677472315074,32.3206527332,2.80550438564,0.563407862477,0.946410155828,3.40707269293,0.0,0.0,0.0
2052,2.57913507708,2.34327710997,24.1174389619,2.02167552576,0.677884974501,32.326338195,2.80367387045,0.564110672444,0.945813139996,3.40875722478,0.0,0.0,0.0
2053,2.58039196552,2.34470246167,24.0964308192,2.02113115528,0.67829731348,32.3320113353,2.80183931133,0.56481383285,0.945211511619,3.41044729107,0.0,0.0,0.0
2054,2.58164885396,2.34612669618,24.0754463622,2.02058473917,0.678709329271,32.3376721516,2.80000070208,0.565517338639,0.944605248879,3.41214290021,0.0,0.0,0.0
2055,2.5829057424,2.34754980403,24.0544856859,2.02003627439,0.679121019128,32.3433206414,2.79815803652,0.56622118472,0.943994329925,3.41384406056,0.0,0.0,0.0
2056,2.58416263084,2.3489717757,24.0335488859,2.01948575791,0.677181057209,32.3489568023,2.79631130848,0.563659711501,0.94344607918,3.41455852578,0.0,0.0,0.0
2057,2.58541951928,2.35039260167,24.0126360576,2.01893318671,0.677590664698,32.3545806318,2.79446051182,0.564358092363,0.94282632662,3.41626411293,0.0,0.0,0.0
2058,2.58667640772,2.35181227242,23.9917472969,2.0183785578,0.677999939147,32.3601921274,2.79260564042,0.565056790081,0.942201853432,3.41797524558,0.0,0.0,0.0
2059,2.58793329616,2.35323077838,23.9708826996,2.01782186816,0.678408877803,32.3657912868,2.79074668815,0.565755799466,0.941572637606,3.41969193178,0.0,0.0,0.0
2060,2.58919018459,2.35464811,23.950042362,2.01726311482,0.678817477908,32.3713781074,2.78888364894,0.566455115297,0.940938657095,3.42141417956,0.0,0.0,0.0
2061,2.59044707303,2.35606425768,23.9292263804,2.01670229478,0.679225736701,32.3769525868,2.78701651671,0.567154732318,0.940299889821,3.42314199691,0.0,0.0,0.0
2062,2.59170396147,2.35747921184,23.9084348513,2.01613940508,0.677273812369,32.3825147226,2.78514528541,0.564567444437,0.939727949362,3.42384262727,0.0,0.0,0.0
2063,2.59296084991,2.35889296286,23.8876678715,2.01557444276,0.677679965064,32.3880645124,2.78326994902,0.565261523292,0.939080107216,3.42557472312,0.0,0.0,0.0
2064,2.59421773835,2.36030550112,23.866925538,2.01500740487,0.678085769347,32.3936019538,2.78139050151,0.565955879782,0.938427413226,3.42731238066,0.0,0.0,0.0
2065,2.59547462679,2.36171681696,23.8462079477,2.01443828847,0.678491222447,32.3991270443,2.77950693691,0.566650508556,0.937769845169,3.42905560756,0.0,0.0,0.0
2066,2.59673151523,2.36312690074,23.8255151981,2.01386709063,0.678896321591,32.4046397815,2.77761924924,0.567345404232,0.937107380786,3.43080441144,0.0,0.0,0.0
2067,2.59798840367,2.36453574278,23.8048473867,2.01329380842,0.679301064,32.4101401631,2.77572743255,0.56804056139,0.936439997795,3.43255879987,0.0,0.0,0.0
2068,2.59924529211,2.3659433334,23.7842046112,2.01271843895,0.679705446891,32.4156281865,2.77383148092,0.56873597458,0.935767673881,3.43431878039,0.0,0.0,0.0
2069,2.60050218055,2.3673496629,23.7635869694,2.01214097931,0.677739748102,32.4211038496,2.77193138844,0.566117024423,0.935167098758,3.43500291063,0.0,0.0,0.0
2070,2.60175906899,2.36875472156,23.7429945595,2.01156142661,0.678141997127,32.4265671497,2.77002714923,0.566806809644,0.934485413516,3.43676699086,0.0,0.0,0.0
2071,2.60301595743,2.37015849965,23.7224274797,2.01097977798,0.678543879544,32.4320180847,2.76811875742,0.567496827186,0.933798721564,3.43853665268,0.0,0.0,0.0
2072,2.60427284586,2.37156098743,23.7018858285,2.01039603056,0.678945392563,32.437456652,2.76620620719,0.568187071506,0.933107000456,3.44031190329,0.0,0.0,0.0
2073,2.6055297343,2.37296217515,23.6813697046,2.00981018149,0.67934653339,32.4428828493,2.76428949271,0.568877537028,0.932410227723,3.44209274982,0.0,0.0,0.0
2074,2.60678662274,2.37436205302,23.6608792069,2.00922222793,0.679747299228,32.4482966743,2.7623686082,0.569568218142,0.93170838087,3.44387919936,0.0,0.0,0.0
2075,2.60804351118,2.37576061127,23.6404144343,2.00863216705,0.677769548532,32.4536981246,2.76044354788,0.566923473787,0.931082871393,3.4445468661,0.0,0.0,0.0
2076,2.60930039962,2.3771578401,23.6199754862,2.00803999603,0.678168157357,32.4590871979,2.75851430601,0.567608456867,0.930371418284,3.44633723871,0.0,0.0,0.0
2077,2.61055728806,2.37855372969,23.5995624619,2.00744571206,0.678566384118,32.4644638918,2.75658087687,0.568293631754,0.929654824746,3.44813320135,0.0,0.0,0.0
2078,2.6118141765,2.37994827023,23.579175461,2.00684931236,0.678964226012,32.4698282039,2.75464325476,0.568978992751,0.92893306817,3.44993476074,0.0,0.0,0.0
2079,2.61307106494,2.38134145186,23.5588145835,2.00625079414,0.679361680231,32.4751801319,2.75270143402,0.569664534126,0.928206125924,3.45174192353,0.0,0.0,0.0
2080,2.61432795338,2.38273326474,23.5384799292,2.00565015463,0.679758743966,32.4805196735,2.75075540899,0.570350250115,0.927473975356,3.45355469633,0.0,0.0,0.0
2081,2.61558484182,2.384123699,23.5181715983,2.00504739107,0.677768904199,32.4858468264,2.74880517406,0.567679759802,0.926822970126,3.45420457116,0.0,0.0,0.0
2082,2.61684173026,2.38551274477,23.4978896914,2.00444250073,0.67816378808,32.4911615883,2.74685072363,0.568359709275,0.926080967292,3.45602107586,0.0,0.0,0.0
2083,2.61809861869,2.38690039215,23.4776343088,2.00383548086,0.678558274422,32.4964639568,2.74489205214,0.569039809526,0.925333689386,3.45784317495,0.0,0.0,0.0
2084,2.61935550713,2.38828663123,23.4574055513,2.00322632876,0.678952360409,32.5017539295,2.74292915405,0.569720054705,0.924581113657,3.45967087462,0.0,0.0,0.0
2085,2.62061239557,2.38967145211,23.4372035199,2.00261504172,0.67934604322,32.5070315044,2.74096202383,0.570400438931,0.923823217339,3.46150418103,0.0,0.0,0.0
2086,2.62186928401,2.39105484485,23.4170283158,2.00200161705,0.679739320035,32.5122966789,2.738990656,0.571080956288,0.923059977646,3.46334310025,0.0,0.0,0.0
2087,2.62312617245,2.39243679951,23.3968800402,2.00138605208,0.680132188026,32.5175494508,2.7370150451,0.571761600826,0.922291371779,3.46518763832,0.0,0.0,0.0
2088,2.62438306089,2.39381730613,23.3767587945,2.00076834413,0.67812843085,32.5227898179,2.73503518571,0.569059466879,0.921609582567,3.46581622946,0.0,0.0,0.0
2089,2.62563994933,2.39519635475,23.3566646807,2.00014849057,0.678519092272,32.5280177779,2.7330510724,0.5697342602,0.920830833435,3.46766426833,0.0,0.0,0.0
2090,2.62689683777,2.3965739354,23.3365978003,1.99952648875,0.67890933784,32.5332333285,2.73106269982,0.570409156791,0.920046650961,3.46951790721,0.0,0.0,0.0
2091,2.62815372621,2.39795003807,23.3165582557,1.99890233606,0.679299164723,32.5384364673,2.72907006261,0.571084150624,0.919257012268,3.47137715167,0.0,0.0,0.0
2092,2.62941061465,2.39932465277,23.2965461489,1.99827602989,0.679688570089,32.5436271922,2.72707315546,0.571759235636,0.918461894468,3.47324200725,0.0,0.0,0.0
2093,2.63066750309,2.40069776949,23.2765615824,1.99764756766,0.680077551101,32.5488055009,2.72507197308,0.572434405732,0.917661274663,3.47511247941,0.0,0.0,0.0
2094,2.63192439153,2.40206937819,23.2566046588,1.99701694678,0.678061631073,32.5539713912,2.72306651021,0.569706643457,0.916952775452,3.47572018766,0.0,0.0,0.0
2095,2.63318127996,2.40343946885,23.2366754809,1.99638416469,0.67844838339,32.5591248607,2.72105676162,0.570375897499,0.916141765273,3.47759393513,0.0,0.0,0.0
2096,2.6344381684,2.40480803141,23.2167741517,1.99574921885,0.678834704353,32.5642659073,2.71904272212,0.571045212714,0.915325185675,3.47947327729,0.0,0.0,0.0
2097,2.63569505684,2.40617505581,23.1969007744,1.99511210674,0.679220591122,32.5693945287,2.71702438654,0.571714582929,0.914503013701,3.4813582191,0.0,0.0,0.0
2098,2.63695194528,2.40754053199,23.1770554522,1.99447282583,0.679606040854,32.5745107227,2.71500174975,0.57238400194,0.91367522639,3.4832487655,0.0,0.0,0.0
2099,2.63820883372,2.40890444986,23.1572382887,1.99383137362,0.679991050703,32.579614487,2.71297480664,0.57305346351,0.912841800776,3.48514492133,0.0,0.0,0.0
2100,2.63946572216,2.41026679934,23.1374493875,1.99318774764,0.680375617821,32.5847058194,2.71094355215,0.57372296137,0.912002713886,3.48704669138,0.0,0.0,0.0
2101,2.6407226106,2.4116275703,23.1176888527,1.99254194542,0.678345697751,32.5897847178,2.70890798124,0.570963650788,0.911261991458,3.48762937197,0.0,0.0,0.0
2102,2.64197949904,2.41298675266,23.0979567882,1.9918939645,0.678728010305,32.5948511799,2.70686808891,0.571627152082,0.910412222787,3.48953414425,0.0,0.0,0.0
2103,2.64323638748,2.41434433627,23.0782532982,1.99124380246,0.679109873163,32.5999052035,2.70482387017,0.572290665739,0.909556725254,3.49144450513,0.0,0.0,0.0
2104,2.64449327592,2.41570031101,23.0585784873,1.99059145688,0.679491283476,32.6049467864,2.7027753201,0.572954185417,0.908695475857,3.49336045888,0.0,0.0,0.0
2105,2.64575016436,2.41705466674,23.0389324599,1.98993692535,0.679872238389,32.6099759264,2.70072243379,0.573617704744,0.907828451591,3.49528200967,0.0,0.0,0.0
2106,2.64700705279,2.41840739329,23.0193153209,1.98928020551,0.680252735047,32.6149926213,2.69866520636,0.574281217312,0.906955629456,3.49720916163,0.0,0.0,0.0
2107,2.64826394123,2.41975848051,22.9997271752,1.98862129497,0.68063277059,32.619996869,2.696603633,0.574944716685,0.906076986452,3.4991419188,0.0,0.0,0.0
2108,2.64952082967,2.42110791821,22.9801681279,1.9879601914,0.678588810715,32.6249886673,2.69453770889,0.572153922055,0.905303275179,3.49969739089,0.0,0.0,0.0
2109,2.65077771811,2.42245569623,22.9606382844,1.98729689246,0.678966566314,32.6299680139,2.69246742927,0.572811346772,0.90441365977,3.50163285237,0.0,0.0,0.0
2110,2.65203460655,2.42380180436,22.94113775,1.98663139584,0.679343853878,32.6349349068,2.69039278941,0.573468734385,0.903518155884,3.50357388941,0.0,0.0,0.0
2111,2.65329149499,2.4251462324,22.9216666306,1.98596369925,0.679720670547,32.6398893438,2.68831378463,0.574126078389,0.902616740517,3.5055205055,0.0,0.0,0.0
2112,2.65454838343,2.42648897014,22.9022250318,1.98529380041,0.680097013458,32.6448313226,2.68623041027,0.574783372248,0.901709390674,3.50747270402,0.0,0.0,0.0
2113,2.65580527187,2.42783000737,22.8828130596,1.98462169706,0.680472879748,32.6497608413,2.6841426617,0.575440609392,0.900796083366,3.50943048829,0.0,0.0,0.0
2114,2.65706216031,2.42916933385,22.8634308204,1.98394738697,0.67841666562,32.6546778976,2.68205053435,0.572624489005,0.899993872792,3.50995960493,0.0,0.0,0.0
2115,2.65831904875,2.43050693934,22.8440784203,1.98327086792,0.678790231118,32.6595824894,2.67995402367,0.573275593236,0.899069348591,3.51191980551,0.0,0.0,0.0
2116,2.65957593719,2.4318428136,22.8247559659,1.9825921377,0.679163313119,32.6644746145,2.67785312516,0.57392661693,0.898138799446,3.51388555839,0.0,0.0,0.0
2117,2.66083282562,2.43317694638,22.8054635639,1.98191119413,0.679535908758,32.6693542709,2.67574783436,0.574577553457,0.897202202392,3.51585686626,0.0,0.0,0.0
2118,2.66208971406,2.4345093274,22.7862013211,1.98122803506,0.679908015171,32.6742214564,2.67363814684,0.575228396153,0.896259534476,3.51783373173,0.0,0.0,0.0
2119,2.6633466025,2.4358399464,22.7669693445,1.98054265834,0.680279629487,32.6790761689,2.6715240582,0.575879138326,0.895310772761,3.51981615734,0.0,0.0,0.0
2120,2.66460349094,2.4371687931,22.7477677414,1.97985506184,0.680650748836,32.6839184063,2.66940556411,0.576529773251,0.894355894327,3.5218041455,0.0,0.0,0.0
2121,2.66586037938,2.43849585722,22.728596619,1.97916524347,0.678580433558,32.6887481664,2.66728266025,0.573682393511,0.893519351557,3.52230159119,0.0,0.0,0.0
2122,2.66711726782,2.43982112845,22.709456085,1.97847320115,0.678949227754,32.6935654473,2.66515534236,0.574326822599,0.89255296958,3.52429164592,0.0,0.0,0.0
2123,2.66837415626,2.44114459649,22.6903462469,1.9777789328,0.679317520163,32.6983702467,2.66302360621,0.574971120703,0.891580403698,3.5262872251,0.0,0.0,0.0
2124,2.6696310447,2.44246625104,22.6712672127,1.9770824364,0.679685307916,32.7031625627,2.66088744761,0.57561528104,0.890601631045,3.5282883305,0.0,0.0,0.0
2125,2.67088793314,2.44378608178,22.6522190903,1.97638370991,0.680052588141,32.7079423931,2.65874686243,0.576259296798,0.889616628776,3.53029496377,0.0,0.0,0.0
2126,2.67214482158,2.44510407838,22.6332019879,1.97568275135,0.680419357965,32.7127097358,2.65660184657,0.576903161135,0.88862537407,3.5323071265,0.0,0.0,0.0
2127,2.67340171002,2.44642023051,22.6142160139,1.97497955873,0.680785614514,32.7174645888,2.65445239597,0.57754686718,0.887627844127,3.53432482016,0.0,0.0,0.0
2128,2.67465859846,2.44773452784,22.5952612768,1.9742741301,0.678701170205,32.72220695,2.6522985066,0.574668364091,0.88675627025,3.53478798893,0.0,0.0,0.0
2129,2.67591548689,2.44904696001,22.5763378852,1.97356646352,0.679065077825,32.7269368174,2.65014017451,0.575305794331,0.885746953549,3.5368073686,0.0,0.0,0.0
2130,2.67717237533,2.45035751668,22.5574459479,1.97285655708,0.67942846541,32.7316541889,2.64797739577,0.575943042662,0.884731294914,3.53883223604,0.0,0.0,0.0
2131,2.67842926377,2.45166618749,22.5385855739,1.9721444089,0.679791330088,32.7363590624,2.64581016648,0.576580102159,0.883709271635,3.54086259198,0.0,0.0,0.0
2132,2.67968615221,2.45297296207,22.5197568724,1.97143001709,0.680153668987,32.7410514359,2.64363848283,0.577216965869,0.882680861035,3.54289843707,0.0,0.0,0.0
2133,2.68094304065,2.45427783006,22.5009599526,1.97071337983,0.68051547923,32.7457313074,2.641462341,0.57785362681,0.881646040467,3.54493977183,0.0,0.0,0.0
2134,2.68219992909,2.45558078108,22.4821949241,1.96999449527,0.680876757941,32.7503986749,2.63928173727,0.578490077968,0.880604787318,3.5469865967,0.0,0.0,0.0
2135,2.68345681753,2.45688180475,22.4634618963,1.96927336164,0.678778161102,32.7550535362,2.63709666791,0.575580613697,0.879697515473,3.54741271258,0.0,0.0,0.0
2136,2.68471370597,2.45818089067,22.444760979,1.96854997714,0.679137067724,32.7596958894,2.63490712929,0.576210722224,0.878644196868,3.54946080963,0.0,0.0,0.0
2137,2.68597059441,2.45947802847,22.4260922823,1.96782434002,0.679495436124,32.7643257325,2.6327131178,0.576840597511,0.877584379675,3.55151434813,0.0,0.0,0.0
2138,2.68722748285,2.46077320773,22.407455916,1.96709644857,0.679853263428,32.7689430635,2.63051462986,0.5774702325,0.876518041409,3.55357332772,0.0,0.0,0.0
2139,2.68848437129,2.46206641806,22.3888519905,1.96636630106,0.680210546763,32.7735478803,2.62831166198,0.578099620104,0.875445159621,3.55563774789,0.0,0.0,0.0
2140,2.68974125972,2.46335764905,22.3702806161,1.96563389582,0.680567283253,32.778140181,2.62610421069,0.578728753207,0.874365711905,3.55770760805,0.0,0.0,0.0
2141,2.69099814816,2.46464689029,22.3517419033,1.96489923119,0.68092347002,32.7827199636,2.62389227257,0.579357624666,0.873279675897,3.55978290747,0.0,0.0,0.0
2142,2.6922550366,2.46593413135,22.3332359628,1.96416230554,0.678810701661,32.787287226,2.62167584426,0.576417388091,0.872336076702,3.56016901161,0.0,0.0,0.0
2143,2.69351192504,2.46721936182,22.3147629054,1.96342311726,0.679164493833,32.7918419664,2.61945492244,0.577039853421,0.871237702233,3.56224513338,0.0,0.0,0.0
2144,2.69476881348,2.46850257128,22.296322842,1.96268166477,0.679517729668,32.7963841826,2.61722950384,0.577662033845,0.870132674383,3.56432663981,0.0,0.0,0.0
2145,2.69602570192,2.46978374928,22.2779158837,1.96193794651,0.679870406295,32.8009138728,2.61499958525,0.57828392218,0.869020970954,3.56641352929,0.0,0.0,0.0
2146,2.69728259036,2.4710628854,22.2595421418,1.96119196094,0.680222520843,32.805431035,2.6127651635,0.578905511216,0.867902569799,3.56850580009,0.0,0.0,0.0
2147,2.6985394788,2.47233996919,22.2412017277,1.96044370657,0.680574070437,32.8099356672,2.61052623548,0.579526793712,0.866777448821,3.57060345037,0.0,0.0,0.0
2148,2.69979636724,2.47361499023,22.2228947528,1.9596931819,0.680925052203,32.8144277675,2.60828279813,0.580147762404,0.865645585975,3.57270647813,0.0,0.0,0.0
2149,2.70105325568,2.47488793805,22.2046213289,1.95894038549,0.678798097969,32.8189073339,2.60603484843,0.577176969626,0.864665073415,3.57304941472,0.0,0.0,0.0
2150,2.70231014412,2.47615880222,22.1863815678,1.9581853159,0.679146663317,32.8233743645,2.60378238343,0.577791472202,0.863520606065,3.57515277604,0.0,0.0,0.0
2151,2.70356703256,2.47742757228,22.1681755813,1.95742797173,0.679494654304,32.8278288573,2.60152540023,0.578405637948,0.862369332914,3.57726145374,0.0,0.0,0.0
2152,2.70482392099,2.47869423778,22.1500034816,1.95666835162,0.679842068064,32.8322708104,2.59926389597,0.579019459564,0.861211232129,3.5793754449,0.0,0.0,0.0
2153,2.70608080943,2.47995878826,22.1318653809,1.9559064542,0.680188901729,32.8367002219,2.59699786786,0.579632929724,0.860046281934,3.58149474643,0.0,0.0,0.0
2154,2.70733769787,2.48122121325,22.1137613915,1.95514227816,0.680535152428,32.8411170899,2.59472731315,0.580246041075,0.858874460616,3.58361935509,0.0,0.0,0.0
2155,2.70859458631,2.48248150231,22.0956916259,1.9543758222,0.680880817294,32.8455214124,2.59245222916,0.580858786237,0.857695746524,3.58574926752,0.0,0.0,0.0
2156,2.70985147475,2.48373964496,22.0776561968,1.95360708506,0.681225893456,32.8499131875,2.59017261326,0.581471157805,0.856510118073,3.58788448019,0.0,0.0,0.0
2157,2.71110836319,2.48499563073,22.0596552169,1.95283606549,0.679082894936,32.8542924133,2.58788846287,0.578463903807,0.855486208022,3.58817538325,0.0,0.0,0.0
2158,2.71236525163,2.48624944916,22.0416887989,1.9520627623,0.679425530003,32.858659088,2.58559977547,0.579069737627,0.854287676425,3.59031033377,0.0,0.0,0.0
2159,2.71362214007,2.48750108978,22.0237570561,1.95128717429,0.679767569932,32.8630132096,2.58330654859,0.579675175103,0.853082168143,3.59245051548,0.0,0.0,0.0
2160,2.71487902851,2.48875054212,22.0058601014,1.95050930031,0.680109011862,32.8673547763,2.58100877984,0.580280208803,0.851869661854,3.5945959238,0.0,0.0,0.0
2161,2.71613591695,2.4899977957,21.9879980482,1.94972913924,0.680449852929,32.8716837861,2.57870646687,0.580884831271,0.850650136305,3.596746554,0.0,0.0,0.0
2162,2.71739280539,2.49124284004,21.9701710097,1.94894668999,0.680790090273,32.8760002372,2.57639960737,0.581489035025,0.849423570321,3.59890240119,0.0,0.0,0.0
2163,2.71864969382,2.49248566468,21.9523790996,1.94816195148,0.68112972103,32.8803041277,2.57408819913,0.582092812556,0.8481899428,3.60106346028,0.0,0.0,0.0
2164,2.71990658226,2.49372625913,21.9346224315,1.94737492268,0.678972519862,32.8845954558,2.57177223997,0.579055518271,0.847128002755,3.60130374129,0.0,0.0,0.0
2165,2.7211634707,2.49496461292,21.916901119,1.94658560258,0.679309689262,32.8888742196,2.56945172778,0.579652706058,0.845881225394,3.60346395506,0.0,0.0,0.0
2166,2.72242035914,2.49620071557,21.899215276,1.9457939902,0.67964624574,32.8931404171,2.5671266605,0.580249445194,0.844627325902,3.60562930391,0.0,0.0,0.0
2167,2.72367724758,2.49743455661,21.8815650166,1.9450000846,0.679982186442,32.8973940467,2.56479703615,0.580845728154,0.843366283491,3.6077997816,0.0,0.0,0.0
2168,2.72493413602,2.49866612555,21.8639504547,1.94420388487,0.680317508515,32.9016351064,2.56246285279,0.581441547387,0.842098077456,3.60997538174,0.0,0.0,0.0
2169,2.72619102446,2.49989541191,21.8463717047,1.9434053901,0.680652209106,32.9058635944,2.56012410855,0.582036895317,0.840822687179,3.61215609775,0.0,0.0,0.0
2170,2.7274479129,2.50112240522,21.8288288809,1.94260459946,0.680986285364,32.9100795089,2.55778080162,0.582631764346,0.83954009213,3.61434192285,0.0,0.0,0.0
2171,2.72870480134,2.50234709501,21.8113220976,1.94180151211,0.681319734434,32.914282848,2.55543293026,0.583226146852,0.838250271868,3.61653285011,0.0,0.0,0.0
2172,2.72996168978,2.50356947078,21.7938514694,1.94099612727,0.679146477924,32.9184736099,2.55308049279,0.580152965644,0.837143734029,3.61671204677,0.0,0.0,0.0
2173,2.73121857822,2.50478952208,21.776417111,1.94018844417,0.67947744279,32.9226517929,2.55072348758,0.580740696048,0.835840490719,3.61890141662,0.0,0.0,0.0
2174,2.73247546666,2.50600723841,21.7590191371,1.93937846208,0.679807774248,32.926817395,2.54836191309,0.581327917875,0.834529963908,3.62109580216,0.0,0.0,0.0
2175,2.73373235509,2.50722260932,21.7416576626,1.93856618031,0.680137469459,32.9309704145,2.54599576781,0.581914623491,0.833212133526,3.62329519515,0.0,0.0,0.0
2176,2.73498924353,2.50843562431,21.7243328025,1.93775159819,0.680466525579,32.9351108496,2.54362505032,0.582500805239,0.831886979603,3.62549958717,0.0,0.0,0.0
2177,2.73624613197,2.50964627294,21.7070446718,1.93693471509,0.68079493977,32.9392386985,2.54124975927,0.583086455442,0.830554482272,3.62770896957,0.0,0.0,0.0
2178,2.73750302041,2.51085454471,21.6897933858,1.93611553041,0.681122709191,32.9433539594,2.53886989335,0.583671566396,0.829214621764,3.62992333349,0.0,0.0,0.0
2179,2.73875990885,2.51206042917,21.6725790596,1.93529404358,0.681449831002,32.9474566305,2.53648545133,0.584256130379,0.827867378415,3.63214266989,0.0,0.0,0.0
2180,2.74001679729,2.51326391586,21.6554018086,1.93447025407,0.679260522675,32.95154671,2.53409643206,0.581147407535,0.826715723538,3.63225541631,0.0,0.0,0.0
2181,2.74127368573,2.51446499429,21.6382617483,1.93364416139,0.679585138469,32.9556241963,2.53170283443,0.581725262318,0.825354800839,3.63447241227,0.0,0.0,0.0
2182,2.74253057417,2.51566365403,21.6211589943,1.93281576505,0.679909100559,32.9596890874,2.52930465743,0.582302548503,0.823986439731,3.63669428358,0.0,0.0,0.0
2183,2.74378746261,2.5168598846,21.6040936622,1.93198506465,0.680232406119,32.9637413817,2.52690190008,0.582879258364,0.822610620987,3.63892101976,0.0,0.0,0.0
2184,2.74504435105,2.51805367555,21.5870658678,1.93115205976,0.680555052322,32.9677810773,2.52449456149,0.583455384153,0.821227325495,3.64115261008,0.0,0.0,0.0
2185,2.74630123949,2.51924501643,21.5700757268,1.93031675004,0.680877036344,32.9718081726,2.52208264085,0.584030918102,0.819836534257,3.64338904358,0.0,0.0,0.0
2186,2.74755812792,2.52043389679,21.5531233552,1.92947913516,0.68119835536,32.9758226658,2.5196661374,0.58460585242,0.818438228395,3.6456303091,0.0,0.0,0.0
2187,2.74881501636,2.52162030618,21.5362088691,1.92863921481,0.681519006547,32.9798245551,2.51724505045,0.585180179295,0.817032389149,3.64787639519,0.0,0.0,0.0
2188,2.7500719048,2.52280423416,21.5193323844,1.92779698875,0.679313657525,32.9838138389,2.5148193794,0.582036303927,0.815835212881,3.64791688456,0.0,0.0,0.0
2189,2.75132879324,2.5239856703,21.5024940174,1.92695245675,0.679631781969,32.9877905154,2.51238912371,0.582603870032,0.814415457578,3.65015976875,0.0,0.0,0.0
2190,2.75258568168,2.52516460414,21.4856938843,1.92610561862,0.679949232626,32.9917545828,2.50995428289,0.583170807552,0.812988116484,3.65240736456,0.0,0.0,0.0
2191,2.75384257012,2.52634102528,21.4689321014,1.92525647421,0.680266006685,32.9957060395,2.50751485656,0.583737108682,0.811553171346,3.65465965896,0.0,0.0,0.0
2192,2.75509945856,2.52751492327,21.4522087852,1.92440502341,0.68058210134,32.9996448837,2.50507084439,0.584302765598,0.810110604038,3.65691663865,0.0,0.0,0.0
2193,2.756356347,2.5286862877,21.4355240522,1.92355126614,0.680897513784,33.0035711138,2.50262224612,0.584867770455,0.808660396567,3.6591782901,0.0,0.0,0.0
2194,2.75761323544,2.52985510816,21.4188780188,1.92269520235,0.681212241213,33.007484728,2.50016906157,0.585432115391,0.807202531076,3.66144459949,0.0,0.0,0.0
2195,2.75887012388,2.53102137421,21.4022708017,1.92183683204,0.681526280823,33.0113857246,2.49771129065,0.585995792523,0.805736989839,3.66371555274,0.0,0.0,0.0
2196,2.76012701232,2.53218507547,21.3857025176,1.92097615524,0.679304910022,33.015274102,2.49524893332,0.582817198171,0.804494018209,3.66367749281,0.0,0.0,0.0
2197,2.76138390075,2.53334620153,21.3691732833,1.92011317203,0.679616403299,33.0191498585,2.49278198961,0.583374068751,0.803014346723,3.66594429573,0.0,0.0,0.0
2198,2.76264078919,2.534504742,21.3526832156,1.91924788251,0.679927202942,33.0230129924,2.49031045966,0.583930250919,0.801526950725,3.66821562032,0.0,0.0,0.0
2199,2.76389767763,2.53566068647,21.3362324314,1.91838028682,0.680237306165,33.026863502,2.48783434365,0.584485736808,0.800031813073,3.6704914507,0.0,0.0,0.0
2200,2.76515456607,2.53681402457,21.3198210476,1.91751038514,0.68054671018,33.0307013856,2.48535364185,0.585040518533,0.798528916769,3.67277177068,0.0,0.0,0.0
2201,2.76641145451,2.53796474592,21.3034491812,1.91663817771,0.680855412204,33.0345266416,2.48286835462,0.585594588189,0.797018244963,3.67505656379,0.0,0.0,0.0
2202,2.76766834295,2.53911284015,21.2871169494,1.91576366477,0.681163409454,33.0383392684,2.48037848237,0.586147937857,0.795499780957,3.67734581326,0.0,0.0,0.0
2203,2.76892523139,2.54025829689,21.2708244693,1.91488684663,0.68147069915,33.0421392643,2.47788402561,0.586700559597,0.793973508206,3.679639502,0.0,0.0,0.0
2204,2.77018211983,2.54140110578,21.254571858,1.91400772362,0.679233333467,33.0459266276,2.47538498493,0.583487724733,0.792684614516,3.67951606489,0.0,0.0,0.0
2205,2.77143900827,2.54254125647,21.2383592327,1.91312629612,0.679538058427,33.0497013567,2.47288136097,0.584033500183,0.791144022986,3.68180455821,0.0,0.0,0.0
2206,2.77269589671,2.54367873861,21.2221867109,1.91224256455,0.679842070171,33.0534634499,2.47037315448,0.584578527688,0.789595578098,3.68409735382,0.0,0.0,0.0
2207,2.77395278515,2.54481354188,21.2060544097,1.91135652937,0.680145365938,33.0572129057,2.46786036627,0.585122799334,0.788039263964,3.6863944326,0.0,0.0,0.0
2208,2.77520967359,2.54594565593,21.1899624465,1.91046819106,0.680447942966,33.0609497225,2.46534299725,0.585666307191,0.78647506486,3.68869577511,0.0,0.0,0.0
2209,2.77646656202,2.54707507044,21.1739109389,1.90957755017,0.680749798497,33.0646738985,2.46282104839,0.586209043311,0.78490296523,3.69100136155,0.0,0.0,0.0
2210,2.77772345046,2.5482017751,21.1579000042,1.90868460728,0.681050929773,33.0683854322,2.46029452075,0.586750999733,0.783322949684,3.69331117179,0.0,0.0,0.0
2211,2.7789803389,2.54932575961,21.1419297599,1.907789363,0.681351334041,33.072084322,2.45776341548,0.587292168479,0.781735003004,3.69562518534,0.0,0.0,0.0
2212,2.78023722734,2.55044701366,21.1260003236,1.90689181798,0.67909800854,33.0757705663,2.45522773379,0.584045616882,0.780400226262,3.6954089507,0.0,0.0,0.0
2213,2.78149411578,2.55156552697,21.1101118129,1.90599197294,0.679395830903,33.0794441635,2.45268747699,0.584579905882,0.778797801351,3.69771661597,0.0,0.0,0.0
2214,2.78275100422,2.55268128925,21.0942643453,1.90508982861,0.67969292076,33.0831051119,2.45014264648,0.585113387833,0.777187405398,3.70002833096,0.0,0.0,0.0
2215,2.78400789266,2.55379429024,21.0784580385,1.90418538578,0.679989275376,33.0867534101,2.44759324372,0.585646054789,0.775569023926,3.7023440729,0.0,0.0,0.0
2216,2.7852647811,2.55490451966,21.0626930102,1.90327864526,0.68028489202,33.0903890564,2.44503927027,0.586177898791,0.77394264264,3.70466381861,0.0,0.0,0.0
2217,2.78652166954,2.55601196727,21.0469693781,1.90236960793,0.68057976796,33.0940120493,2.44248072777,0.586708911867,0.772308247432,3.70698754455,0.0,0.0,0.0
2218,2.78777855798,2.55711662283,21.0312872598,1.9014582747,0.68087390047,33.0976223872,2.43991761794,0.587239086028,0.77066582438,3.70931522675,0.0,0.0,0.0
2219,2.78903544642,2.55821847609,21.0156467731,1.90054464652,0.681167286824,33.1012200685,2.4373499426,0.587768413275,0.769015359752,3.71164684088,0.0,0.0,0.0
2220,2.79029233485,2.55931751683,21.0000480357,1.89962872438,0.6814599243,33.1048050917,2.43477770365,0.588296885592,0.76735684001,3.71398236215,0.0,0.0,0.0
2221,2.79154922329,2.56041373485,20.9844911655,1.89871050933,0.679188833473,33.1083774552,2.43220090306,0.585011134852,0.765969855274,3.71365372384,0.0,0.0,0.0
2222,2.79280611173,2.56150711993,20.9689762803,1.89779000243,0.679478870556,33.1119371575,2.4296195429,0.585532689823,0.764296709547,3.7159814759,0.0,0.0,0.0
2223,2.79406300017,2.56259766188,20.9535034977,1.89686720483,0.679768153457,33.1154841971,2.42703362534,0.586053371245,0.762615474729,3.71831296062,0.0,0.0,0.0
2224,2.79531988861,2.56368535053,20.9380729356,1.89594211769,0.680056679474,33.1190185723,2.42444315262,0.586573171146,0.76092613812,3.72064815059,0.0,0.0,0.0
2225,2.79657677705,2.56477017569,20.9226847119,1.89501474221,0.680344445908,33.1225402818,2.42184812707,0.587092081545,0.759228687225,3.72298701795,0.0,0.0,0.0
2226,2.79783366549,2.56585212721,20.9073389444,1.89408507967,0.680631450066,33.1260493239,2.41924855111,0.587610094447,0.757523109755,3.7253295344,0.0,0.0,0.0
2227,2.79909055393,2.56693119494,20.8920357509,1.89315313135,0.680917689254,33.1295456971,2.41664442725,0.588127201845,0.755809393635,3.72767567115,0.0,0.0,0.0
2228,2.80034744237,2.56800736875,20.8767752492,1.89221889861,0.681203160784,33.1330294,2.41403575809,0.588643395721,0.754087526998,3.73002539896,0.0,0.0,0.0
2229,2.80160433081,2.5690806385,20.8615575571,1.89128238284,0.68148786197,33.1365004309,2.41142254632,0.589158668047,0.752357498194,3.7323786881,0.0,0.0,0.0
2230,2.80286121925,2.57015099409,20.8463827925,1.89034358547,0.679199066417,33.1399587885,2.40880479473,0.58583440809,0.750918744055,3.73192651903,0.0,0.0,0.0
2231,2.80411810769,2.57121842541,20.8312510731,1.88940250799,0.679481150369,33.1434044713,2.40618250618,0.586342733779,0.749173987309,3.73427044749,0.0,0.0,0.0
2232,2.80537499612,2.57228292237,20.8161625168,1.88845915192,0.679762458877,33.1468374776,2.40355568363,0.586850120118,0.747421041145,3.73661773879,0.0,0.0,0.0
2233,2.80663188456,2.5733444749,20.8011172414,1.88751351884,0.680042989276,33.1502578062,2.40092433014,0.587356559132,0.745659894857,3.73896836015,0.0,0.0,0.0
2234,2.807888773,2.57440307294,20.7861153646,1.88656561037,0.680322738907,33.1536654553,2.39828844887,0.587862042837,0.743890537969,3.74132227827,0.0,0.0,0.0
2235,2.80914566144,2.57545870644,20.7711570042,1.88561542817,0.680601705116,33.1570604237,2.39564804303,0.588366563238,0.742112960235,3.74367945927,0.0,0.0,0.0
2236,2.81040254988,2.57651136535,20.756242278,1.88466297395,0.680879885249,33.1604427098,2.39300311598,0.588870112331,0.740327151642,3.74603986877,0.0,0.0,0.0
2237,2.81165943832,2.57756103966,20.7413713036,1.88370824948,0.681157276658,33.1638123122,2.39035367113,0.589372682104,0.738533102413,3.74840347181,0.0,0.0,0.0
2238,2.81291632676,2.57860771935,20.7265441988,1.88275125656,0.681433876697,33.1671692294,2.38769971201,0.589874264536,0.736730803009,3.75077023287,0.0,0.0,0.0
2239,2.8141732152,2.57965139444,20.7117610811,1.88179199705,0.679127449105,33.17051346,2.38504124223,0.586512251754,0.73524103737,3.75018223213,0.0,0.0,0.0
2240,2.81543010364,2.58069205493,20.6970220683,1.88083047284,0.679401416782,33.1738450025,2.3823782655,0.587006866888,0.733423959927,3.75253784606,0.0,0.0,0.0
2241,2.81668699208,2.58172969087,20.682327278,1.87986668588,0.679674588205,33.1771638554,2.37971078562,0.587500477768,0.731598612647,3.75489639186,0.0,0.0,0.0
2242,2.81794388052,2.5827642923,20.6676768276,1.87890063818,0.679946960753,33.1804700174,2.3770388065,0.587993076437,0.729764987051,3.75725783045,0.0,0.0,0.0
2243,2.81920076895,2.58379584928,20.6530708348,1.87793233177,0.680218531809,33.183763487,2.37436233213,0.588484654931,0.727923074913,3.75962212212,0.0,0.0,0.0
2244,2.82045765739,2.58482435188,20.638509417,1.87696176875,0.680489298762,33.1870442628,2.37168136661,0.588975205278,0.726072868261,3.76198922653,0.0,0.0,0.0
2245,2.82171454583,2.58584979021,20.6239926917,1.87598895125,0.680759259003,33.1903123434,2.36899591412,0.589464719499,0.724214359384,3.76435910267,0.0,0.0,0.0
2246,2.82297143427,2.58687215437,20.6095207763,1.87501388148,0.681028409928,33.1935677273,2.36630597896,0.58995318961,0.72234754083,3.7667317089,0.0,0.0,0.0
2247,2.82422832271,2.58789143449,20.595093788,1.87403656166,0.681296748937,33.1968104132,2.36361156551,0.59044060762,0.72047240541,3.76910700288,0.0,0.0,0.0
2248,2.82548521115,2.58890762069,20.5807118443,1.87305699408,0.681564273434,33.2000403996,2.36091267825,0.590926965529,0.718588946203,3.77148494161,0.0,0.0,0.0
2249,2.82674209959,2.58992070315,20.5663750624,1.87207518109,0.679238467617,33.2032576852,2.35820932178,0.587522103973,0.717042841915,3.77073167295,0.0,0.0,0.0
2250,2.82799898803,2.59093067202,20.5520835593,1.87109112507,0.679503344339,33.2064622686,2.35550150076,0.588001474885,0.715144608899,3.77309623899,0.0,0.0,0.0
2251,2.82925587647,2.59193751751,20.5378374524,1.87010482846,0.679767401913,33.2096541483,2.35278921999,0.588479769818,0.713238041878,3.77546318807,0.0,0.0,0.0
2252,2.83051276491,2.5929412298,20.5236368585,1.86911629374,0.680030637771,33.2128333231,2.35007248435,0.588956980852,0.711323135125,3.77783247295,0.0,0.0,0.0
2253,2.83176965335,2.59394179913,20.5094818948,1.86812552345,0.680293049347,33.2159997914,2.34735129882,0.589433100059,0.709399883196,3.7802040456,0.0,0.0,0.0
2254,2.83302654178,2.59493921574,20.4953726781,1.86713252018,0.680554634082,33.219153552,2.34462566847,0.58990811951,0.707468280931,3.78257785726,0.0,0.0,0.0
2255,2.83428343022,2.59593346987,20.4813093253,1.86613728656,0.680815389421,33.2222946036,2.3418955985,0.590382031269,0.705528323455,3.78495385836,0.0,0.0,0.0
2256,2.83554031866,2.59692455181,20.4672919533,1.86513982529,0.681075312813,33.2254229446,2.3391610942,0.590854827399,0.703580006187,3.78733199851,0.0,0.0,0.0
2257,2.8367972071,2.59791245185,20.4533206785,1.8641401391,0.681334401711,33.2285385739,2.33642216094,0.591326499957,0.701623324836,3.78971222654,0.0,0.0,0.0
2258,2.83805409554,2.59889716029,20.4393956178,1.86313823078,0.681592653575,33.23164149,2.33367880423,0.591797040996,0.699658275406,3.79209449043,0.0,0.0,0.0
2259,2.83931098398,2.59987866747,20.4255168877,1.86213410318,0.679247584725,33.2347316916,2.33093102965,0.588350342918,0.698057594293,3.79115718371,0.0,0.0,0.0
2260,2.84056787242,2.60085696372,20.4116846045,1.86112775919,0.679503175638,33.2378091774,2.3281788429,0.588813888462,0.696077855804,3.7935235292,0.0,0.0,0.0
2261,2.84182476086,2.60183203942,20.3978988848,1.86011920175,0.679757925145,33.240873946,2.32542224978,0.589276287724,0.694089749725,3.79589160665,0.0,0.0,0.0
2262,2.8430816493,2.60280388495,20.3841598446,1.85910843387,0.680011830733,33.2439259961,2.3226612562,0.589737532844,0.692093273406,3.79826135895,0.0,0.0,0.0
2263,2.84433853774,2.6037724907,20.3704676003,1.85809545859,0.680264889895,33.2469653264,2.31989586816,0.590197615963,0.69008842451,3.80063272806,0.0,0.0,0.0
2264,2.84559542618,2.60473784712,20.3568222679,1.85708027901,0.680517100129,33.2499919356,2.31712609178,0.59065652922,0.688075201015,3.80300565501,0.0,0.0,0.0
2265,2.84685231462,2.60569994462,20.3432239633,1.85606289829,0.680768458937,33.2530058224,2.31435193327,0.591114264754,0.686053601218,3.80538007983,0.0,0.0,0.0
2266,2.84810920305,2.60665877368,20.3296728025,1.85504331964,0.681018963827,33.2560069854,2.31157339895,0.591570814699,0.684023623736,3.80775594159,0.0,0.0,0.0
2267,2.84936609149,2.60761432478,20.3161689012,1.85402154631,0.681268612312,33.2589954235,2.30879049527,0.592026171193,0.681985267513,3.81013317836,0.0,0.0,0.0
2268,2.85062297993,2.60856658842,20.302712375,1.85299758161,0.681517401912,33.2619711352,2.30600322874,0.59248032637,0.679938531817,3.81251172718,0.0,0.0,0.0
2269,2.85187986837,2.60951555512,20.2893033396,1.85197142892,0.679153202472,33.2649341193,2.30321160602,0.588992896866,0.678285652447,3.81136917973,0.0,0.0,0.0
2270,2.85313675681,2.61046121542,20.2759419103,1.85094309165,0.679399320268,33.2678843746,2.30041563385,0.589440059618,0.676224404085,3.81372888642,0.0,0.0,0.0
2271,2.85439364525,2.61140355989,20.2626282024,1.84991257328,0.679644575084,33.2708218997,2.29761531909,0.589886007476,0.674154788854,3.81608955084,0.0,0.0,0.0
2272,2.85565053369,2.6123425791,20.2493623312,1.84887987733,0.67988896447,33.2737466934,2.2948106687,0.590330732675,0.672076807531,3.81845110386,0.0,0.0,0.0
2273,2.85690742213,2.61327826368,20.2361444116,1.84784500738,0.68013248598,33.2766587544,2.29200168975,0.590774227451,0.669990461246,3.82081347523,0.0,0.0,0.0
2274,2.85816431057,2.61421060423,20.2229745586,1.84680796707,0.680375137175,33.2795580814,2.28918838943,0.591216484041,0.667895751472,3.8231765935,0.0,0.0,0.0
2275,2.85942119901,2.61513959141,20.209852887,1.84576876008,0.680616915621,33.2824446733,2.28637077501,0.591657494684,0.665792680039,3.82554038602,0.0,0.0,0.0
2276,2.86067808745,2.61606521589,20.1967795115,1.84472739016,0.68085781889,33.2853185287,2.2835488539,0.592097251621,0.66368124913,3.82790477895,0.0,0.0,0.0
2277,2.86193497588,2.61698746837,20.1837545465,1.84368386111,0.681097844559,33.2881796465,2.28072263359,0.592535747093,0.661561461286,3.83026969718,0.0,0.0,0.0
2278,2.86319186432,2.61790633955,20.1707781065,1.84263817678,0.681336990212,33.2910280254,2.27789212172,0.592972973345,0.659433319414,3.83263506433,0.0,0.0,0.0
2279,2.86444875276,2.61882182018,20.1578503057,1.84159034107,0.681575253438,33.2938636641,2.275057326,0.593408922626,0.657296826781,3.83500080275,0.0,0.0,0.0
2280,2.8657056412,2.61973390101,20.1449712582,1.84054035796,0.679190275582,33.2966865614,2.27221825426,0.589876258594,0.655588952025,3.83360637816,0.0,0.0,0.0
2281,2.86696252964,2.62064257282,20.1321410778,1.83948823145,0.679425857164,33.2994967162,2.26937491445,0.590305225843,0.653438250479,3.83594956387,0.0,0.0,0.0
2282,2.86821941808,2.62154782643,20.1193598784,1.83843396561,0.679660552544,33.3022941271,2.26652731464,0.590732903914,0.651279225817,3.83829269956,0.0,0.0,0.0
2283,2.86947630652,2.62244965266,20.1066277736,1.83737756459,0.679894359344,33.3050787931,2.26367546297,0.591159285166,0.649111883024,3.8406356999,0.0,0.0,0.0
2284,2.87073319496,2.62334804237,20.0939448769,1.83631903255,0.680127275194,33.3078507128,2.26081936774,0.591584361963,0.646936227472,3.84297847811,0.0,0.0,0.0
2285,2.8719900834,2.62424298642,20.0813113015,1.83525837375,0.680359297726,33.3106098852,2.25795903734,0.592008126674,0.644752264922,3.8453209459,0.0,0.0,0.0
2286,2.87324697184,2.62513447573,20.0687271605,1.83419559247,0.680590424584,33.3133563089,2.25509448026,0.592430571673,0.64256000153,3.84766301344,0.0,0.0,0.0
2287,2.87450386028,2.62602250121,20.056192567,1.83313069307,0.680820653413,33.3160899829,2.25222570511,0.592851689336,0.640359443846,3.85000458936,0.0,0.0,0.0
2288,2.87576074872,2.62690705382,20.0437076337,1.83206367995,0.681049981867,33.3188109059,2.24935272063,0.593271472049,0.638150598824,3.85234558068,0.0,0.0,0.0
2289,2.87701763715,2.62778812453,20.0312724731,1.83099455758,0.681278407606,33.3215190768,2.24647553565,0.593689912201,0.63593347382,3.85468589282,0.0,0.0,0.0
2290,2.87827452559,2.62866570434,20.0188871978,1.82992333048,0.681505928297,33.3242144943,2.24359415913,0.594107002186,0.633708076599,3.85702542951,0.0,0.0,0.0
2291,2.87953141403,2.62953978427,20.0065519198,1.82885000322,0.679100369662,33.3268971574,2.24070860012,0.590530581929,0.631949783624,3.8553457065,0.0,0.0,0.0
2292,2.88078830247,2.63041035537,19.9942667514,1.82777458044,0.679325201838,33.3295670649,2.23781886781,0.590940714918,0.62971062423,3.85765832189,0.0,0.0,0.0
2293,2.88204519091,2.63127740871,19.9820318043,1.82669706683,0.679549125525,33.3322242156,2.23492497149,0.591349486989,0.627463237515,3.85996965757,0.0,0.0,0.0
2294,2.88330207935,2.6321409354,19.9698471901,1.82561746714,0.679772138424,33.3348686084,2.23202692057,0.591756890662,0.625207633198,3.86227960765,0.0,0.0,0.0
2295,2.88455896779,2.63300092657,19.9577130204,1.82453578617,0.679994238244,33.3375002421,2.22912472455,0.592162918463,0.622943821431,3.86458806433,0.0,0.0,0.0
2296,2.88581585623,2.63385737335,19.9456294063,1.82345202878,0.680215422699,33.3401191157,2.22621839308,0.592567562927,0.620671812802,3.86689491789,0.0,0.0,0.0
2297,2.88707274467,2.63471026694,19.933596459,1.82236619988,0.680435689512,33.3427252278,2.22330793591,0.592970816598,0.618391618341,3.86920005662,0.0,0.0,0.0
2298,2.88832963311,2.63555959854,19.9216142892,1.82127830447,0.680655036411,33.3453185776,2.2203933629,0.593372672027,0.61610324952,3.8715033668,0.0,0.0,0.0
2299,2.88958652155,2.63640535938,19.9096830077,1.82018834756,0.680873461133,33.3478991637,2.21747468402,0.593773121773,0.613806718264,3.87380473265,0.0,0.0,0.0
2300,2.89084340998,2.63724754072,19.8978027247,1.81909633425,0.681090961418,33.3504669852,2.21455190937,0.594172158405,0.611502036948,3.87610403627,0.0,0.0,0.0
2301,2.89210029842,2.63808613384,19.8859735505,1.81800226968,0.681307535017,33.3530220409,2.21162504915,0.594569774502,0.609189218404,3.87840115761,0.0,0.0,0.0
2302,2.89335718686,2.63892113006,19.874195595,1.81690615908,0.681523179687,33.3555643297,2.2086941137,0.59496596265,0.606868275927,3.88069597439,0.0,0.0,0.0
2303,2.8946140753,2.63975252072,19.8624689681,1.81580800768,0.679095498283,33.3580938505,2.20575911345,0.591341898181,0.605060340475,3.87866231499,0.0,0.0,0.0
2304,2.89587096374,2.6405802972,19.8507937791,1.81470782083,0.679308449787,33.3606106022,2.20282005895,0.591731167536,0.60272629981,3.8809245452,0.0,0.0,0.0
2305,2.89712785218,2.64140445087,19.8391701374,1.8136056039,0.679520469302,33.3631145838,2.19987696088,0.592118999852,0.600384201786,3.88318385255,0.0,0.0,0.0
2306,2.89838474062,2.64222497318,19.827598152,1.81250136232,0.679731554621,33.365605794,2.19692983003,0.592505387852,0.598034061965,3.88544010224,0.0,0.0,0.0
2307,2.89964162906,2.64304185558,19.8160779317,1.8113951016,0.679941703545,33.368084232,2.1939786773,0.592890324272,0.595675896403,3.88769315691,0.0,0.0,0.0
2308,2.9008985175,2.64385508954,19.804609585,1.81028682728,0.680150913883,33.3705498966,2.1910235137,0.59327380186,0.593309721652,3.88994287663,0.0,0.0,0.0
2309,2.90215540594,2.64466466658,19.7931932203,1.80917654498,0.680359183452,33.3730027867,2.18806435038,0.593655813373,0.590935554766,3.89218911882,0.0,0.0,0.0
2310,2.90341229438,2.64547057823,19.7818289455,1.80806426038,0.680566510075,33.3754429013,2.18510119859,0.594036351583,0.588553413306,3.89443173818,0.0,0.0,0.0
2311,2.90466918281,2.64627281608,19.7705168686,1.80694997919,0.680772891583,33.3778702393,2.1821340697,0.594415409272,0.586163315345,3.89667058662,0.0,0.0,0.0
2312,2.90592607125,2.64707137171,19.759257097,1.80583370721,0.680978325815,33.3802847998,2.1791629752,0.594792979236,0.583765279474,3.89890551323,0.0,0.0,0.0
2313,2.90718295969,2.64786623677,19.7480497379,1.80471545029,0.681182810618,33.3826865815,2.1761879267,0.595169054283,0.581359324806,3.90113636415,0.0,0.0,0.0
2314,2.90843984813,2.64865740289,19.7368948985,1.80359521432,0.681386343845,33.3850755836,2.17320893591,0.595543627235,0.578945470983,3.90336298259,0.0,0.0,0.0
2315,2.90969673657,2.64944486178,19.7257926854,1.80247300528,0.678936826407,33.3874518049,2.17022601468,0.591873891136,0.577096381868,3.90092068966,0.0,0.0,0.0
2316,2.91095362501,2.65022860515,19.7147432051,1.80134882919,0.679137665549,33.3898152445,2.16723917496,0.592241601611,0.574670323577,3.90310783709,0.0,0.0,0.0
2317,2.91221051345,2.65100862475,19.7037465638,1.80022269212,0.679337550452,33.3921659014,2.16424842883,0.592607802646,0.572236458256,3.90528998589,0.0,0.0,0.0
2318,2.91346740189,2.65178491237,19.6928028674,1.79909460021,0.67953647901,33.3945037744,2.16125378849,0.592972487211,0.569794808214,3.90746696267,0.0,0.0,0.0
2319,2.91472429033,2.65255745981,19.6819122214,1.79796455968,0.679734449124,33.3968288627,2.15825526623,0.59333564829,0.567345396325,3.90963859057,0.0,0.0,0.0
2320,2.91598117877,2.65332625891,19.6710747313,1.79683257676,0.679931458705,33.3991411651,2.15525287449,0.593697278884,0.564888246039,3.91180468922,0.0,0.0,0.0
2321,2.91723806721,2.65409130155,19.6602905021,1.79569865779,0.680127505668,33.4014406808,2.15224662582,0.594057372009,0.562423381385,3.91396507462,0.0,0.0,0.0
2322,2.91849495565,2.65485257964,19.6495596385,1.79456280913,0.680322587941,33.4037274087,2.14923653288,0.594415920695,0.559950826979,3.91611955909,0.0,0.0,0.0
2323,2.91975184408,2.65561008511,19.638882245,1.79342503722,0.680516703457,33.4060013479,2.14622260845,0.594772917988,0.557470608033,3.9182679511,0.0,0.0,0.0
2324,2.92100873252,2.65636380993,19.6282584257,1.79228534856,0.680709850158,33.4082624973,2.14320486543,0.595128356952,0.554982750357,3.92041005526,0.0,0.0,0.0
2325,2.92226562096,2.6571137461,19.6176882844,1.79114374969,0.680902025994,33.4105108559,2.14018331684,0.595482230665,0.55248728037,3.92254567216,0.0,0.0,0.0
2326,2.9235225094,2.65785988566,19.6071719247,1.79000024723,0.681093228923,33.4127464229,2.13715797582,0.595834532223,0.549984225105,3.92467459829,0.0,0.0,0.0
2327,2.92477939784,2.65860222067,19.5967094497,1.78885484785,0.681283456913,33.4149691972,2.13412885562,0.596185254738,0.547473612219,3.92679662592,0.0,0.0,0.0
2328,2.92603628628,2.65934074322,19.5863009625,1.78770755828,0.678810705199,33.4171791779,2.1310959696,0.59246676712,0.545590581925,3.92383915358,0.0,0.0,0.0
2329,2.92729317472,2.66007544546,19.5759465654,1.78655838531,0.678998241806,33.4193763641,2.12805933127,0.592810703216,0.543069028543,3.92591250383,0.0,0.0,0.0
2330,2.92855006316,2.66080631954,19.5656463609,1.78540733578,0.679184801256,33.4215607547,2.12501895423,0.59315305489,0.540540042831,3.92797797701,0.0,0.0,0.0
2331,2.9298069516,2.66153335767,19.5554004507,1.7842544166,0.679370381558,33.4237323489,2.12197485221,0.593493815418,0.538003655685,3.9300353426,0.0,0.0,0.0
2332,2.93106384004,2.66225655207,19.5452089366,1.78309963474,0.679554980729,33.4258911457,2.11892703905,0.593832978093,0.535459898679,3.93208436517,0.0,0.0,0.0
2333,2.93232072848,2.66297589501,19.5350719197,1.78194299722,0.679738596795,33.4280371441,2.11587552872,0.594170536225,0.532908804076,3.93412480427,0.0,0.0,0.0
2334,2.93357761691,2.66369137879,19.5249895009,1.78078451112,0.67992122779,33.4301703433,2.11282033529,0.594506483145,0.530350404831,3.93615641431,0.0,0.0,0.0
2335,2.93483450535,2.66440299574,19.5149617808,1.7796241836,0.680102871757,33.4322907424,2.10976147297,0.594840812203,0.527784734606,3.93817894439,0.0,0.0,0.0
2336,2.93609139379,2.66511073823,19.5049888597,1.77846202185,0.680283526747,33.4343983403,2.10669895607,0.595173516769,0.525211827778,3.94019213817,0.0,0.0,0.0
2337,2.93734828223,2.66581459866,19.4950708374,1.77729803313,0.680463190822,33.4364931363,2.10363279902,0.59550459023,0.522631719448,3.94219573372,0.0,0.0,0.0
2338,2.93860517067,2.66651456948,19.4852078133,1.77613222476,0.680641862051,33.4385751294,2.10056301639,0.595834025996,0.520044445455,3.94418946337,0.0,0.0,0.0
2339,2.93986205911,2.66721064314,19.4753998868,1.77496460412,0.680819538512,33.4406443187,2.09748962283,0.596161817498,0.51745004238,3.94617305352,0.0,0.0,0.0
2340,2.94111894755,2.66790281217,19.4656471564,1.77379517864,0.680996218292,33.4427007033,2.09441263315,0.596487958185,0.514848547564,3.94814622453,0.0,0.0,0.0
2341,2.94237583599,2.66859106909,19.4559497208,1.77262395583,0.681171899489,33.4447442823,2.09133206223,0.596812441529,0.512239999115,3.95010869051,0.0,0.0,0.0
2342,2.94363272443,2.66927540649,19.4463076778,1.77145094324,0.681346580207,33.4467750549,2.08824792511,0.597135261024,0.50962443592,3.95206015913,0.0,0.0,0.0
2343,2.94488961287,2.66995581698,19.4367211253,1.77027614848,0.678847630122,33.4487930202,2.08516023693,0.59336057552,0.507718705252,3.94839317414,0.0,0.0,0.0
2344,2.94614650131,2.67063229321,19.4271901605,1.76909957922,0.679019627082,33.4507981773,2.08206901294,0.593676712951,0.505094119504,3.95028232041,0.0,0.0,0.0
2345,2.94740338975,2.67130482787,19.4177148803,1.76792124319,0.679190621879,33.4527905253,2.07897426852,0.593991183503,0.5024626922,3.95215914753,0.0,0.0,0.0
2346,2.94866027818,2.67197341367,19.4082953812,1.76674114819,0.679360612664,33.4547700634,2.07587601916,0.594303980845,0.499824466433,3.95402332946,0.0,0.0,0.0
2347,2.94991716662,2.67263804338,19.3989317595,1.76555930206,0.679529597595,33.4567367907,2.07277428047,0.594615098668,0.49717948616,3.95587453264,0.0,0.0,0.0
2348,2.95117405506,2.67329870979,19.3896241109,1.7643757127,0.67969757484,33.4586907064,2.06966906818,0.594924530683,0.494527796221,3.95771241579,0.0,0.0,0.0
2349,2.9524309435,2.67395540573,19.3803725306,1.76319038808,0.679864542576,33.4606318097,2.06656039812,0.595232270629,0.49186944235,3.95953662966,0.0,0.0,0.0
2350,2.95368783194,2.67460812406,19.3711771138,1.76200333623,0.680030498989,33.4625600996,2.06344828626,0.595538312265,0.489204471195,3.96134681682,0.0,0.0,0.0
2351,2.95494472038,2.6752568577,19.3620379549,1.76081456522,0.680195442277,33.4644755754,2.06033274867,0.595842649375,0.486532930329,3.9631426114,0.0,0.0,0.0
2352,2.95620160882,2.67590159959,19.3529551481,1.75962408319,0.680359370645,33.4663782363,2.05721380154,0.596145275767,0.48385486827,3.96492363884,0.0,0.0,0.0
2353,2.95745849726,2.67654234271,19.3439287872,1.75843189834,0.680522282308,33.4682680814,2.05409146118,0.596446185274,0.481170334498,3.96668951565,0.0,0.0,0.0
2354,2.9587153857,2.67717908006,19.3349589653,1.75723801891,0.68068417549,33.4701451099,2.050965744,0.596745371753,0.478479379471,3.96843984912,0.0,0.0,0.0
2355,2.95997227414,2.67781180472,19.3260457756,1.75604245324,0.680845048427,33.472009321,2.04783666656,0.597042829086,0.475782054645,3.97017423703,0.0,0.0,0.0
2356,2.96122916258,2.67844050978,19.3171893104,1.75484520967,0.681004899362,33.4738607139,2.0447042455,0.597338551181,0.473078412495,3.9718922674,0.0,0.0,0.0
2357,2.96248605101,2.67906518836,19.3083896618,1.75364629665,0.681163726549,33.4756992879,2.04156849758,0.59763253197,0.470368506529,3.97359351815,0.0,0.0,0.0
2358,2.96374293945,2.67968583365,19.2996469214,1.75244572265,0.681321528253,33.477525042,2.03842943969,0.597924765413,0.467652391316,3.9752775568,0.0,0.0,0.0
2359,2.96499982789,2.68030243884,19.2909611804,1.75124349621,0.678795317328,33.4793379755,2.03528708884,0.594092665377,0.465750245218,3.97067569362,0.0,0.0,0.0
2360,2.96625671633,2.68091499718,19.2823325296,1.75003962594,0.678950449721,33.4811380877,2.03214146212,0.594378355826,0.463027886802,3.97227771858,0.0,0.0,0.0
2361,2.96751360477,2.68152350197,19.2737610594,1.74883412049,0.679104555539,33.4829253778,2.02899257677,0.5946622985,0.460299561162,3.9738606623,0.0,0.0,0.0
2362,2.96877049321,2.68212794653,19.2652468594,1.74762698857,0.679257633089,33.4846998449,2.02584045013,0.594944487547,0.457565328744,3.97542403952,0.0,0.0,0.0
2363,2.97002738165,2.68272832422,19.2567900193,1.74641823896,0.679409680693,33.4864614884,2.02268509964,0.595224917138,0.454825251199,3.97696735273,0.0,0.0,0.0
2364,2.97128427009,2.68332462845,19.2483906279,1.74520788047,0.679560696681,33.4882103075,2.01952654288,0.595503581475,0.452079391411,3.97849009175,0.0,0.0,0.0
2365,2.97254115853,2.68391685267,19.2400487738,1.74399592199,0.679710679391,33.4899463014,2.01636479752,0.595780474785,0.449327813527,3.97999173335,0.0,0.0,0.0
2366,2.97379804697,2.68450499036,19.2317645451,1.74278237246,0.679859627174,33.4916694693,2.01319988136,0.596055591325,0.446570582984,3.98147174083,0.0,0.0,0.0
2367,2.97505493541,2.68508903505,19.2235380292,1.74156724088,0.68000753839,33.4933798106,2.0100318123,0.596328925377,0.443807766538,3.98292956358,0.0,0.0,0.0
2368,2.97631182385,2.68566898029,19.2153693135,1.74035053629,0.68015441141,33.4950773245,2.00686060835,0.596600471255,0.441039432298,3.98436463662,0.0,0.0,0.0
2369,2.97756871228,2.6862448197,19.2072584844,1.7391322678,0.680300244614,33.4967620102,2.00368628765,0.596870223299,0.438265649754,3.98577638014,0.0,0.0,0.0
2370,2.97882560072,2.68681654692,19.1992056283,1.73791244457,0.680445036393,33.4984338671,2.00050886842,0.59713817588,0.435486489813,3.98716419904,0.0,0.0,0.0
2371,2.98008248916,2.68738415564,19.1912108307,1.73669107582,0.680588785147,33.5000928944,1.99732836903,0.597404323397,0.432702024836,3.98852748237,0.0,0.0,0.0
2372,2.9813393776,2.68794763959,19.183274177,1.73546817083,0.68073148929,33.5017390914,1.99414480793,0.597668660279,0.429912328669,3.98986560286,0.0,0.0,0.0
2373,2.98259626604,2.68850699252,19.1753957519,1.73424373892,0.680873147241,33.5033724574,1.99095820369,0.597931180985,0.427117476685,3.99117791633,0.0,0.0,0.0
2374,2.98385315448,2.68906220827,19.1675756397,1.73301778947,0.681013757434,33.5049929916,1.987768575,0.598191880004,0.42431754582,3.99246376115,0.0,0.0,0.0
2375,2.98511004292,2.68961328067,19.159813924,1.73179033192,0.681153318312,33.5066006935,1.98457594064,0.598450751855,0.421512614619,3.99372245767,0.0,0.0,0.0
2376,2.98636693136,2.69016020361,19.1521106882,1.73056137577,0.678598975277,33.5081955623,1.98138031951,0.594561043216,0.419657014699,3.98785641045,0.0,0.0,0.0
2377,2.9876238198,2.69070297104,19.144466015,1.72933093056,0.678735889584,33.5097775972,1.97818173062,0.594813552172,0.416849961264,3.98900341496,0.0,0.0,0.0
2378,2.98888070824,2.69124157693,19.1368799867,1.72809900589,0.678871754132,33.5113467977,1.97498019309,0.595064236373,0.414038256516,3.9901204809,0.0,0.0,0.0
2379,2.99013759668,2.69177601529,19.1293526851,1.72686561142,0.679006567413,33.5129031631,1.97177572614,0.595313090537,0.411221988069,3.99120684069,0.0,0.0,0.0
2380,2.99139448511,2.6923062802,19.1218841914,1.72563075685,0.679140327929,33.5144466926,1.9685683491,0.595560109411,0.408401245434,3.9922617053,0.0,0.0,0.0
2381,2.99265137355,2.69283236574,19.1144745864,1.72439445195,0.679273034193,33.5159773856,1.96535808141,0.595805287777,0.40557612007,3.99328426352,0.0,0.0,0.0
2382,2.99390826199,2.69335426607,19.1071239502,1.72315670652,0.679404684726,33.5174952415,1.96214494261,0.596048620444,0.402746705442,3.99427368118,0.0,0.0,0.0
2383,2.99516515043,2.69387197538,19.0998323626,1.72191753045,0.679535278064,33.5190002597,1.95892895237,0.596290102259,0.39991309708,3.99522910036,0.0,0.0,0.0
2384,2.99642203887,2.69438548789,19.0925999028,1.72067693365,0.679664812752,33.5204924393,1.95571013042,0.596529728096,0.397075392641,3.99614963855,0.0,0.0,0.0
2385,2.99767892731,2.69489479788,19.0854266494,1.71943492609,0.679793287344,33.5219717799,1.95248849664,0.596767492865,0.394233691973,3.99703438781,0.0,0.0,0.0
2386,2.99893581575,2.69539989966,19.0783126805,1.71819151779,0.679920700407,33.5234382808,1.94926407099,0.597003391508,0.39138809718,3.99788241383,0.0,0.0,0.0
2387,3.00019270419,2.69590078761,19.0712580737,1.71694671885,0.680047050519,33.5248919413,1.94603687354,0.597237419,0.388538712697,3.99869275503,0.0,0.0,0.0
2388,3.00144959263,2.69639745611,19.0642629061,1.71570053938,0.680172336268,33.5263327608,1.94280692447,0.59746957035,0.385685645359,3.99946442157,0.0,0.0,0.0
2389,3.00270648107,2.69688989963,19.0573272542,1.71445298956,0.680296556254,33.5277607387,1.93957424405,0.5976998406,0.382829004478,4.00019639434,0.0,0.0,0.0
2390,3.00396336951,2.69737811264,19.0504511939,1.71320407964,0.680419709086,33.5291758744,1.93633885266,0.597928224827,0.379968901925,4.00088762389,0.0,0.0,0.0
2391,3.00522025794,2.69786208969,19.0436348007,1.71195381989,0.680541793387,33.5305781673,1.93310077079,0.59815471814,0.377105452212,4.00153702937,0.0,0.0,0.0
2392,3.00647714638,2.69834182535,19.0368781494,1.71070222064,0.680662807788,33.5319676167,1.92986001901,0.598379315685,0.374238772578,4.00214349733,0.0,0.0,0.0
2393,3.00773403482,2.69881731425,19.0301813143,1.70944929229,0.680782750934,33.5333442221,1.92661661802,0.598602012641,0.371368983087,4.00270588058,0.0,0.0,0.0
2394,3.00899092326,2.69928855106,19.0235443693,1.70819504527,0.68090162148,33.5347079829,1.9233705886,0.598822804224,0.368496206713,4.00322299692,0.0,0.0,0.0
2395,3.0102478117,2.69975553048,19.0169673874,1.70693949005,0.681019418092,33.5360588985,1.92012195164,0.599041685682,0.365620569452,4.00369362786,0.0,0.0,0.0
2396,3.01150470014,2.70021824728,19.0104504414,1.70568263719,0.681136139446,33.5373969683,1.91687072811,0.599258652302,0.362742200418,4.00411651727,0.0,0.0,0.0
2397,3.01276158858,2.70067669626,19.0039936032,1.70442449725,0.678548404163,33.5387221917,1.9136169391,0.595299680604,0.361026111551,3.99613962656,0.0,0.0,0.0
2398,3.01401847702,2.70113087226,18.9975969445,1.70316508087,0.678662516451,33.5400345682,1.9103606058,0.595510542928,0.358153254183,3.99639379128,0.0,0.0,0.0
2399,3.01527536546,2.70158077017,18.991260536,1.70190439875,0.678775553865,33.5413340972,1.90710174948,0.5957194964,0.355278237982,3.99659540979,0.0,0.0,0.0
2400,3.0165322539,2.70202638493,18.9849844482,1.70064246159,0.678887515132,33.5426207781,1.90384039152,0.595926536514,0.352401209513,3.99674305361,0.0,0.0,0.0
2401,3.01778914234,2.70246771153,18.9787687508,1.69937928019,0.678998398992,33.5438946104,1.90057655339,0.596131658798,0.349522319165,3.99683524934,0.0,0.0,0.0
2402,3.01904603078,2.70290474499,18.972613513,1.69811486537,0.679108204196,33.5451555936,1.89731025665,0.596334858818,0.346641721299,3.996870477,0.0,0.0,0.0
2403,3.02030291921,2.70333748039,18.9665188033,1.696849228,0.679216929505,33.546403727,1.89404152298,0.596536132176,0.343759574389,3.99684716828,0.0,0.0,0.0
2404,3.02155980765,2.70376591284,18.9604846899,1.69558237901,0.679324573694,33.5476390102,1.89077037413,0.596735474511,0.340876041183,3.9967637047,0.0,0.0,0.0
2405,3.02281669609,2.70419003751,18.95451124,1.69431432936,0.679431135548,33.5488614426,1.88749683195,0.5969328815,0.337991288861,3.99661841578,0.0,0.0,0.0
2406,3.02407358453,2.7046098496,18.9485985205,1.69304509007,0.679536613863,33.5500710238,1.88422091838,0.597128348855,0.335105489211,3.996409577,0.0,0.0,0.0
2407,3.02533047297,2.70502534439,18.9427465976,1.69177467219,0.679641007448,33.551267753,1.88094265546,0.597321872329,0.332218818803,3.9961354078,0.0,0.0,0.0
2408,3.02658736141,2.70543651717,18.936955537,1.69050308684,0.679744315122,33.55245163,1.87766206532,0.597513447709,0.329331459179,3.99579406947,0.0,0.0,0.0
2409,3.02784424985,2.70584336328,18.9312254036,1.68923034516,0.679846535718,33.5536226541,1.87437917019,0.597703070824,0.326443597054,3.99538366288,0.0,0.0,0.0
2410,3.02910113829,2.70624587814,18.9255562618,1.68795645836,0.679947668079,33.5547808248,1.87109399236,0.597890737537,0.323555424513,3.99490222622,0.0,0.0,0.0
2411,3.03035802673,2.70664405717,18.9199481754,1.68668143767,0.680047711059,33.5559261417,1.86780655424,0.598076443753,0.32066713924,3.99434773262,0.0,0.0,0.0
2412,3.03161491517,2.70703789588,18.9144012077,1.68540529438,0.680146663527,33.5570586043,1.86451687832,0.598260185415,0.317778944736,3.99371808762,0.0,0.0,0.0
2413,3.03287180361,2.70742738979,18.908915421,1.68412803982,0.680244524359,33.558178212,1.86122498717,0.598441958502,0.314891050563,3.99301112662,0.0,0.0,0.0
2414,3.03412869204,2.70781253449,18.9034908775,1.68284968537,0.680341292447,33.5592849644,1.85793090347,0.598621759037,0.312003672596,3.99222461217,0.0,0.0,0.0
2415,3.03538558048,2.70819332561,18.8981276383,1.68157024245,0.680436966694,33.560378861,1.85463464996,0.598799583078,0.309117033284,3.99135623122,0.0,0.0,0.0
2416,3.03664246892,2.70856975884,18.8928257642,1.68028972251,0.680531546012,33.5614599014,1.85133624947,0.598975426724,0.30623136193,3.99040359217,0.0,0.0,0.0
2417,3.03789935736,2.70894182988,18.8875853152,1.67900813706,0.680625029329,33.562528085,1.84803572494,0.599149286116,0.303346894978,3.98936422192,0.0,0.0,0.0
2418,3.0391562458,2.70930953453,18.8824063508,1.67772549764,0.680717415582,33.5635834114,1.84473309936,0.599321157431,0.300463876324,3.98823556273,0.0,0.0,0.0
2419,3.04041313424,2.7096728686,18.8772889297,1.67644181584,0.680808703721,33.5646258802,1.84142839584,0.599491036888,0.297582557636,3.98701496897,0.0,0.0,0.0
2420,3.04167002268,2.71003182796,18.8722331101,1.6751571033,0.680898892708,33.5656554909,1.83812163754,0.599658920748,0.294703198688,3.98569970381,0.0,0.0,0.0
2421,3.04292691112,2.71038640852,18.8672389495,1.67387137167,0.680987981518,33.5666722431,1.83481284771,0.599824805311,0.291826067721,3.98428693573,0.0,0.0,0.0
2422,3.04418379956,2.71073660625,18.8623065048,1.67258463268,0.681075969137,33.5676761363,1.83150204971,0.599988686916,0.288951441811,3.98277373497,0.0,0.0,0.0
2423,3.045440688,2.71108241717,18.8574358322,1.67129689807,0.678449058355,33.5686671701,1.82818926694,0.595949983928,0.287615643287,3.97084608824,0.0,0.0,0.0
2424,3.04669757644,2.71142383732,18.8526269872,1.67000817963,0.678534498835,33.569645344,1.82487452291,0.596108143998,0.284763537182,3.96903566221,0.0,0.0,0.0
2425,3.04795446488,2.71176086283,18.8478800249,1.6687184892,0.678618839553,33.5706106577,1.82155784118,0.596264311549,0.281915126551,3.96711483269,0.0,0.0,0.0
2426,3.04921135331,2.71209348985,18.8431949994,1.66742783864,0.678702079548,33.5715631108,1.81823924543,0.596418483137,0.279070734817,3.96508027595,0.0,0.0,0.0
2427,3.05046824175,2.71242171459,18.8385719644,1.66613623986,0.67878421787,33.5725027027,1.81491875937,0.596570655356,0.276230696529,3.96292855446,0.0,0.0,0.0
2428,3.05172513019,2.7127455333,18.8340109729,1.66484370482,0.678865253582,33.5734294332,1.81159640682,0.596720824844,0.273395357858,3.96065611303,0.0,0.0,0.0
2429,3.05298201863,2.71306494228,18.829512077,1.66355024548,0.67894518576,33.5743433018,1.80827221166,0.59686898828,0.270565077118,3.95825927469,0.0,0.0,0.0
2430,3.05423890707,2.71337993789,18.8250753286,1.66225587388,0.67902401349,33.5752443082,1.80494619785,0.597015142384,0.267740225315,3.95573423662,0.0,0.0,0.0
2431,3.05549579551,2.71369051652,18.8207007784,1.66096060207,0.679101735872,33.5761324518,1.80161838943,0.597159283919,0.264921186724,3.95307706597,0.0,0.0,0.0
2432,3.05675268395,2.71399667464,18.8163884769,1.65966444215,0.679178352017,33.5770077325,1.7982888105,0.597301409689,0.262108359486,3.95028369562,0.0,0.0,0.0
2433,3.05800957239,2.71429840873,18.8121384736,1.65836740625,0.67925386105,33.5778701497,1.79495748524,0.597441516541,0.259302156244,3.94734991989,0.0,0.0,0.0
2434,3.05926646083,2.71459571536,18.8079508174,1.65706950654,0.679328262106,33.5787197031,1.7916244379,0.597579601364,0.256503004801,3.94427139026,0.0,0.0,0.0
2435,3.06052334927,2.7148885911,18.8038255568,1.65577075521,0.679401554335,33.5795563923,1.7882896928,0.59771566109,0.253711348817,3.94104361101,0.0,0.0,0.0
2436,3.06178023771,2.71517703262,18.7997627392,1.65447116451,0.679473736898,33.5803802171,1.78495327433,0.597849692693,0.250927648531,3.93766193498,0.0,0.0,0.0
2437,3.06303712614,2.71546103662,18.7957624115,1.65317074671,0.679544808968,33.5811911769,1.78161520695,0.597981693191,0.248152381522,3.93412155925,0.0,0.0,0.0
2438,3.06429401458,2.71574059983,18.7918246201,1.65186951411,0.679614769731,33.5819892716,1.77827551518,0.598111659645,0.245386043499,3.93041752096,0.0,0.0,0.0
2439,3.06555090302,2.71601571905,18.7879494104,1.65056747904,0.679683618386,33.5827745006,1.77493422362,0.598239589157,0.242629149135,3.92654469321,0.0,0.0,0.0
2440,3.06680779146,2.71628639113,18.7841368273,1.64926465389,0.679751354142,33.5835468638,1.77159135693,0.598365478876,0.23988223293,3.92249778115,0.0,0.0,0.0
2441,3.0680646799,2.71655261297,18.7803869149,1.64796105105,0.679817976224,33.5843063607,1.76824693983,0.598489325991,0.237145850113,3.91827131813,0.0,0.0,0.0
2442,3.06932156834,2.71681438152,18.7766997168,1.64665668297,0.679883483868,33.5850529911,1.76490099711,0.598611127738,0.234420577585,3.91385966225,0.0,0.0,0.0
2443,3.07057845678,2.71707169376,18.7730752757,1.6453515621,0.679947876321,33.5857867546,1.76155355361,0.598730881395,0.231707014898,3.90925699307,0.0,0.0,0.0
2444,3.07183534522,2.71732454675,18.7695136337,1.64404570094,0.680011152845,33.5865076509,1.75820463426,0.598848584283,0.229005785272,3.90445730876,0.0,0.0,0.0
2445,3.07309223366,2.71757293758,18.7660148321,1.64273911203,0.680073312713,33.5872156797,1.75485426402,0.598964233771,0.226317536654,3.89945442368,0.0,0.0,0.0
2446,3.0743491221,2.7178168634,18.7625789118,1.64143180793,0.680134355211,33.5879108406,1.75150246794,0.599077827267,0.223642942814,3.89424196642,0.0,0.0,0.0
2447,3.07560601054,2.71805632141,18.7592059126,1.64012380121,0.680194279637,33.5885931335,1.74814927109,0.599189362229,0.220982704475,3.88881337852,0.0,0.0,0.0
2448,3.07686289897,2.71829130886,18.7558958738,1.63881510451,0.680253085304,33.5892625579,1.74479469864,0.599298836155,0.218337550491,3.88316191393,0.0,0.0,0.0
2449,3.07811978741,2.71852182304,18.752648834,1.63750573046,0.680310771535,33.5899191137,1.7414387758,0.599406246591,0.215708239045,3.8772806392,0.0,0.0,0.0
2450,3.07937667585,2.7187478613,18.749464831,1.63619569174,0.680367337667,33.5905628004,1.73808152782,0.599511591125,0.213095558896,3.87116243475,0.0,0.0,0.0
2451,3.08063356429,2.71896942105,18.7463439021,1.63488500105,0.68042278305,33.591193618,1.73472298004,0.599614867393,0.210500330643,3.86479999723,0.0,0.0,0.0
2452,3.08189045273,2.71918649973,18.7432860836,1.63357367112,0.680477107044,33.5918115659,1.73136315781,0.599716073074,0.207923408029,3.85818584313,0.0,0.0,0.0
2453,3.08314734117,2.71939909484,18.7402914112,1.63226171471,0.680530309025,33.5924166441,1.72800208658,0.599815205893,0.205365679255,3.85131231385,0.0,0.0,0.0
2454,3.08440422961,2.71960720395,18.7373599201,1.6309491446,0.680582388381,33.5930088523,1.72463979182,0.599912263621,0.202828068321,3.84417158247,0.0,0.0,0.0
2455,3.08566111805,2.71981082465,18.7344916444,1.62963597359,0.680633344512,33.5935881901,1.72127629906,0.600007244072,0.200311536375,3.8367556623,0.0,0.0,0.0
2456,3.08691800649,2.7200099546,18.7316866177,1.62832221453,0.680683176831,33.5941546574,1.71791163389,0.60010014511,0.197817083061,3.82905641763,0.0,0.0,0.0
2457,3.08817489493,2.7202045915,18.728944873,1.62700788025,0.680731884764,33.5947082538,1.71454582193,0.600190964641,0.195345747867,3.82106557671,0.0,0.0,0.0
2458,3.08943178337,2.7203947331,18.7262664422,1.62569298366,0.680779467749,33.5952489793,1.71117888887,0.600279700617,0.192898611454,3.81277474743,0.0,0.0,0.0
2459,3.09068867181,2.72058037723,18.7236513569,1.62437753765,0.680825925238,33.5957768334,1.70781086043,0.60036635104,0.190476796949,3.80417543586,0.0,0.0,0.0
2460,3.09194556024,2.72076152174,18.7210996477,1.62306155514,0.680871256696,33.5962918161,1.70444176238,0.600450913953,0.188081471207,3.795259068,0.0,0.0,0.0
2461,3.09320244868,2.72093816453,18.7186113445,1.6217450491,0.6809154616,33.596793927,1.70107162054,0.600533387448,0.185713845999,3.78601701504,0.0,0.0,0.0
2462,3.09445933712,2.72111030358,18.7161864766,1.62042803249,0.680958539439,33.597283166,1.69770046077,0.600613769663,0.183375179127,3.77644062247,0.0,0.0,0.0
2463,3.09571622556,2.72127793689,18.7138250725,1.6191105183,0.681000489718,33.5977595329,1.69432830897,0.600692058782,0.181066775436,3.76652124342,0.0,0.0,0.0
2464,3.096973114,2.72144106253,18.7115271599,1.61779251955,0.67831714673,33.5982230274,1.6909551911,0.596541519805,0.181357381816,3.74353076358,0.0,0.0,0.0
2465,3.09823000244,2.72159967863,18.7092927658,1.61647404928,0.678356681672,33.5986736493,1.68758113314,0.596614823104,0.179146659682,3.73293738965,0.0,0.0,0.0
2466,3.09948689088,2.72175378334,18.7071219166,1.61515512054,0.678395092155,33.5991113986,1.68420616111,0.596686050569,0.176970698387,3.72198732005,0.0,0.0,0.0
2467,3.10074377932,2.72190337488,18.7050146378,1.61383574641,0.678432377736,33.5995362748,1.68083030108,0.596755200596,0.17483096649,3.71067317134,0.0,0.0,0.0
2468,3.10200066776,2.72204845154,18.7029709541,1.61251593997,0.678468537984,33.599948278,1.67745357915,0.596822271623,0.172728978332,3.69898783436,0.0,0.0,0.0
2469,3.1032575562,2.72218901164,18.7009908898,1.61119571435,0.678503572481,33.6003474078,1.67407602146,0.596887262137,0.170666293598,3.6869245363,0.0,0.0,0.0
2470,3.10451444464,2.72232505354,18.699074468,1.60987508266,0.678537480824,33.6007336642,1.67069765419,0.596950170672,0.168644516555,3.67447690806,0.0,0.0,0.0
2471,3.10577133307,2.72245657568,18.6972217115,1.60855405805,0.678570262619,33.601107047,1.66731850355,0.597010995807,0.166665294917,3.66163905714,0.0,0.0,0.0
2472,3.10702822151,2.72258357654,18.6954326421,1.6072326537,0.678601917489,33.6014675559,1.66393859578,0.597069736168,0.164730318319,3.64840564586,0.0,0.0,0.0
2473,3.10828510995,2.72270605466,18.6937072809,1.60591088277,0.678632445066,33.6018151909,1.66055795715,0.597126390428,0.162841316329,3.63477197477,0.0,0.0,0.0
2474,3.10954199839,2.72282400861,18.6920456482,1.60458875846,0.678661844999,33.6021499519,1.65717661396,0.597180957306,0.161000055976,3.62073407094,0.0,0.0,0.0
2475,3.11079888683,2.72293743702,18.6904477637,1.60326629398,0.678690116948,33.6024718385,1.65379459256,0.597233435568,0.159208338751,3.60628878073,0.0,0.0,0.0
2476,3.11205577527,2.7230463386,18.6889136463,1.60194350256,0.678717260585,33.6027808508,1.65041191932,0.597283824028,0.157467997031,3.59143386628,0.0,0.0,0.0
2477,3.11331266371,2.72315071208,18.687443314,1.60062039742,0.678743275596,33.6030769886,1.64702862061,0.597332121546,0.155780889895,3.57616810504,0.0,0.0,0.0
2478,3.11456955215,2.72325055626,18.6860367843,1.59929699184,0.678768161681,33.6033602517,1.64364472286,0.597378327029,0.1541488983,3.56049139125,0.0,0.0,0.0
2479,3.11582644059,2.72334586997,18.6846940738,1.59797329905,0.678791918552,33.6036306401,1.64026025251,0.59742243943,0.152573919593,3.5444048382,0.0,0.0,0.0
2480,3.11708332903,2.72343665211,18.6834151984,1.59664933236,0.678814545934,33.6038881536,1.63687523604,0.597464457752,0.151057861332,3.52791087973,0.0,0.0,0.0
2481,3.11834021747,2.72352290164,18.6822001732,1.59532510503,0.678836043564,33.6041327921,1.63348969994,0.597504381043,0.14960263441,3.51101336945,0.0,0.0,0.0
2482,3.11959710591,2.72360461756,18.6810490126,1.59400063037,0.678856411195,33.6043645555,1.63010367071,0.597542208399,0.148210145492,3.49371767561,0.0,0.0,0.0
2483,3.12085399434,2.72368179892,18.6799617301,1.59267592169,0.67887564859,33.6045834437,1.6267171749,0.597577938962,0.146882288765,3.47603076974,0.0,0.0,0.0
2484,3.12211088278,2.72375444482,18.6789383388,1.59135099231,0.678893755528,33.6047894567,1.62333023905,0.597611571923,0.145620937039,3.4579613067,0.0,0.0,0.0
2485,3.12336777122,2.72382255443,18.6779788507,1.59002585556,0.678910731797,33.6049825942,1.61994288976,0.59764310652,0.144427932254,3.43951969384,0.0,0.0,0.0
2486,3.12462465966,2.72388612696,18.6770832771,1.58870052477,0.678926577202,33.6051628563,1.6165551536,0.597672542038,0.143305075433,3.42071814682,0.0,0.0,0.0
2487,3.1258815481,2.72394516167,18.6762516287,1.58737501329,0.67894129156,33.6053302428,1.61316705718,0.59769987781,0.142254116196,3.40157072964,0.0,0.0,0.0
2488,3.12713843654,2.72399965788,18.6754839153,1.58604933448,0.678954874699,33.6054847538,1.60977862713,0.597725113216,0.141276741902,3.38209337667,0.0,0.0,0.0
2489,3.12839532498,2.72404961496,18.6747801461,1.58472350169,0.678967326463,33.605626389,1.60638989009,0.597748247684,0.140374566576,3.36230389428,0.0,0.0,0.0
2490,3.12965221342,2.72409503232,18.6741403293,1.58339752829,0.678978646707,33.6057551485,1.6030008727,0.597769280688,0.139549119717,3.34222194034,0.0,0.0,0.0
2491,3.13090910186,2.72413590945,18.6735644726,1.58207142766,0.678988835301,33.6058710323,1.59961160163,0.597788211752,0.138801835185,3.32186898002,0.0,0.0,0.0
2492,3.1321659903,2.72417224587,18.6730525828,1.58074521316,0.678997892126,33.6059740401,1.59622210356,0.597805040447,0.138134040292,3.30126821663,0.0,0.0,0.0
2493,3.13342287874,2.72420404116,18.6726046659,1.5794188982,0.679005817077,33.6060641721,1.59283240517,0.59781976639,0.137546945303,3.28044449716,0.0,0.0,0.0
2494,3.13467976717,2.72423129494,18.6722207272,1.57809249615,0.679012610063,33.6061414282,1.58944253314,0.597832389248,0.137041633501,3.25942419241,0.0,0.0,0.0
2495,3.13593665561,2.72425400692,18.6719007714,1.57676602041,0.679018271005,33.6062058083,1.58605251419,0.597842908734,0.136619052021,3.23823505252,0.0,0.0,0.0
2496,3.13719354405,2.72427217681,18.6716448022,1.57543948436,0.679022799837,33.6062573124,1.58266237501,0.597851324609,0.136280003603,3.2169060393,0.0,0.0,0.0
2497,3.13845043249,2.72428580441,18.6714528227,1.57411290142,0.679026196507,33.6062959405,1.57927214232,0.597857636682,0.136025139447,3.19546713749,0.0,0.0,0.0
2498,3.13970732093,2.72429488957,18.671324835,1.57278628497,0.679028460975,33.6063216926,1.57588184283,0.597861844811,0.135854953297,3.17394914768,0.0,0.0,0.0
2499,3.14096420937,2.72429943217,18.6712608408,1.57145964842,0.679029593216,33.6063345687,1.57249150326,0.597863948899,0.135769776896,3.15238346435,0.0,0.0,0.0
2500,3.14222109781,2.72429943217,18.6712608408,1.57013300517,0.679029593216,33.6063345687,1.56910115033,0.597863948899,0.135769776896,3.13080184283,0.0,0.0,0.0
2501,3.14347798625,2.72429488957,18.671324835,1.56880636862,0.679028460975,33.6063216926,1.56571081076,0.597861844811,0.135854953297,3.1092361595,0.0,0.0,0.0
2502,3.14473487469,2.72428580441,18.6714528227,1.56747975217,0.679026196507,33.6062959405,1.56232051127,0.597857636682,0.136025139447,3.08771816969,0.0,0.0,0.0
2503,3.14599176313,2.72427217681,18.6716448022,1.56615316923,0.679022799837,33.6062573124,1.55893027858,0.597851324609,0.136280003603,3.06627926788,0.0,0.0,0.0
2504,3.14724865157,2.72425400692,18.6719007714,1.56482663318,0.679018271005,33.6062058083,1.5555401394,0.597842908734,0.136619052021,3.04495025466,0.0,0.0,0.0
2505,3.14850554,2.72423129494,18.6722207272,1.56350015744,0.679012610063,33.6061414282,1.55215012045,0.597832389248,0.137041633501,3.02376111477,0.0,0.0,0.0
2506,3.14976242844,2.72420404116,18.6726046659,1.56217375539,0.679005817077,33.6060641721,1.54876024842,0.59781976639,0.137546945303,3.00274081002,0.0,0.0,0.0
2507,3.15101931688,2.72417224587,18.6730525828,1.56084744042,0.678997892126,33.6059740401,1.54537055003,0.597805040447,0.138134040292,2.98191709055,0.0,0.0,0.0
2508,3.15227620532,2.72413590945,18.6735644726,1.55952122593,0.678988835301,33.6058710323,1.54198105196,0.597788211752,0.138801835185,2.96131632716,0.0,0.0,0.0
2509,3.15353309376,2.72409503232,18.6741403293,1.5581951253,0.678978646707,33.6057551485,1.53859178089,0.597769280688,0.139549119717,2.94096336684,0.0,0.0,0.0
2510,3.1547899822,2.72404961496,18.6747801461,1.5568691519,0.678967326463,33.605626389,1.5352027635,0.597748247684,0.140374566576,2.9208814129,0.0,0.0,0.0
2511,3.15604687064,2.72399965788,18.6754839153,1.55554331911,0.678954874699,33.6054847538,1.53181402646,0.597725113216,0.141276741902,2.90109193051,0.0,0.0,0.0
2512,3.15730375908,2.72394516167,18.6762516287,1.5542176403,0.67894129156,33.6053302428,1.52842559641,0.59769987781,0.142254116196,2.88161457754,0.0,0.0,0.0
2513,3.15856064752,2.72388612696,18.6770832771,1.55289212882,0.678926577202,33.6051628563,1.52503749999,0.597672542038,0.143305075433,2.86246716036,0.0,0.0,0.0
2514,3.15981753596,2.72382255443,18.6779788507,1.55156679803,0.678910731797,33.6049825942,1.52164976383,0.59764310652,0.144427932254,2.84366561334,0.0,0.0,0.0
2515,3.1610744244,2.72375444482,18.6789383388,1.55024166128,0.678893755528,33.6047894567,1.51826241453,0.597611571923,0.145620937039,2.82522400048,0.0,0.0,0.0
2516,3.16233131284,2.72368179892,18.6799617301,1.5489167319,0.67887564859,33.6045834437,1.51487547869,0.597577938962,0.146882288765,2.80715453744,0.0,0.0,0.0
2517,3.16358820127,2.72360461756,18.6810490126,1.54759202322,0.678856411195,33.6043645555,1.51148898288,0.597542208399,0.148210145492,2.78946763157,0.0,0.0,0.0
2518,3.16484508971,2.72352290164,18.6822001732,1.54626754856,0.678836043564,33.6041327921,1.50810295365,0.597504381043,0.14960263441,2.77217193773,0.0,0.0,0.0
2519,3.16610197815,2.72343665211,18.6834151984,1.54494332123,0.678814545934,33.6038881536,1.50471741755,0.597464457752,0.151057861332,2.75527442744,0.0,0.0,0.0
2520,3.16735886659,2.72334586997,18.6846940738,1.54361935453,0.678791918552,33.6036306401,1.50133240108,0.59742243943,0.152573919593,2.73878046898,0.0,0.0,0.0
2521,3.16861575503,2.72325055626,18.6860367843,1.54229566175,0.678768161681,33.6033602517,1.49794793073,0.597378327029,0.1541488983,2.72269391593,0.0,0.0,0.0
2522,3.16987264347,2.72315071208,18.687443314,1.54097225617,0.678743275596,33.6030769886,1.49456403298,0.597332121546,0.155780889895,2.70701720214,0.0,0.0,0.0
2523,3.17112953191,2.7230463386,18.6889136463,1.53964915103,0.678717260585,33.6027808508,1.49118073427,0.597283824028,0.157467997031,2.6917514409,0.0,0.0,0.0
2524,3.17238642035,2.72293743702,18.6904477637,1.53832635961,0.678690116948,33.6024718385,1.48779806103,0.597233435568,0.159208338751,2.67689652645,0.0,0.0,0.0
2525,3.17364330879,2.72282400861,18.6920456482,1.53700389513,0.678661844999,33.6021499519,1.48441603963,0.597180957306,0.161000055976,2.66245123624,0.0,0.0,0.0
2526,3.17490019723,2.72270605466,18.6937072809,1.53568177082,0.678632445066,33.6018151909,1.48103469644,0.597126390428,0.162841316329,2.64841333241,0.0,0.0,0.0
2527,3.17615708567,2.72258357654,18.6954326421,1.53435999989,0.678601917489,33.6014675559,1.47765405781,0.597069736168,0.164730318319,2.63477966131,0.0,0.0,0.0
2528,3.1774139741,2.72245657568,18.6972217115,1.53303859554,0.678570262619,33.601107047,1.47427415004,0.597010995807,0.166665294917,2.62154625004,0.0,0.0,0.0
2529,3.17867086254,2.72232505354,18.699074468,1.53171757093,0.678537480824,33.6007336642,1.4708949994,0.596950170672,0.168644516555,2.60870839912,0.0,0.0,0.0
2530,3.17992775098,2.72218901164,18.7009908898,1.53039693924,0.678503572481,33.6003474078,1.46751663213,0.596887262137,0.170666293598,2.59626077088,0.0,0.0,0.0
2531,3.18118463942,2.72204845154,18.7029709541,1.52907671362,0.678468537984,33.599948278,1.46413907444,0.596822271623,0.172728978332,2.58419747282,0.0,0.0,0.0
2532,3.18244152786,2.72190337488,18.7050146378,1.52775690718,0.678432377736,33.5995362748,1.46076235251,0.596755200596,0.17483096649,2.57251213584,0.0,0.0,0.0
2533,3.1836984163,2.72175378334,18.7071219166,1.52643753305,0.678395092155,33.5991113986,1.45738649248,0.596686050569,0.176970698387,2.56119798713,0.0,0.0,0.0
2534,3.18495530474,2.72159967863,18.7092927658,1.52511860431,0.678356681672,33.5986736493,1.45401152045,0.596614823104,0.179146659682,2.55024791753,0.0,0.0,0.0
2535,3.18621219318,2.72144106253,18.7115271599,1.52380013404,0.67831714673,33.5982230274,1.45063746249,0.596541519805,0.181357381816,2.5396545436,0.0,0.0,0.0
2536,3.18746908162,2.72127793689,18.7138250725,1.52248213529,0.681000489718,33.5977595329,1.44726434462,0.600692058782,0.181066775436,2.51666406376,0.0,0.0,0.0
2537,3.18872597006,2.72111030358,18.7161864766,1.5211646211,0.680958539439,33.597283166,1.44389219282,0.600613769663,0.183375179127,2.50674468471,0.0,0.0,0.0
2538,3.1899828585,2.72093816453,18.7186113445,1.51984760449,0.6809154616,33.596793927,1.44052103305,0.600533387448,0.185713845999,2.49716829214,0.0,0.0,0.0
2539,3.19123974694,2.72076152174,18.7210996477,1.51853109845,0.680871256696,33.5962918161,1.43715089121,0.600450913953,0.188081471207,2.48792623918,0.0,0.0,0.0
2540,3.19249663537,2.72058037723,18.7236513569,1.51721511594,0.680825925238,33.5957768334,1.43378179316,0.60036635104,0.190476796949,2.47900987132,0.0,0.0,0.0
2541,3.19375352381,2.7203947331,18.7262664422,1.51589966993,0.680779467749,33.5952489793,1.43041376472,0.600279700617,0.192898611454,2.47041055975,0.0,0.0,0.0
2542,3.19501041225,2.7202045915,18.728944873,1.51458477334,0.680731884764,33.5947082538,1.42704683166,0.600190964641,0.195345747867,2.46211973047,0.0,0.0,0.0
2543,3.19626730069,2.7200099546,18.7316866177,1.51327043906,0.680683176831,33.5941546574,1.4236810197,0.60010014511,0.197817083061,2.45412888955,0.0,0.0,0.0
2544,3.19752418913,2.71981082465,18.7344916444,1.51195668,0.680633344512,33.5935881901,1.42031635453,0.600007244072,0.200311536375,2.44642964488,0.0,0.0,0.0
2545,3.19878107757,2.71960720395,18.7373599201,1.51064350899,0.680582388381,33.5930088523,1.41695286177,0.599912263621,0.202828068321,2.43901372471,0.0,0.0,0.0
2546,3.20003796601,2.71939909484,18.7402914112,1.50933093888,0.680530309025,33.5924166441,1.41359056701,0.599815205893,0.205365679255,2.43187299333,0.0,0.0,0.0
2547,3.20129485445,2.71918649973,18.7432860836,1.50801898247,0.680477107044,33.5918115659,1.41022949578,0.599716073074,0.207923408029,2.42499946405,0.0,0.0,0.0
2548,3.20255174289,2.71896942105,18.7463439021,1.50670765254,0.68042278305,33.591193618,1.40686967355,0.599614867393,0.210500330643,2.41838530995,0.0,0.0,0.0
2549,3.20380863133,2.7187478613,18.749464831,1.50539696185,0.680367337667,33.5905628004,1.40351112577,0.599511591125,0.213095558896,2.41202287243,0.0,0.0,0.0
2550,3.20506551977,2.71852182304,18.752648834,1.50408692313,0.680310771535,33.5899191137,1.40015387779,0.599406246591,0.215708239045,2.40590466798,0.0,0.0,0.0
2551,3.2063224082,2.71829130886,18.7558958738,1.50277754908,0.680253085304,33.5892625579,1.39679795495,0.599298836155,0.218337550491,2.40002339325,0.0,0.0,0.0
2552,3.20757929664,2.71805632141,18.7592059126,1.50146885238,0.680194279637,33.5885931335,1.3934433825,0.599189362229,0.220982704475,2.39437192866,0.0,0.0,0.0
2553,3.20883618508,2.7178168634,18.7625789118,1.50016084566,0.680134355211,33.5879108406,1.39009018565,0.599077827267,0.223642942814,2.38894334076,0.0,0.0,0.0
2554,3.21009307352,2.71757293758,18.7660148321,1.49885354156,0.680073312713,33.5872156797,1.38673838957,0.598964233771,0.226317536654,2.3837308835,0.0,0.0,0.0
2555,3.21134996196,2.71732454675,18.7695136337,1.49754695265,0.680011152845,33.5865076509,1.38338801933,0.598848584283,0.229005785272,2.37872799842,0.0,0.0,0.0
2556,3.2126068504,2.71707169376,18.7730752757,1.49624109149,0.679947876321,33.5857867546,1.38003909998,0.598730881395,0.231707014898,2.37392831411,0.0,0.0,0.0
2557,3.21386373884,2.71681438152,18.7766997168,1.49493597062,0.679883483868,33.5850529911,1.37669165648,0.598611127738,0.234420577585,2.36932564493,0.0,0.0,0.0
2558,3.21512062728,2.71655261297,18.7803869149,1.49363160254,0.679817976224,33.5843063607,1.37334571376,0.598489325991,0.237145850113,2.36491398905,0.0,0.0,0.0
2559,3.21637751572,2.71628639113,18.7841368273,1.4923279997,0.679751354142,33.5835468638,1.37000129666,0.598365478876,0.23988223293,2.36068752603,0.0,0.0,0.0
2560,3.21763440416,2.71601571905,18.7879494104,1.49102517455,0.679683618386,33.5827745006,1.36665842997,0.598239589157,0.242629149135,2.35664061397,0.0,0.0,0.0
2561,3.2188912926,2.71574059983,18.7918246201,1.48972313948,0.679614769731,33.5819892716,1.36331713841,0.598111659645,0.245386043499,2.35276778622,0.0,0.0,0.0
2562,3.22014818104,2.71546103662,18.7957624115,1.48842190688,0.679544808968,33.5811911769,1.35997744664,0.597981693191,0.248152381522,2.34906374793,0.0,0.0,0.0
2563,3.22140506947,2.71517703262,18.7997627392,1.48712148908,0.679473736898,33.5803802171,1.35663937926,0.597849692693,0.250927648531,2.34552337219,0.0,0.0,0.0
2564,3.22266195791,2.7148885911,18.8038255568,1.48582189838,0.679401554335,33.5795563923,1.35330296079,0.59771566109,0.253711348817,2.34214169617,0.0,0.0,0.0
2565,3.22391884635,2.71459571536,18.8079508174,1.48452314705,0.679328262106,33.5787197031,1.34996821569,0.597579601364,0.256503004801,2.33891391692,0.0,0.0,0.0
2566,3.22517573479,2.71429840873,18.8121384736,1.48322524734,0.67925386105,33.5778701497,1.34663516835,0.597441516541,0.259302156244,2.33583538729,0.0,0.0,0.0
2567,3.22643262323,2.71399667464,18.8163884769,1.48192821144,0.679178352017,33.5770077325,1.34330384309,0.597301409689,0.262108359486,2.33290161156,0.0,0.0,0.0
2568,3.22768951167,2.71369051652,18.8207007784,1.48063205152,0.679101735872,33.5761324518,1.33997426416,0.597159283919,0.264921186724,2.33010824121,0.0,0.0,0.0
2569,3.22894640011,2.71337993789,18.8250753286,1.47933677971,0.67902401349,33.5752443082,1.33664645574,0.597015142384,0.267740225315,2.32745107056,0.0,0.0,0.0
2570,3.23020328855,2.71306494228,18.829512077,1.47804240811,0.67894518576,33.5743433018,1.33332044193,0.59686898828,0.270565077118,2.32492603249,0.0,0.0,0.0
2571,3.23146017699,2.7127455333,18.8340109729,1.47674894877,0.678865253582,33.5734294332,1.32999624677,0.596720824844,0.273395357858,2.32252919415,0.0,0.0,0.0
2572,3.23271706543,2.71242171459,18.8385719644,1.47545641373,0.67878421787,33.5725027027,1.32667389422,0.596570655356,0.276230696529,2.32025675272,0.0,0.0,0.0
2573,3.23397395387,2.71209348985,18.8431949994,1.47416481495,0.678702079548,33.5715631108,1.32335340816,0.596418483137,0.279070734817,2.31810503123,0.0,0.0,0.0
2574,3.2352308423,2.71176086283,18.8478800249,1.47287416439,0.678618839553,33.5706106577,1.32003481241,0.596264311549,0.281915126551,2.31607047448,0.0,0.0,0.0
2575,3.23648773074,2.71142383732,18.8526269872,1.47158447396,0.678534498835,33.569645344,1.31671813068,0.596108143998,0.284763537182,2.31414964497,0.0,0.0,0.0
2576,3.23774461918,2.71108241717,18.8574358322,1.47029575552,0.678449058355,33.5686671701,1.31340338665,0.595949983928,0.287615643287,2.31233921894,0.0,0.0,0.0
2577,3.23900150762,2.71073660625,18.8623065048,1.46900802091,0.681075969137,33.5676761363,1.31009060388,0.599988686916,0.288951441811,2.30041157221,0.0,0.0,0.0
2578,3.24025839606,2.71038640852,18.8672389495,1.46772128192,0.680987981518,33.5666722431,1.30677980587,0.599824805311,0.291826067721,2.29889837145,0.0,0.0,0.0
2579,3.2415152845,2.71003182796,18.8722331101,1.46643555029,0.680898892708,33.5656554909,1.30347101605,0.599658920748,0.294703198688,2.29748560337,0.0,0.0,0.0
2580,3.24277217294,2.7096728686,18.8772889297,1.46515083775,0.680808703721,33.5646258802,1.30016425775,0.599491036888,0.297582557636,2.29617033821,0.0,0.0,0.0
2581,3.24402906138,2.70930953453,18.8824063508,1.46386715595,0.680717415582,33.5635834114,1.29685955423,0.599321157431,0.300463876324,2.29494974445,0.0,0.0,0.0
2582,3.24528594982,2.70894182988,18.8875853152,1.46258451653,0.680625029329,33.562528085,1.29355692865,0.599149286116,0.303346894978,2.29382108526,0.0,0.0,0.0
2583,3.24654283826,2.70856975884,18.8928257642,1.46130293108,0.680531546012,33.5614599014,1.29025640412,0.598975426724,0.30623136193,2.29278171501,0.0,0.0,0.0
2584,3.2477997267,2.70819332561,18.8981276383,1.46002241114,0.680436966694,33.560378861,1.28695800363,0.598799583078,0.309117033284,2.29182907596,0.0,0.0,0.0
2585,3.24905661513,2.70781253449,18.9034908775,1.45874296822,0.680341292447,33.5592849644,1.28366175012,0.598621759037,0.312003672596,2.29096069501,0.0,0.0,0.0
2586,3.25031350357,2.70742738979,18.908915421,1.45746461377,0.680244524359,33.558178212,1.28036766642,0.598441958502,0.314891050563,2.29017418056,0.0,0.0,0.0
2587,3.25157039201,2.70703789588,18.9144012077,1.45618735921,0.680146663527,33.5570586043,1.27707577527,0.598260185415,0.317778944736,2.28946721956,0.0,0.0,0.0
2588,3.25282728045,2.70664405717,18.9199481754,1.45491121592,0.680047711059,33.5559261417,1.27378609935,0.598076443753,0.32066713924,2.28883757456,0.0,0.0,0.0
2589,3.25408416889,2.70624587814,18.9255562618,1.45363619523,0.679947668079,33.5547808248,1.27049866123,0.597890737537,0.323555424513,2.28828308096,0.0,0.0,0.0
2590,3.25534105733,2.70584336328,18.9312254036,1.45236230843,0.679846535718,33.5536226541,1.2672134834,0.597703070824,0.326443597054,2.2878016443,0.0,0.0,0.0
2591,3.25659794577,2.70543651717,18.936955537,1.45108956675,0.679744315122,33.55245163,1.26393058827,0.597513447709,0.329331459179,2.28739123771,0.0,0.0,0.0
2592,3.25785483421,2.70502534439,18.9427465976,1.4498179814,0.679641007448,33.551267753,1.26064999813,0.597321872329,0.332218818803,2.28704989938,0.0,0.0,0.0
2593,3.25911172265,2.7046098496,18.9485985205,1.44854756352,0.679536613863,33.5500710238,1.25737173521,0.597128348855,0.335105489211,2.28677573018,0.0,0.0,0.0
2594,3.26036861109,2.70419003751,18.95451124,1.44727832423,0.679431135548,33.5488614426,1.25409582164,0.5969328815,0.337991288861,2.2865668914,0.0,0.0,0.0
2595,3.26162549953,2.70376591284,18.9604846899,1.44601027458,0.679324573694,33.5476390102,1.25082227946,0.596735474511,0.340876041183,2.28642160248,0.0,0.0,0.0
2596,3.26288238797,2.70333748039,18.9665188033,1.44474342559,0.679216929505,33.546403727,1.24755113061,0.596536132176,0.343759574389,2.2863381389,0.0,0.0,0.0
2597,3.2641392764,2.70290474499,18.972613513,1.44347778822,0.679108204196,33.5451555936,1.24428239694,0.596334858818,0.346641721299,2.28631483018,0.0,0.0,0.0
2598,3.26539616484,2.70246771153,18.9787687508,1.4422133734,0.678998398992,33.5438946104,1.2410161002,0.596131658798,0.349522319165,2.28635005784,0.0,0.0,0.0
2599,3.26665305328,2.70202638493,18.9849844482,1.440950192,0.678887515132,33.5426207781,1.23775226207,0.595926536514,0.352401209513,2.28644225357,0.0,0.0,0.0
2600,3.26790994172,2.70158077017,18.991260536,1.43968825484,0.678775553865,33.5413340972,1.23449090411,0.5957194964,0.355278237982,2.28658989739,0.0,0.0,0.0
2601,3.26916683016,2.70113087226,18.9975969445,1.43842757271,0.678662516451,33.5400345682,1.23123204779,0.595510542928,0.358153254183,2.2867915159,0.0,0.0,0.0
2602,3.2704237186,2.70067669626,19.0039936032,1.43716815634,0.678548404163,33.5387221917,1.22797571449,0.595299680604,0.361026111551,2.28704568062,0.0,0.0,0.0
2603,3.27168060704,2.70021824728,19.0104504414,1.4359100164,0.681136139446,33.5373969683,1.22472192548,0.599258652302,0.362742200418,2.27906878991,0.0,0.0,0.0
2604,3.27293749548,2.69975553048,19.0169673874,1.43465316354,0.681019418092,33.5360588985,1.22147070195,0.599041685682,0.365620569452,2.27949167932,0.0,0.0,0.0
2605,3.27419438392,2.69928855106,19.0235443693,1.43339760832,0.68090162148,33.5347079829,1.21822206499,0.598822804224,0.368496206713,2.27996231026,0.0,0.0,0.0
2606,3.27545127236,2.69881731425,19.0301813143,1.4321433613,0.680782750934,33.5333442221,1.21497603557,0.598602012641,0.371368983087,2.2804794266,0.0,0.0,0.0
2607,3.2767081608,2.69834182535,19.0368781494,1.43089043295,0.680662807788,33.5319676167,1.21173263458,0.598379315685,0.374238772578,2.28104180985,0.0,0.0,0.0
2608,3.27796504923,2.69786208969,19.0436348007,1.4296388337,0.680541793387,33.5305781673,1.2084918828,0.59815471814,0.377105452212,2.28164827781,0.0,0.0,0.0
2609,3.27922193767,2.69737811264,19.0504511939,1.42838857395,0.680419709086,33.5291758744,1.20525380093,0.597928224827,0.379968901925,2.28229768329,0.0,0.0,0.0
2610,3.28047882611,2.69688989963,19.0573272542,1.42713966403,0.680296556254,33.5277607387,1.20201840954,0.5976998406,0.382829004478,2.28298891284,0.0,0.0,0.0
2611,3.28173571455,2.69639745611,19.0642629061,1.42589211421,0.680172336268,33.5263327608,1.19878572912,0.59746957035,0.385685645359,2.28372088561,0.0,0.0,0.0
2612,3.28299260299,2.69590078761,19.0712580737,1.42464593474,0.680047050519,33.5248919413,1.19555578005,0.597237419,0.388538712697,2.28449255215,0.0,0.0,0.0
2613,3.28424949143,2.69539989966,19.0783126805,1.4234011358,0.679920700407,33.5234382808,1.1923285826,0.597003391508,0.39138809718,2.28530289335,0.0,0.0,0.0
2614,3.28550637987,2.69489479788,19.0854266494,1.4221577275,0.679793287344,33.5219717799,1.18910415695,0.596767492865,0.394233691973,2.28615091937,0.0,0.0,0.0
2615,3.28676326831,2.69438548789,19.0925999028,1.42091571994,0.679664812752,33.5204924393,1.18588252317,0.596529728096,0.397075392641,2.28703566863,0.0,0.0,0.0
2616,3.28802015675,2.69387197538,19.0998323626,1.41967512314,0.679535278064,33.5190002597,1.18266370122,0.596290102259,0.39991309708,2.28795620682,0.0,0.0,0.0
2617,3.28927704519,2.69335426607,19.1071239502,1.41843594706,0.679404684726,33.5174952415,1.17944771098,0.596048620444,0.402746705442,2.288911626,0.0,0.0,0.0
2618,3.29053393363,2.69283236574,19.1144745864,1.41719820164,0.679273034193,33.5159773856,1.17623457218,0.595805287777,0.40557612007,2.28990104366,0.0,0.0,0.0
2619,3.29179082207,2.6923062802,19.1218841914,1.41596189674,0.679140327929,33.5144466926,1.17302430449,0.595560109411,0.408401245434,2.29092360188,0.0,0.0,0.0
2620,3.2930477105,2.69177601529,19.1293526851,1.41472704217,0.679006567413,33.5129031631,1.16981692745,0.595313090537,0.411221988069,2.29197846649,0.0,0.0,0.0
2621,3.29430459894,2.69124157693,19.1368799867,1.4134936477,0.678871754132,33.5113467977,1.1666124605,0.595064236373,0.414038256516,2.29306482628,0.0,0.0,0.0
2622,3.29556148738,2.69070297104,19.144466015,1.41226172303,0.678735889584,33.5097775972,1.16341092297,0.594813552172,0.416849961264,2.29418189222,0.0,0.0,0.0
2623,3.29681837582,2.69016020361,19.1521106882,1.41103127782,0.678598975277,33.5081955623,1.16021233408,0.594561043216,0.419657014699,2.29532889673,0.0,0.0,0.0
2624,3.29807526426,2.68961328067,19.159813924,1.40980232167,0.681153318312,33.5066006935,1.15701671295,0.598450751855,0.421512614619,2.28946284951,0.0,0.0,0.0
2625,3.2993321527,2.68906220827,19.1675756397,1.40857486412,0.681013757434,33.5049929916,1.15382407859,0.598191880004,0.42431754582,2.29072154603,0.0,0.0,0.0
2626,3.30058904114,2.68850699252,19.1753957519,1.40734891467,0.680873147241,33.5033724574,1.1506344499,0.597931180985,0.427117476685,2.29200739085,0.0,0.0,0.0
2627,3.30184592958,2.68794763959,19.183274177,1.40612448276,0.68073148929,33.5017390914,1.14744784566,0.597668660279,0.429912328669,2.29331970432,0.0,0.0,0.0
2628,3.30310281802,2.68738415564,19.1912108307,1.40490157777,0.680588785147,33.5000928944,1.14426428456,0.597404323397,0.432702024836,2.29465782481,0.0,0.0,0.0
2629,3.30435970646,2.68681654692,19.1992056283,1.40368020902,0.680445036393,33.4984338671,1.14108378517,0.59713817588,0.435486489813,2.29602110814,0.0,0.0,0.0
2630,3.3056165949,2.6862448197,19.2072584844,1.40246038579,0.680300244614,33.4967620102,1.13790636594,0.596870223299,0.438265649754,2.29740892704,0.0,0.0,0.0
2631,3.30687348333,2.68566898029,19.2153693135,1.4012421173,0.68015441141,33.4950773245,1.13473204524,0.596600471255,0.441039432298,2.29882067056,0.0,0.0,0.0
2632,3.30813037177,2.68508903505,19.2235380292,1.40002541271,0.68000753839,33.4933798106,1.13156084129,0.596328925377,0.443807766538,2.3002557436,0.0,0.0,0.0
2633,3.30938726021,2.68450499036,19.2317645451,1.39881028113,0.679859627174,33.4916694693,1.12839277223,0.596055591325,0.446570582984,2.30171356635,0.0,0.0,0.0
2634,3.31064414865,2.68391685267,19.2400487738,1.3975967316,0.679710679391,33.4899463014,1.12522785606,0.595780474785,0.449327813527,2.30319357383,0.0,0.0,0.0
2635,3.31190103709,2.68332462845,19.2483906279,1.39638477312,0.679560696681,33.4882103075,1.12206611071,0.595503581475,0.452079391411,2.30469521543,0.0,0.0,0.0
2636,3.31315792553,2.68272832422,19.2567900193,1.39517441463,0.679409680693,33.4864614884,1.11890755395,0.595224917138,0.454825251199,2.30621795445,0.0,0.0,0.0
2637,3.31441481397,2.68212794653,19.2652468594,1.39396566502,0.679257633089,33.4846998449,1.11575220346,0.594944487547,0.457565328744,2.30776126766,0.0,0.0,0.0
2638,3.31567170241,2.68152350197,19.2737610594,1.3927585331,0.679104555539,33.4829253778,1.11260007682,0.5946622985,0.460299561162,2.30932464488,0.0,0.0,0.0
2639,3.31692859085,2.68091499718,19.2823325296,1.39155302765,0.678950449721,33.4811380877,1.10945119147,0.594378355826,0.463027886802,2.3109075886,0.0,0.0,0.0
2640,3.31818547929,2.68030243884,19.2909611804,1.39034915738,0.678795317328,33.4793379755,1.10630556475,0.594092665377,0.465750245218,2.31250961356,0.0,0.0,0.0
2641,3.31944236773,2.67968583365,19.2996469214,1.38914693094,0.681321528253,33.477525042,1.10316321389,0.597924765413,0.467652391316,2.30790775038,0.0,0.0,0.0
2642,3.32069925616,2.67906518836,19.3083896618,1.38794635694,0.681163726549,33.4756992879,1.10002415601,0.59763253197,0.470368506529,2.30959178903,0.0,0.0,0.0
2643,3.3219561446,2.67844050978,19.3171893104,1.38674744392,0.681004899362,33.4738607139,1.09688840809,0.597338551181,0.473078412495,2.31129303978,0.0,0.0,0.0
2644,3.32321303304,2.67781180472,19.3260457756,1.38555020035,0.680845048427,33.472009321,1.09375598703,0.597042829086,0.475782054645,2.31301107015,0.0,0.0,0.0
2645,3.32446992148,2.67717908006,19.3349589653,1.38435463468,0.68068417549,33.4701451099,1.09062690959,0.596745371753,0.478479379471,2.31474545806,0.0,0.0,0.0
2646,3.32572680992,2.67654234271,19.3439287872,1.38316075525,0.680522282308,33.4682680814,1.08750119241,0.596446185274,0.481170334498,2.31649579153,0.0,0.0,0.0
2647,3.32698369836,2.67590159959,19.3529551481,1.3819685704,0.680359370645,33.4663782363,1.08437885205,0.596145275767,0.48385486827,2.31826166834,0.0,0.0,0.0
2648,3.3282405868,2.6752568577,19.3620379549,1.38077808837,0.680195442277,33.4644755754,1.08125990492,0.595842649375,0.486532930329,2.32004269578,0.0,0.0,0.0
2649,3.32949747524,2.67460812406,19.3711771138,1.37958931736,0.680030498989,33.4625600996,1.07814436733,0.595538312265,0.489204471195,2.32183849036,0.0,0.0,0.0
2650,3.33075436368,2.67395540573,19.3803725306,1.37840226551,0.679864542576,33.4606318097,1.07503225547,0.595232270629,0.49186944235,2.32364867752,0.0,0.0,0.0
2651,3.33201125212,2.67329870979,19.3896241109,1.37721694089,0.67969757484,33.4586907064,1.07192358541,0.594924530683,0.494527796221,2.32547289139,0.0,0.0,0.0
2652,3.33326814056,2.67263804338,19.3989317595,1.37603335153,0.679529597595,33.4567367907,1.06881837312,0.594615098668,0.49717948616,2.32731077454,0.0,0.0,0.0
2653,3.334525029,2.67197341367,19.4082953812,1.3748515054,0.679360612664,33.4547700634,1.06571663443,0.594303980845,0.499824466433,2.32916197772,0.0,0.0,0.0
2654,3.33578191743,2.67130482787,19.4177148803,1.3736714104,0.679190621879,33.4527905253,1.06261838507,0.593991183503,0.5024626922,2.33102615965,0.0,0.0,0.0
2655,3.33703880587,2.67063229321,19.4271901605,1.37249307437,0.679019627082,33.4507981773,1.05952364065,0.593676712951,0.505094119504,2.33290298677,0.0,0.0,0.0
2656,3.33829569431,2.66995581698,19.4367211253,1.37131650511,0.678847630122,33.4487930202,1.05643241666,0.59336057552,0.507718705252,2.33479213304,0.0,0.0,0.0
2657,3.33955258275,2.66927540649,19.4463076778,1.37014171035,0.681346580207,33.4467750549,1.05334472848,0.597135261024,0.50962443592,2.33112514805,0.0,0.0,0.0
2658,3.34080947119,2.66859106909,19.4559497208,1.36896869776,0.681171899489,33.4447442823,1.05026059136,0.596812441529,0.512239999115,2.33307661667,0.0,0.0,0.0
2659,3.34206635963,2.66790281217,19.4656471564,1.36779747495,0.680996218292,33.4427007033,1.04718002044,0.596487958185,0.514848547564,2.33503908265,0.0,0.0,0.0
2660,3.34332324807,2.66721064314,19.4753998868,1.36662804947,0.680819538512,33.4406443187,1.04410303076,0.596161817498,0.51745004238,2.33701225366,0.0,0.0,0.0
2661,3.34458013651,2.66651456948,19.4852078133,1.36546042883,0.680641862051,33.4385751294,1.0410296372,0.595834025996,0.520044445455,2.33899584381,0.0,0.0,0.0
2662,3.34583702495,2.66581459866,19.4950708374,1.36429462046,0.680463190822,33.4364931363,1.03795985457,0.59550459023,0.522631719448,2.34098957346,0.0,0.0,0.0
2663,3.34709391339,2.66511073823,19.5049888597,1.36313063174,0.680283526747,33.4343983403,1.03489369752,0.595173516769,0.525211827778,2.34299316901,0.0,0.0,0.0
2664,3.34835080183,2.66440299574,19.5149617808,1.36196846999,0.680102871757,33.4322907424,1.03183118062,0.594840812203,0.527784734606,2.34500636279,0.0,0.0,0.0
2665,3.34960769026,2.66369137879,19.5249895009,1.36080814247,0.67992122779,33.4301703433,1.0287723183,0.594506483145,0.530350404831,2.34702889287,0.0,0.0,0.0
2666,3.3508645787,2.66297589501,19.5350719197,1.35964965637,0.679738596795,33.4280371441,1.02571712487,0.594170536225,0.532908804076,2.34906050291,0.0,0.0,0.0
2667,3.35212146714,2.66225655207,19.5452089366,1.35849301885,0.679554980729,33.4258911457,1.02266561454,0.593832978093,0.535459898679,2.35110094201,0.0,0.0,0.0
2668,3.35337835558,2.66153335767,19.5554004507,1.35733823699,0.679370381558,33.4237323489,1.01961780138,0.593493815418,0.538003655685,2.35314996458,0.0,0.0,0.0
2669,3.35463524402,2.66080631954,19.5656463609,1.35618531781,0.679184801256,33.4215607547,1.01657369935,0.59315305489,0.540540042831,2.35520733016,0.0,0.0,0.0
2670,3.35589213246,2.66007544546,19.5759465654,1.35503426828,0.678998241806,33.4193763641,1.01353332232,0.592810703216,0.543069028543,2.35727280335,0.0,0.0,0.0
2671,3.3571490209,2.65934074322,19.5863009625,1.35388509531,0.678810705199,33.4171791779,1.01049668399,0.59246676712,0.545590581925,2.3593461536,0.0,0.0,0.0
2672,3.35840590934,2.65860222067,19.5967094497,1.35273780574,0.681283456913,33.4149691972,1.00746379797,0.596185254738,0.547473612219,2.35638868125,0.0,0.0,0.0
2673,3.35966279778,2.65785988566,19.6071719247,1.35159240636,0.681093228923,33.4127464229,1.00443467777,0.595834532223,0.549984225105,2.35851070889,0.0,0.0,0.0
2674,3.36091968622,2.6571137461,19.6176882844,1.3504489039,0.680902025994,33.4105108559,1.00140933675,0.595482230665,0.55248728037,2.36063963502,0.0,0.0,0.0
2675,3.36217657466,2.65636380993,19.6282584257,1.34930730503,0.680709850158,33.4082624973,0.998387788156,0.595128356952,0.554982750357,2.36277525192,0.0,0.0,0.0
2676,3.3634334631,2.65561008511,19.638882245,1.34816761637,0.680516703457,33.4060013479,0.995370045137,0.594772917988,0.557470608033,2.36491735608,0.0,0.0,0.0
2677,3.36469035153,2.65485257964,19.6495596385,1.34702984446,0.680322587941,33.4037274087,0.992356120708,0.594415920695,0.559950826979,2.36706574809,0.0,0.0,0.0
2678,3.36594723997,2.65409130155,19.6602905021,1.3458939958,0.680127505668,33.4014406808,0.989346027766,0.594057372009,0.562423381385,2.36922023255,0.0,0.0,0.0
2679,3.36720412841,2.65332625891,19.6710747313,1.34476007683,0.679931458705,33.3991411651,0.986339779096,0.593697278884,0.564888246039,2.37138061796,0.0,0.0,0.0
2680,3.36846101685,2.65255745981,19.6819122214,1.34362809391,0.679734449124,33.3968288627,0.983337387359,0.59333564829,0.567345396325,2.37354671661,0.0,0.0,0.0
2681,3.36971790529,2.65178491237,19.6928028674,1.34249805338,0.67953647901,33.3945037744,0.980338865103,0.592972487211,0.569794808214,2.37571834451,0.0,0.0,0.0
2682,3.37097479373,2.65100862475,19.7037465638,1.34136996147,0.679337550452,33.3921659014,0.977344224756,0.592607802646,0.572236458256,2.37789532129,0.0,0.0,0.0
2683,3.37223168217,2.65022860515,19.7147432051,1.3402438244,0.679137665549,33.3898152445,0.974353478627,0.592241601611,0.574670323577,2.38007747009,0.0,0.0,0.0
2684,3.37348857061,2.64944486178,19.7257926854,1.33911964831,0.678936826407,33.3874518049,0.97136663891,0.591873891136,0.577096381868,2.38226461752,0.0,0.0,0.0
2685,3.37474545905,2.64865740289,19.7368948985,1.33799743927,0.681386343845,33.3850755836,0.968383717679,0.595543627235,0.578945470983,2.37982232459,0.0,0.0,0.0
2686,3.37600234749,2.64786623677,19.7480497379,1.3368772033,0.681182810618,33.3826865815,0.965404726891,0.595169054283,0.581359324806,2.38204894302,0.0,0.0,0.0
2687,3.37725923593,2.64707137171,19.759257097,1.33575894638,0.680978325815,33.3802847998,0.962429678387,0.594792979236,0.583765279474,2.38427979395,0.0,0.0,0.0
2688,3.37851612436,2.64627281608,19.7705168686,1.3346426744,0.680772891583,33.3778702393,0.959458583888,0.594415409272,0.586163315345,2.38651472056,0.0,0.0,0.0
2689,3.3797730128,2.64547057823,19.7818289455,1.33352839321,0.680566510075,33.3754429013,0.956491455,0.594036351583,0.588553413306,2.388753569,0.0,0.0,0.0
2690,3.38102990124,2.64466466658,19.7931932203,1.33241610861,0.680359183452,33.3730027867,0.953528303211,0.593655813373,0.590935554766,2.39099618836,0.0,0.0,0.0
2691,3.38228678968,2.64385508954,19.804609585,1.33130582631,0.680150913883,33.3705498966,0.950569139891,0.59327380186,0.593309721652,2.39324243054,0.0,0.0,0.0
2692,3.38354367812,2.64304185558,19.8160779317,1.33019755199,0.679941703545,33.368084232,0.947613976295,0.592890324272,0.595675896403,2.39549215027,0.0,0.0,0.0
2693,3.38480056656,2.64222497318,19.827598152,1.32909129127,0.679731554621,33.365605794,0.944662823559,0.592505387852,0.598034061965,2.39774520494,0.0,0.0,0.0
2694,3.386057455,2.64140445087,19.8391701374,1.32798704969,0.679520469302,33.3631145838,0.941715692705,0.592118999852,0.600384201786,2.40000145463,0.0,0.0,0.0
2695,3.38731434344,2.6405802972,19.8507937791,1.32688483276,0.679308449787,33.3606106022,0.938772594636,0.591731167536,0.60272629981,2.40226076198,0.0,0.0,0.0
2696,3.38857123188,2.63975252072,19.8624689681,1.32578464591,0.679095498283,33.3580938505,0.93583354014,0.591341898181,0.605060340475,2.40452299219,0.0,0.0,0.0
2697,3.38982812032,2.63892113006,19.874195595,1.32468649451,0.681523179687,33.3555643297,0.932898539888,0.59496596265,0.606868275927,2.40248933279,0.0,0.0,0.0
2698,3.39108500876,2.63808613384,19.8859735505,1.32359038391,0.681307535017,33.3530220409,0.929967604435,0.594569774502,0.609189218404,2.40478414957,0.0,0.0,0.0
2699,3.39234189719,2.63724754072,19.8978027247,1.32249631934,0.681090961418,33.3504669852,0.927040744222,0.594172158405,0.611502036948,2.4070812709,0.0,0.0,0.0
2700,3.39359878563,2.63640535938,19.9096830077,1.32140430603,0.680873461133,33.3478991637,0.924117969572,0.593773121773,0.613806718264,2.40938057452,0.0,0.0,0.0
2701,3.39485567407,2.63555959854,19.9216142892,1.32031434912,0.680655036411,33.3453185776,0.921199290693,0.593372672027,0.61610324952,2.41168194038,0.0,0.0,0.0
2702,3.39611256251,2.63471026694,19.933596459,1.31922645371,0.680435689512,33.3427252278,0.918284717678,0.592970816598,0.618391618341,2.41398525056,0.0,0.0,0.0
2703,3.39736945095,2.63385737335,19.9456294063,1.31814062481,0.680215422699,33.3401191157,0.915374260505,0.592567562927,0.620671812802,2.41629038929,0.0,0.0,0.0
2704,3.39862633939,2.63300092657,19.9577130204,1.31705686742,0.679994238244,33.3375002421,0.912467929038,0.592162918463,0.622943821431,2.41859724285,0.0,0.0,0.0
2705,3.39988322783,2.6321409354,19.9698471901,1.31597518645,0.679772138424,33.3348686084,0.909565733024,0.591756890662,0.625207633198,2.42090569953,0.0,0.0,0.0
2706,3.40114011627,2.63127740871,19.9820318043,1.31489558676,0.679549125525,33.3322242156,0.906667682097,0.591349486989,0.627463237515,2.4232156496,0.0,0.0,0.0
2707,3.40239700471,2.63041035537,19.9942667514,1.31381807315,0.679325201838,33.3295670649,0.903773785776,0.590940714918,0.62971062423,2.42552698529,0.0,0.0,0.0
2708,3.40365389315,2.62953978427,20.0065519198,1.31274265037,0.679100369662,33.3268971574,0.900884053467,0.590530581929,0.631949783624,2.42783960068,0.0,0.0,0.0
2709,3.40491078159,2.62866570434,20.0188871978,1.31166932311,0.681505928297,33.3242144943,0.897998494462,0.594107002186,0.633708076599,2.42615987767,0.0,0.0,0.0
2710,3.40616767003,2.62778812453,20.0312724731,1.31059809601,0.681278407606,33.3215190768,0.895117117938,0.593689912201,0.63593347382,2.42849941436,0.0,0.0,0.0
2711,3.40742455846,2.62690705382,20.0437076337,1.30952897364,0.681049981867,33.3188109059,0.89223993296,0.593271472049,0.638150598824,2.4308397265,0.0,0.0,0.0
2712,3.4086814469,2.62602250121,20.056192567,1.30846196052,0.680820653413,33.3160899829,0.889366948479,0.592851689336,0.640359443846,2.43318071782,0.0,0.0,0.0
2713,3.40993833534,2.62513447573,20.0687271605,1.30739706112,0.680590424584,33.3133563089,0.886498173335,0.592430571673,0.64256000153,2.43552229374,0.0,0.0,0.0
2714,3.41119522378,2.62424298642,20.0813113015,1.30633427984,0.680359297726,33.3106098852,0.883633616252,0.592008126674,0.644752264922,2.43786436128,0.0,0.0,0.0
2715,3.41245211222,2.62334804237,20.0939448769,1.30527362104,0.680127275194,33.3078507128,0.880773285845,0.591584361963,0.646936227472,2.44020682907,0.0,0.0,0.0
2716,3.41370900066,2.62244965266,20.1066277736,1.304215089,0.679894359344,33.3050787931,0.877917190615,0.591159285166,0.649111883024,2.44254960728,0.0,0.0,0.0
2717,3.4149658891,2.62154782643,20.1193598784,1.30315868798,0.679660552544,33.3022941271,0.875065338953,0.590732903914,0.651279225817,2.44489260762,0.0,0.0,0.0
2718,3.41622277754,2.62064257282,20.1321410778,1.30210442214,0.679425857164,33.2994967162,0.872217739135,0.590305225843,0.653438250479,2.44723574331,0.0,0.0,0.0
2719,3.41747966598,2.61973390101,20.1449712582,1.30105229563,0.679190275582,33.2966865614,0.86937439933,0.589876258594,0.655588952025,2.44957892902,0.0,0.0,0.0
2720,3.41873655442,2.61882182018,20.1578503057,1.30000231252,0.681575253438,33.2938636641,0.866535327593,0.593408922626,0.657296826781,2.44818450443,0.0,0.0,0.0
2721,3.41999344286,2.61790633955,20.1707781065,1.29895447681,0.681336990212,33.2910280254,0.86370053187,0.592972973345,0.659433319414,2.45055024285,0.0,0.0,0.0
2722,3.42125033129,2.61698746837,20.1837545465,1.29790879248,0.681097844559,33.2881796465,0.860870019995,0.592535747093,0.661561461286,2.45291561,0.0,0.0,0.0
2723,3.42250721973,2.61606521589,20.1967795115,1.29686526343,0.68085781889,33.2853185287,0.858043799694,0.592097251621,0.66368124913,2.45528052823,0.0,0.0,0.0
2724,3.42376410817,2.61513959141,20.209852887,1.29582389351,0.680616915621,33.2824446733,0.855221878582,0.591657494684,0.665792680039,2.45764492116,0.0,0.0,0.0
2725,3.42502099661,2.61421060423,20.2229745586,1.29478468652,0.680375137175,33.2795580814,0.852404264164,0.591216484041,0.667895751472,2.46000871368,0.0,0.0,0.0
2726,3.42627788505,2.61327826368,20.2361444116,1.29374764621,0.68013248598,33.2766587544,0.849590963837,0.590774227451,0.669990461246,2.46237183195,0.0,0.0,0.0
2727,3.42753477349,2.6123425791,20.2493623312,1.29271277626,0.67988896447,33.2737466934,0.846781984889,0.590330732675,0.672076807531,2.46473420332,0.0,0.0,0.0
2728,3.42879166193,2.61140355989,20.2626282024,1.29168008031,0.679644575084,33.2708218997,0.843977334498,0.589886007476,0.674154788854,2.46709575634,0.0,0.0,0.0
2729,3.43004855037,2.61046121542,20.2759419103,1.29064956194,0.679399320268,33.2678843746,0.841177019737,0.589440059618,0.676224404085,2.46945642076,0.0,0.0,0.0
2730,3.43130543881,2.60951555512,20.2893033396,1.28962122467,0.679153202472,33.2649341193,0.838381047568,0.588992896866,0.678285652447,2.47181612745,0.0,0.0,0.0
2731,3.43256232725,2.60856658842,20.302712375,1.28859507198,0.681517401912,33.2619711352,0.835589424847,0.59248032637,0.679938531817,2.47067358,0.0,0.0,0.0
2732,3.43381921569,2.60761432478,20.3161689012,1.28757110728,0.681268612312,33.2589954235,0.832802158322,0.592026171193,0.681985267513,2.47305212882,0.0,0.0,0.0
2733,3.43507610413,2.60665877368,20.3296728025,1.28654933395,0.681018963827,33.2560069854,0.830019254636,0.591570814699,0.684023623736,2.47542936558,0.0,0.0,0.0
2734,3.43633299256,2.60569994462,20.3432239633,1.2855297553,0.680768458937,33.2530058224,0.827240720323,0.591114264754,0.686053601218,2.47780522735,0.0,0.0,0.0
2735,3.437589881,2.60473784712,20.3568222679,1.28451237458,0.680517100129,33.2499919356,0.824466561813,0.59065652922,0.688075201015,2.48017965217,0.0,0.0,0.0
2736,3.43884676944,2.6037724907,20.3704676003,1.283497195,0.680264889895,33.2469653264,0.821696785429,0.590197615963,0.69008842451,2.48255257912,0.0,0.0,0.0
2737,3.44010365788,2.60280388495,20.3841598446,1.28248421972,0.680011830733,33.2439259961,0.818931397389,0.589737532844,0.692093273406,2.48492394823,0.0,0.0,0.0
2738,3.44136054632,2.60183203942,20.3978988848,1.28147345184,0.679757925145,33.240873946,0.816170403806,0.589276287724,0.694089749725,2.48729370053,0.0,0.0,0.0
2739,3.44261743476,2.60085696372,20.4116846045,1.2804648944,0.679503175638,33.2378091774,0.813413810688,0.588813888462,0.696077855804,2.48966177798,0.0,0.0,0.0
2740,3.4438743232,2.59987866747,20.4255168877,1.27945855041,0.679247584725,33.2347316916,0.810661623939,0.588350342918,0.698057594293,2.49202812347,0.0,0.0,0.0
2741,3.44513121164,2.59889716029,20.4393956178,1.27845442281,0.681592653575,33.23164149,0.807913849359,0.591797040996,0.699658275406,2.49109081675,0.0,0.0,0.0
2742,3.44638810008,2.59791245185,20.4533206785,1.27745251449,0.681334401711,33.2285385739,0.805170492645,0.591326499957,0.701623324836,2.49347308064,0.0,0.0,0.0
2743,3.44764498852,2.59692455181,20.4672919533,1.2764528283,0.681075312813,33.2254229446,0.802431559391,0.590854827399,0.703580006187,2.49585330867,0.0,0.0,0.0
2744,3.44890187696,2.59593346987,20.4813093253,1.27545536703,0.680815389421,33.2222946036,0.799697055085,0.590382031269,0.705528323455,2.49823144882,0.0,0.0,0.0
2745,3.45015876539,2.59493921574,20.4953726781,1.27446013341,0.680554634082,33.219153552,0.796966985118,0.58990811951,0.707468280931,2.50060744992,0.0,0.0,0.0
2746,3.45141565383,2.59394179913,20.5094818948,1.27346713014,0.680293049347,33.2159997914,0.794241354774,0.589433100059,0.709399883196,2.50298126157,0.0,0.0,0.0
2747,3.45267254227,2.5929412298,20.5236368585,1.27247635985,0.680030637771,33.2128333231,0.791520169239,0.588956980852,0.711323135125,2.50535283423,0.0,0.0,0.0
2748,3.45392943071,2.59193751751,20.5378374524,1.27148782513,0.679767401913,33.2096541483,0.788803433595,0.588479769818,0.713238041878,2.50772211911,0.0,0.0,0.0
2749,3.45518631915,2.59093067202,20.5520835593,1.27050152852,0.679503344339,33.2064622686,0.786091152825,0.588001474885,0.715144608899,2.51008906819,0.0,0.0,0.0
2750,3.45644320759,2.58992070315,20.5663750624,1.2695174725,0.679238467617,33.2032576852,0.783383331812,0.587522103973,0.717042841915,2.51245363423,0.0,0.0,0.0
2751,3.45770009603,2.58890762069,20.5807118443,1.26853565951,0.681564273434,33.2000403996,0.780679975337,0.590926965529,0.718588946203,2.51170036557,0.0,0.0,0.0
2752,3.45895698447,2.58789143449,20.595093788,1.26755609193,0.681296748937,33.1968104132,0.777981088083,0.59044060762,0.72047240541,2.5140783043,0.0,0.0,0.0
2753,3.46021387291,2.58687215437,20.6095207763,1.26657877211,0.681028409928,33.1935677273,0.775286674633,0.58995318961,0.72234754083,2.51645359828,0.0,0.0,0.0
2754,3.46147076135,2.58584979021,20.6239926917,1.26560370234,0.680759259003,33.1903123434,0.772596739471,0.589464719499,0.724214359384,2.51882620451,0.0,0.0,0.0
2755,3.46272764979,2.58482435188,20.638509417,1.26463088484,0.680489298762,33.1870442628,0.769911286985,0.588975205278,0.726072868261,2.52119608065,0.0,0.0,0.0
2756,3.46398453823,2.58379584928,20.6530708348,1.26366032182,0.680218531809,33.183763487,0.767230321461,0.588484654931,0.727923074913,2.52356318506,0.0,0.0,0.0
2757,3.46524142666,2.5827642923,20.6676768276,1.26269201541,0.679946960753,33.1804700174,0.764553847092,0.587993076437,0.729764987051,2.52592747673,0.0,0.0,0.0
2758,3.4664983151,2.58172969087,20.682327278,1.26172596771,0.679674588205,33.1771638554,0.76188186797,0.587500477768,0.731598612647,2.52828891532,0.0,0.0,0.0
2759,3.46775520354,2.58069205493,20.6970220683,1.26076218075,0.679401416782,33.1738450025,0.759214388092,0.587006866888,0.733423959927,2.53064746112,0.0,0.0,0.0
2760,3.46901209198,2.57965139444,20.7117610811,1.25980065654,0.679127449105,33.17051346,0.75655141136,0.586512251754,0.73524103737,2.53300307505,0.0,0.0,0.0
2761,3.47026898042,2.57860771935,20.7265441988,1.25884139703,0.681433876697,33.1671692294,0.753892941578,0.589874264536,0.736730803009,2.53241507431,0.0,0.0,0.0
2762,3.47152586886,2.57756103966,20.7413713036,1.25788440411,0.681157276658,33.1638123122,0.751238982455,0.589372682104,0.738533102413,2.53478183537,0.0,0.0,0.0
2763,3.4727827573,2.57651136535,20.756242278,1.25692967964,0.680879885249,33.1604427098,0.748589537608,0.588870112331,0.740327151642,2.53714543841,0.0,0.0,0.0
2764,3.47403964574,2.57545870644,20.7711570042,1.25597722542,0.680601705116,33.1570604237,0.745944610555,0.588366563238,0.742112960235,2.53950584791,0.0,0.0,0.0
2765,3.47529653418,2.57440307294,20.7861153646,1.25502704322,0.680322738907,33.1536654553,0.743304204723,0.587862042837,0.743890537969,2.54186302891,0.0,0.0,0.0
2766,3.47655342262,2.5733444749,20.8011172414,1.25407913475,0.680042989276,33.1502578062,0.740668323445,0.587356559132,0.745659894857,2.54421694703,0.0,0.0,0.0
2767,3.47781031106,2.57228292237,20.8161625168,1.25313350167,0.679762458877,33.1468374776,0.73803696996,0.586850120118,0.747421041145,2.54656756839,0.0,0.0,0.0
2768,3.47906719949,2.57121842541,20.8312510731,1.2521901456,0.679481150369,33.1434044713,0.735410147414,0.586342733779,0.749173987309,2.54891485969,0.0,0.0,0.0
2769,3.48032408793,2.57015099409,20.8463827925,1.25124906812,0.679199066417,33.1399587885,0.732787858863,0.58583440809,0.750918744055,2.55125878815,0.0,0.0,0.0
2770,3.48158097637,2.5690806385,20.8615575571,1.25031027075,0.68148786197,33.1365004309,0.730170107268,0.589158668047,0.752357498194,2.55080661908,0.0,0.0,0.0
2771,3.48283786481,2.56800736875,20.8767752492,1.24937375498,0.681203160784,33.1330294,0.727556895501,0.588643395721,0.754087526998,2.55315990822,0.0,0.0,0.0
2772,3.48409475325,2.56693119494,20.8920357509,1.24843952224,0.680917689254,33.1295456971,0.724948226343,0.588127201845,0.755809393635,2.55550963603,0.0,0.0,0.0
2773,3.48535164169,2.56585212721,20.9073389444,1.24750757392,0.680631450066,33.1260493239,0.722344102483,0.587610094447,0.757523109755,2.55785577278,0.0,0.0,0.0
2774,3.48660853013,2.56477017569,20.9226847119,1.24657791138,0.680344445908,33.1225402818,0.719744526521,0.587092081545,0.759228687225,2.56019828923,0.0,0.0,0.0
2775,3.48786541857,2.56368535053,20.9380729356,1.2456505359,0.680056679474,33.1190185723,0.717149500968,0.586573171146,0.76092613812,2.56253715659,0.0,0.0,0.0
2776,3.48912230701,2.56259766188,20.9535034977,1.24472544876,0.679768153457,33.1154841971,0.714559028245,0.586053371245,0.762615474729,2.56487234656,0.0,0.0,0.0
2777,3.49037919545,2.56150711993,20.9689762802,1.24380265116,0.679478870556,33.1119371575,0.711973110685,0.585532689823,0.764296709547,2.56720383128,0.0,0.0,0.0
2778,3.49163608389,2.56041373485,20.9844911655,1.24288214426,0.679188833473,33.1083774552,0.709391750532,0.585011134852,0.765969855274,2.56953158334,0.0,0.0,0.0
2779,3.49289297232,2.55931751683,21.0000480357,1.24196392921,0.6814599243,33.1048050917,0.706814949943,0.588296885592,0.76735684001,2.56920294503,0.0,0.0,0.0
2780,3.49414986076,2.55821847609,21.0156467731,1.24104800707,0.681167286824,33.1012200685,0.704242710988,0.587768413275,0.769015359752,2.5715384663,0.0,0.0,0.0
2781,3.4954067492,2.55711662283,21.0312872598,1.24013437889,0.68087390047,33.0976223872,0.70167503565,0.587239086028,0.77066582438,2.57387008043,0.0,0.0,0.0
2782,3.49666363764,2.55601196727,21.0469693781,1.23922304566,0.68057976796,33.0940120493,0.699111925825,0.586708911867,0.772308247432,2.57619776263,0.0,0.0,0.0
2783,3.49792052608,2.55490451966,21.0626930102,1.23831400833,0.68028489202,33.0903890564,0.696553383324,0.586177898791,0.77394264264,2.57852148857,0.0,0.0,0.0
2784,3.49917741452,2.55379429024,21.0784580385,1.23740726781,0.679989275376,33.0867534101,0.693999409873,0.585646054789,0.775569023926,2.58084123428,0.0,0.0,0.0
2785,3.50043430296,2.55268128925,21.0942643453,1.23650282498,0.67969292076,33.0831051119,0.691450007112,0.585113387833,0.777187405398,2.58315697622,0.0,0.0,0.0
2786,3.5016911914,2.55156552697,21.1101118129,1.23560068065,0.679395830903,33.0794441635,0.688905176597,0.584579905882,0.778797801351,2.58546869121,0.0,0.0,0.0
2787,3.50294807984,2.55044701366,21.1260003236,1.23470083561,0.67909800854,33.0757705663,0.686364919802,0.584045616882,0.780400226262,2.58777635648,0.0,0.0,0.0
2788,3.50420496828,2.54932575961,21.1419297599,1.23380329059,0.681351334041,33.072084322,0.683829238113,0.587292168479,0.781735003004,2.58756012184,0.0,0.0,0.0
2789,3.50546185672,2.5482017751,21.1579000042,1.23290804631,0.681050929773,33.0683854322,0.681298132839,0.586750999733,0.783322949683,2.58987413539,0.0,0.0,0.0
2790,3.50671874516,2.54707507044,21.1739109389,1.23201510342,0.680749798497,33.0646738985,0.678771605201,0.586209043311,0.78490296523,2.59218394563,0.0,0.0,0.0
2791,3.50797563359,2.54594565593,21.1899624465,1.23112446253,0.680447942966,33.0609497225,0.676249656341,0.585666307191,0.78647506486,2.59448953207,0.0,0.0,0.0
2792,3.50923252203,2.54481354188,21.2060544097,1.23023612422,0.680145365938,33.0572129057,0.673732287319,0.585122799334,0.788039263964,2.59679087458,0.0,0.0,0.0
2793,3.51048941047,2.54367873861,21.2221867109,1.22935008904,0.679842070171,33.0534634499,0.671219499113,0.584578527688,0.789595578098,2.59908795336,0.0,0.0,0.0
2794,3.51174629891,2.54254125647,21.2383592327,1.22846635747,0.679538058427,33.0497013567,0.668711292622,0.584033500183,0.791144022986,2.60138074897,0.0,0.0,0.0
2795,3.51300318735,2.54140110578,21.254571858,1.22758492997,0.679233333467,33.0459266276,0.666207668664,0.583487724733,0.792684614516,2.60366924229,0.0,0.0,0.0
2796,3.51426007579,2.54025829689,21.2708244693,1.22670580696,0.68147069915,33.0421392643,0.663708627976,0.586700559597,0.793973508206,2.60354580518,0.0,0.0,0.0
2797,3.51551696423,2.53911284015,21.2871169494,1.22582898882,0.681163409454,33.0383392684,0.661214171219,0.586147937857,0.795499780957,2.60583949392,0.0,0.0,0.0
2798,3.51677385267,2.53796474592,21.3034491812,1.22495447588,0.680855412204,33.0345266416,0.658724298973,0.585594588189,0.797018244963,2.60812874339,0.0,0.0,0.0
2799,3.51803074111,2.53681402457,21.3198210476,1.22408226845,0.68054671018,33.0307013856,0.65623901174,0.585040518533,0.798528916769,2.6104135365,0.0,0.0,0.0
2800,3.51928762955,2.53566068647,21.3362324314,1.22321236677,0.680237306165,33.026863502,0.653758309944,0.584485736808,0.800031813073,2.61269385648,0.0,0.0,0.0
2801,3.52054451799,2.534504742,21.3526832156,1.22234477108,0.679927202942,33.0230129924,0.651282193934,0.583930250919,0.801526950725,2.61496968686,0.0,0.0,0.0
2802,3.52180140642,2.53334620153,21.3691732833,1.22147948156,0.679616403299,33.0191498585,0.648810663979,0.583374068751,0.803014346723,2.61724101145,0.0,0.0,0.0
2803,3.52305829486,2.53218507547,21.3857025176,1.22061649835,0.679304910022,33.015274102,0.646343720274,0.582817198171,0.804494018209,2.61950781437,0.0,0.0,0.0
2804,3.5243151833,2.53102137421,21.4022708017,1.21975582155,0.681526280823,33.0113857246,0.643881362939,0.585995792523,0.805736989839,2.61946975444,0.0,0.0,0.0
2805,3.52557207174,2.52985510816,21.4188780188,1.21889745124,0.681212241213,33.007484728,0.641423592015,0.585432115391,0.807202531076,2.62174070769,0.0,0.0,0.0
2806,3.52682896018,2.5286862877,21.4355240522,1.21804138745,0.680897513784,33.0035711138,0.638970407472,0.584867770455,0.808660396567,2.62400701708,0.0,0.0,0.0
2807,3.52808584862,2.52751492327,21.4522087852,1.21718763018,0.68058210134,32.9996448837,0.636521809204,0.584302765598,0.810110604038,2.62626866853,0.0,0.0,0.0
2808,3.52934273706,2.52634102528,21.4689321014,1.21633617938,0.680266006685,32.9957060395,0.63407779703,0.583737108682,0.811553171346,2.62852564822,0.0,0.0,0.0
2809,3.5305996255,2.52516460414,21.4856938843,1.21548703497,0.679949232626,32.9917545828,0.631638370699,0.583170807552,0.812988116484,2.63077794262,0.0,0.0,0.0
2810,3.53185651394,2.5239856703,21.5024940174,1.21464019684,0.679631781969,32.9877905154,0.629203529884,0.582603870032,0.814415457578,2.63302553843,0.0,0.0,0.0
2811,3.53311340238,2.52280423416,21.5193323844,1.21379566484,0.679313657525,32.9838138389,0.626773274187,0.582036303927,0.815835212881,2.63526842262,0.0,0.0,0.0
2812,3.53437029082,2.52162030618,21.5362088691,1.21295343878,0.681519006547,32.9798245551,0.624347603137,0.585180179295,0.817032389149,2.63530891199,0.0,0.0,0.0
2813,3.53562717926,2.52043389679,21.5531233552,1.21211351843,0.68119835536,32.9758226658,0.621926516192,0.58460585242,0.818438228395,2.63755499808,0.0,0.0,0.0
2814,3.53688406769,2.51924501643,21.5700757268,1.21127590355,0.680877036344,32.9718081726,0.619510012741,0.584030918102,0.819836534257,2.6397962636,0.0,0.0,0.0
2815,3.53814095613,2.51805367555,21.5870658678,1.21044059383,0.680555052322,32.9677810773,0.617098092099,0.583455384153,0.821227325495,2.6420326971,0.0,0.0,0.0
2816,3.53939784457,2.5168598846,21.6040936622,1.20960758894,0.680232406119,32.9637413817,0.614690753514,0.582879258364,0.822610620987,2.64426428742,0.0,0.0,0.0
2817,3.54065473301,2.51566365403,21.6211589943,1.20877688854,0.679909100559,32.9596890874,0.612287996164,0.582302548503,0.823986439731,2.6464910236,0.0,0.0,0.0
2818,3.54191162145,2.51446499429,21.6382617483,1.2079484922,0.679585138469,32.9556241963,0.609889819155,0.581725262318,0.825354800839,2.64871289491,0.0,0.0,0.0
2819,3.54316850989,2.51326391586,21.6554018086,1.20712239952,0.679260522675,32.95154671,0.607496221529,0.581147407535,0.826715723538,2.65092989087,0.0,0.0,0.0
2820,3.54442539833,2.51206042917,21.6725790596,1.20629861001,0.681449831002,32.9474566305,0.605107202257,0.584256130379,0.827867378415,2.65104263729,0.0,0.0,0.0
2821,3.54568228677,2.51085454471,21.6897933858,1.20547712318,0.681122709191,32.9433539594,0.602722760242,0.583671566396,0.829214621764,2.65326197369,0.0,0.0,0.0
2822,3.54693917521,2.50964627294,21.7070446718,1.2046579385,0.68079493977,32.9392386985,0.600342894322,0.583086455442,0.830554482272,2.65547633761,0.0,0.0,0.0
2823,3.54819606365,2.50843562431,21.7243328025,1.2038410554,0.680466525579,32.9351108496,0.597967603267,0.582500805239,0.831886979603,2.65768572001,0.0,0.0,0.0
2824,3.54945295209,2.50722260932,21.7416576626,1.20302647328,0.680137469459,32.9309704145,0.595596885782,0.581914623491,0.833212133526,2.65989011203,0.0,0.0,0.0
2825,3.55070984052,2.50600723841,21.7590191371,1.20221419151,0.679807774248,32.926817395,0.593230740504,0.581327917875,0.834529963908,2.66208950502,0.0,0.0,0.0
2826,3.55196672896,2.50478952208,21.776417111,1.20140420942,0.67947744279,32.9226517929,0.590869166008,0.580740696048,0.835840490719,2.66428389056,0.0,0.0,0.0
2827,3.5532236174,2.50356947078,21.7938514694,1.20059652632,0.679146477924,32.9184736099,0.588512160801,0.580152965644,0.837143734029,2.66647326041,0.0,0.0,0.0
2828,3.55448050584,2.50234709501,21.8113220976,1.19979114148,0.681319734434,32.914282848,0.586159723328,0.583226146852,0.838250271868,2.66665245707,0.0,0.0,0.0
2829,3.55573739428,2.50112240522,21.8288288809,1.19898805413,0.680986285364,32.9100795089,0.58381185197,0.582631764346,0.83954009213,2.66884338433,0.0,0.0,0.0
2830,3.55699428272,2.49989541191,21.8463717047,1.19818726349,0.680652209106,32.9058635944,0.581468545043,0.582036895317,0.840822687179,2.67102920943,0.0,0.0,0.0
2831,3.55825117116,2.49866612555,21.8639504547,1.19738876872,0.680317508515,32.9016351064,0.579129800803,0.581441547387,0.842098077456,2.67320992544,0.0,0.0,0.0
2832,3.5595080596,2.49743455661,21.8815650166,1.19659256899,0.679982186442,32.8973940467,0.57679561744,0.580845728154,0.843366283491,2.67538552558,0.0,0.0,0.0
2833,3.56076494804,2.49620071557,21.899215276,1.19579866339,0.67964624574,32.8931404171,0.574465993086,0.580249445194,0.844627325902,2.67755600327,0.0,0.0,0.0
2834,3.56202183648,2.49496461292,21.916901119,1.19500705101,0.679309689262,32.8888742196,0.572140925809,0.579652706058,0.845881225394,2.67972135212,0.0,0.0,0.0
2835,3.56327872492,2.49372625913,21.9346224315,1.19421773091,0.678972519862,32.8845954558,0.569820413617,0.579055518271,0.847128002755,2.68188156589,0.0,0.0,0.0
2836,3.56453561335,2.49248566468,21.9523790996,1.19343070211,0.68112972103,32.8803041277,0.567504454457,0.582092812556,0.8481899428,2.6821218469,0.0,0.0,0.0
2837,3.56579250179,2.49124284004,21.9701710097,1.1926459636,0.680790090273,32.8760002372,0.565193046217,0.581489035025,0.849423570321,2.68428290599,0.0,0.0,0.0
2838,3.56704939023,2.4899977957,21.9879980482,1.19186351435,0.680449852929,32.8716837861,0.562886186724,0.580884831271,0.850650136305,2.68643875317,0.0,0.0,0.0
2839,3.56830627867,2.48875054212,22.0058601014,1.19108335328,0.680109011862,32.8673547763,0.560583873747,0.580280208803,0.851869661854,2.68858938338,0.0,0.0,0.0
2840,3.56956316711,2.48750108978,22.0237570561,1.1903054793,0.679767569932,32.8630132096,0.558286104996,0.579675175103,0.853082168143,2.6907347917,0.0,0.0,0.0
2841,3.57082005555,2.48624944916,22.0416887989,1.18952989129,0.679425530003,32.858659088,0.555992878123,0.579069737627,0.854287676425,2.69287497341,0.0,0.0,0.0
2842,3.57207694399,2.48499563073,22.0596552169,1.1887565881,0.679082894936,32.8542924133,0.553704190722,0.578463903807,0.855486208022,2.69500992393,0.0,0.0,0.0
2843,3.57333383243,2.48373964496,22.0776561968,1.18798556853,0.681225893456,32.8499131875,0.551420040331,0.581471157805,0.856510118073,2.69530082699,0.0,0.0,0.0
2844,3.57459072087,2.48248150231,22.0956916259,1.18721683139,0.680880817294,32.8455214124,0.549140424429,0.580858786237,0.857695746524,2.69743603966,0.0,0.0,0.0
2845,3.57584760931,2.48122121325,22.1137613915,1.18645037543,0.680535152428,32.8411170899,0.546865340441,0.580246041075,0.858874460616,2.69956595209,0.0,0.0,0.0
2846,3.57710449775,2.47995878826,22.1318653809,1.18568619939,0.680188901729,32.8367002219,0.544594785734,0.579632929724,0.860046281934,2.70169056075,0.0,0.0,0.0
2847,3.57836138619,2.47869423778,22.1500034816,1.18492430197,0.679842068064,32.8322708104,0.542328757623,0.579019459564,0.861211232129,2.70380986228,0.0,0.0,0.0
2848,3.57961827462,2.47742757228,22.1681755813,1.18416468186,0.679494654304,32.8278288573,0.540067253363,0.578405637948,0.862369332914,2.70592385344,0.0,0.0,0.0
2849,3.58087516306,2.47615880222,22.1863815678,1.18340733769,0.679146663317,32.8233743645,0.53781027016,0.577791472202,0.863520606065,2.70803253114,0.0,0.0,0.0
2850,3.5821320515,2.47488793805,22.2046213289,1.1826522681,0.678798097969,32.8189073339,0.535557805161,0.577176969626,0.864665073415,2.71013589245,0.0,0.0,0.0
2851,3.58338893994,2.47361499023,22.2228947528,1.18189947169,0.680925052203,32.8144277675,0.533309855464,0.580147762404,0.865645585975,2.71047882905,0.0,0.0,0.0
2852,3.58464582838,2.47233996919,22.2412017277,1.18114894702,0.680574070437,32.8099356672,0.53106641811,0.579526793712,0.866777448821,2.71258185681,0.0,0.0,0.0
2853,3.58590271682,2.4710628854,22.2595421418,1.18040069265,0.680222520843,32.805431035,0.52882749009,0.578905511216,0.867902569799,2.71467950709,0.0,0.0,0.0
2854,3.58715960526,2.46978374928,22.2779158837,1.17965470708,0.679870406295,32.8009138728,0.526593068342,0.57828392218,0.869020970954,2.71677177789,0.0,0.0,0.0
2855,3.5884164937,2.46850257128,22.296322842,1.17891098882,0.679517729668,32.7963841826,0.524363149751,0.577662033845,0.870132674383,2.71885866737,0.0,0.0,0.0
2856,3.58967338214,2.46721936182,22.3147629054,1.17816953633,0.679164493833,32.7918419664,0.522137731153,0.577039853421,0.871237702233,2.7209401738,0.0,0.0,0.0
2857,3.59093027058,2.46593413135,22.3332359628,1.17743034805,0.678810701661,32.787287226,0.519916809331,0.576417388091,0.872336076702,2.72301629557,0.0,0.0,0.0
2858,3.59218715902,2.46464689029,22.3517419033,1.1766934224,0.68092347002,32.7827199636,0.517700381018,0.579357624666,0.873279675897,2.72340239971,0.0,0.0,0.0
2859,3.59344404745,2.46335764905,22.3702806161,1.17595875777,0.680567283253,32.778140181,0.515488442899,0.578728753207,0.874365711905,2.72547769913,0.0,0.0,0.0
2860,3.59470093589,2.46206641806,22.3888519905,1.17522635253,0.680210546763,32.7735478803,0.513280991606,0.578099620104,0.875445159621,2.72754755929,0.0,0.0,0.0
2861,3.59595782433,2.46077320773,22.407455916,1.17449620502,0.679853263428,32.7689430635,0.511078023726,0.5774702325,0.876518041409,2.72961197946,0.0,0.0,0.0
2862,3.59721471277,2.45947802847,22.4260922823,1.17376831357,0.679495436124,32.7643257325,0.508879535793,0.576840597511,0.877584379675,2.73167095905,0.0,0.0,0.0
2863,3.59847160121,2.45818089067,22.444760979,1.17304267645,0.679137067724,32.7596958894,0.506685524296,0.576210722224,0.878644196868,2.73372449755,0.0,0.0,0.0
2864,3.59972848965,2.45688180475,22.4634618963,1.17231929195,0.678778161102,32.7550535362,0.504495985676,0.575580613697,0.879697515473,2.7357725946,0.0,0.0,0.0
2865,3.60098537809,2.45558078108,22.4821949241,1.17159815831,0.680876757941,32.7503986749,0.502310916324,0.578490077968,0.880604787318,2.73619871048,0.0,0.0,0.0
2866,3.60224226653,2.45427783006,22.5009599526,1.17087927376,0.68051547923,32.7457313074,0.500130312586,0.57785362681,0.881646040467,2.73824553535,0.0,0.0,0.0
2867,3.60349915497,2.45297296207,22.5197568724,1.1701626365,0.680153668987,32.7410514359,0.497954170762,0.577216965869,0.882680861035,2.74028687011,0.0,0.0,0.0
2868,3.60475604341,2.45166618749,22.5385855739,1.16944824469,0.679791330088,32.7363590624,0.495782487106,0.576580102159,0.883709271635,2.7423227152,0.0,0.0,0.0
2869,3.60601293185,2.45035751668,22.5574459479,1.16873609651,0.67942846541,32.7316541889,0.493615257823,0.575943042662,0.884731294914,2.74435307114,0.0,0.0,0.0
2870,3.60726982029,2.44904696001,22.5763378852,1.16802619007,0.679065077825,32.7269368174,0.491452479078,0.575305794331,0.885746953549,2.74637793858,0.0,0.0,0.0
2871,3.60852670872,2.44773452784,22.5952612768,1.16731852349,0.678701170205,32.72220695,0.489294146988,0.574668364091,0.88675627025,2.74839731825,0.0,0.0,0.0
2872,3.60978359716,2.44642023051,22.6142160139,1.16661309486,0.680785614514,32.7174645888,0.487140257625,0.57754686718,0.887627844127,2.74886048702,0.0,0.0,0.0
2873,3.6110404856,2.44510407838,22.6332019879,1.16590990224,0.680419357965,32.7127097358,0.484990807019,0.576903161135,0.88862537407,2.75087818068,0.0,0.0,0.0
2874,3.61229737404,2.44378608178,22.6522190903,1.16520894368,0.680052588141,32.7079423931,0.482845791155,0.576259296798,0.889616628776,2.75289034341,0.0,0.0,0.0
2875,3.61355426248,2.44246625104,22.6712672127,1.16451021719,0.679685307916,32.7031625627,0.480705205977,0.57561528104,0.890601631045,2.75489697668,0.0,0.0,0.0
2876,3.61481115092,2.44114459649,22.6903462469,1.16381372079,0.679317520163,32.6983702467,0.478569047384,0.574971120703,0.891580403698,2.75689808208,0.0,0.0,0.0
2877,3.61606803936,2.43982112845,22.709456085,1.16311945244,0.678949227754,32.6935654473,0.476437311233,0.574326822599,0.89255296958,2.75889366126,0.0,0.0,0.0
2878,3.6173249278,2.43849585722,22.728596619,1.16242741012,0.678580433558,32.6887481664,0.474309993341,0.573682393511,0.893519351557,2.76088371599,0.0,0.0,0.0
2879,3.61858181624,2.4371687931,22.7477677414,1.16173759175,0.680650748836,32.6839184063,0.472187089481,0.576529773251,0.894355894327,2.76138116168,0.0,0.0,0.0
2880,3.61983870468,2.4358399464,22.7669693445,1.16104999525,0.680279629487,32.6790761689,0.470068595387,0.575879138326,0.895310772761,2.76336914984,0.0,0.0,0.0
2881,3.62109559312,2.4345093274,22.7862013211,1.16036461853,0.679908015171,32.6742214564,0.467954506752,0.575228396153,0.896259534476,2.76535157545,0.0,0.0,0.0
2882,3.62235248155,2.43317694638,22.8054635639,1.15968145945,0.679535908758,32.6693542709,0.465844819227,0.574577553457,0.897202202392,2.76732844092,0.0,0.0,0.0
2883,3.62360936999,2.4318428136,22.8247559659,1.15900051589,0.679163313119,32.6644746145,0.463739528425,0.57392661693,0.898138799446,2.76929974879,0.0,0.0,0.0
2884,3.62486625843,2.43050693934,22.8440784203,1.15832178567,0.678790231118,32.6595824894,0.461638629919,0.573275593236,0.899069348591,2.77126550167,0.0,0.0,0.0
2885,3.62612314687,2.42916933385,22.8634308204,1.15764526662,0.67841666562,32.6546778976,0.459542119243,0.572624489005,0.899993872792,2.77322570225,0.0,0.0,0.0
2886,3.62738003531,2.42783000737,22.8828130596,1.15697095653,0.680472879748,32.6497608413,0.457449991893,0.575440609392,0.900796083366,2.77375481889,0.0,0.0,0.0
2887,3.62863692375,2.42648897014,22.9022250318,1.15629885318,0.680097013458,32.6448313226,0.455362243325,0.574783372248,0.901709390674,2.77571260316,0.0,0.0,0.0
2888,3.62989381219,2.4251462324,22.9216666306,1.15562895434,0.679720670547,32.6398893438,0.453278868958,0.574126078389,0.902616740517,2.77766480168,0.0,0.0,0.0
2889,3.63115070063,2.42380180436,22.94113775,1.15496125775,0.679343853878,32.6349349068,0.451199864175,0.573468734385,0.903518155884,2.77961141777,0.0,0.0,0.0
2890,3.63240758907,2.42245569623,22.9606382844,1.15429576113,0.678966566314,32.6299680139,0.449125224321,0.572811346772,0.90441365977,2.78155245481,0.0,0.0,0.0
2891,3.63366447751,2.42110791821,22.9801681279,1.15363246219,0.678588810715,32.6249886673,0.447054944703,0.572153922055,0.905303275179,2.78348791629,0.0,0.0,0.0
2892,3.63492136595,2.41975848051,22.9997271752,1.15297135862,0.68063277059,32.619996869,0.444989020593,0.574944716685,0.906076986452,2.78404338838,0.0,0.0,0.0
2893,3.63617825438,2.41840739329,23.0193153209,1.15231244808,0.680252735047,32.6149926213,0.442927447226,0.574281217312,0.906955629456,2.78597614555,0.0,0.0,0.0
2894,3.63743514282,2.41705466674,23.0389324599,1.15165572823,0.679872238389,32.6099759264,0.440870219805,0.573617704744,0.907828451591,2.78790329751,0.0,0.0,0.0
2895,3.63869203126,2.41570031101,23.0585784873,1.15100119671,0.679491283476,32.6049467864,0.438817333492,0.572954185417,0.908695475857,2.7898248483,0.0,0.0,0.0
2896,3.6399489197,2.41434433627,23.0782532982,1.15034885113,0.679109873163,32.5999052035,0.43676878342,0.572290665739,0.909556725254,2.79174080205,0.0,0.0,0.0
2897,3.64120580814,2.41298675266,23.0979567882,1.14969868909,0.678728010305,32.5948511799,0.434724564684,0.571627152082,0.910412222787,2.79365116293,0.0,0.0,0.0
2898,3.64246269658,2.4116275703,23.1176888527,1.14905070817,0.678345697751,32.5897847178,0.432684672346,0.570963650788,0.911261991458,2.79555593521,0.0,0.0,0.0
2899,3.64371958502,2.41026679934,23.1374493875,1.14840490595,0.680375617821,32.5847058194,0.430649101435,0.57372296137,0.912002713886,2.7961386158,0.0,0.0,0.0
2900,3.64497647346,2.40890444986,23.1572382887,1.14776127997,0.679991050703,32.579614487,0.428617846946,0.57305346351,0.912841800776,2.79804038585,0.0,0.0,0.0
2901,3.6462333619,2.40754053199,23.1770554522,1.14711982776,0.679606040854,32.5745107227,0.426590903842,0.57238400194,0.91367522639,2.79993654168,0.0,0.0,0.0
2902,3.64749025034,2.40617505581,23.1969007744,1.14648054685,0.679220591122,32.5693945287,0.424568267051,0.571714582929,0.914503013701,2.80182708808,0.0,0.0,0.0
2903,3.64874713878,2.40480803141,23.2167741517,1.14584343474,0.678834704353,32.5642659073,0.422549931473,0.571045212714,0.915325185675,2.80371202989,0.0,0.0,0.0
2904,3.65000402722,2.40343946885,23.2366754809,1.1452084889,0.67844838339,32.5591248607,0.420535891972,0.570375897499,0.916141765273,2.80559137205,0.0,0.0,0.0
2905,3.65126091565,2.40206937819,23.2566046588,1.14457570681,0.678061631073,32.5539713912,0.418526143384,0.569706643457,0.916952775452,2.80746511952,0.0,0.0,0.0
2906,3.65251780409,2.40069776949,23.2765615824,1.14394508593,0.680077551101,32.5488055009,0.416520680512,0.572434405732,0.917661274663,2.80807282777,0.0,0.0,0.0
2907,3.65377469253,2.39932465277,23.2965461489,1.1433166237,0.679688570089,32.5436271922,0.414519498128,0.571759235636,0.918461894468,2.80994329993,0.0,0.0,0.0
2908,3.65503158097,2.39795003807,23.3165582557,1.14269031753,0.679299164723,32.5384364673,0.412522590976,0.571084150624,0.919257012268,2.81180815551,0.0,0.0,0.0
2909,3.65628846941,2.3965739354,23.3365978003,1.14206616484,0.67890933784,32.5332333285,0.410529953767,0.570409156791,0.920046650961,2.81366739997,0.0,0.0,0.0
2910,3.65754535785,2.39519635475,23.3566646807,1.14144416302,0.678519092272,32.5280177779,0.408541581185,0.5697342602,0.920830833435,2.81552103885,0.0,0.0,0.0
2911,3.65880224629,2.39381730613,23.3767587945,1.14082430946,0.67812843085,32.5227898179,0.406557467883,0.569059466879,0.921609582567,2.81736907772,0.0,0.0,0.0
2912,3.66005913473,2.39243679951,23.3968800402,1.14020660151,0.680132188026,32.5175494508,0.404577608486,0.571761600826,0.922291371779,2.81799766886,0.0,0.0,0.0
2913,3.66131602317,2.39105484485,23.4170283158,1.13959103654,0.679739320035,32.5122966789,0.402601997589,0.571080956288,0.923059977646,2.81984220693,0.0,0.0,0.0
2914,3.66257291161,2.38967145211,23.4372035199,1.13897761187,0.67934604322,32.5070315044,0.400630629762,0.570400438931,0.923823217339,2.82168112615,0.0,0.0,0.0
2915,3.66382980005,2.38828663123,23.4574055513,1.13836632483,0.678952360409,32.5017539295,0.398663499543,0.569720054705,0.924581113657,2.82351443256,0.0,0.0,0.0
2916,3.66508668848,2.38690039215,23.4776343088,1.13775717273,0.678558274422,32.4964639568,0.396700601446,0.569039809526,0.925333689386,2.82534213223,0.0,0.0,0.0
2917,3.66634357692,2.38551274477,23.4978896914,1.13715015286,0.67816378808,32.4911615883,0.394741929955,0.568359709275,0.926080967292,2.82716423132,0.0,0.0,0.0
2918,3.66760046536,2.384123699,23.5181715983,1.13654526252,0.677768904199,32.4858468264,0.392787479529,0.567679759802,0.926822970126,2.82898073602,0.0,0.0,0.0
2919,3.6688573538,2.38273326474,23.5384799292,1.13594249896,0.679758743966,32.4805196735,0.3908372446,0.570350250115,0.927473975356,2.82963061085,0.0,0.0,0.0
2920,3.67011424224,2.38134145186,23.5588145835,1.13534185945,0.679361680231,32.4751801319,0.388891219574,0.569664534126,0.928206125924,2.83144338365,0.0,0.0,0.0
2921,3.67137113068,2.37994827023,23.579175461,1.13474334123,0.678964226012,32.4698282039,0.38694939883,0.568978992751,0.92893306817,2.83325054644,0.0,0.0,0.0
2922,3.67262801912,2.37855372969,23.5995624619,1.13414694153,0.678566384118,32.4644638918,0.385011776723,0.568293631754,0.929654824746,2.83505210583,0.0,0.0,0.0
2923,3.67388490756,2.3771578401,23.6199754862,1.13355265756,0.678168157357,32.4590871979,0.383078347582,0.567608456867,0.930371418284,2.83684806847,0.0,0.0,0.0
2924,3.675141796,2.37576061127,23.6404144343,1.13296048654,0.677769548532,32.4536981246,0.381149105711,0.566923473787,0.931082871393,2.83863844107,0.0,0.0,0.0
2925,3.67639868444,2.37436205302,23.6608792069,1.13237042566,0.679747299228,32.4482966743,0.379224045391,0.569568218142,0.93170838087,2.83930610782,0.0,0.0,0.0
2926,3.67765557288,2.37296217515,23.6813697046,1.1317824721,0.67934653339,32.4428828493,0.377303160876,0.568877537028,0.932410227723,2.84109255736,0.0,0.0,0.0
2927,3.67891246132,2.37156098743,23.7018858285,1.13119662303,0.678945392563,32.437456652,0.375386446398,0.568187071506,0.933107000456,2.84287340389,0.0,0.0,0.0
2928,3.68016934975,2.37015849965,23.7224274797,1.13061287561,0.678543879544,32.4320180847,0.373473896165,0.567496827186,0.933798721564,2.84464865449,0.0,0.0,0.0
2929,3.68142623819,2.36875472156,23.7429945595,1.13003122698,0.678141997127,32.4265671497,0.371565504363,0.566806809644,0.934485413516,2.84641831632,0.0,0.0,0.0
2930,3.68268312663,2.3673496629,23.7635869694,1.12945167428,0.677739748102,32.4211038496,0.369661265152,0.566117024423,0.935167098758,2.84818239655,0.0,0.0,0.0
2931,3.68394001507,2.3659433334,23.7842046112,1.12887421464,0.679705446891,32.4156281865,0.367761172673,0.56873597458,0.935767673881,2.84886652679,0.0,0.0,0.0
2932,3.68519690351,2.36453574278,23.8048473867,1.12829884517,0.679301064,32.4101401631,0.365865221042,0.56804056139,0.936439997795,2.85062650731,0.0,0.0,0.0
2933,3.68645379195,2.36312690074,23.8255151981,1.12772556296,0.678896321591,32.4046397815,0.363973404354,0.567345404232,0.937107380786,2.85238089574,0.0,0.0,0.0
2934,3.68771068039,2.36171681696,23.8462079477,1.12715436512,0.678491222447,32.3991270443,0.362085716682,0.566650508556,0.937769845169,2.85412969962,0.0,0.0,0.0
2935,3.68896756883,2.36030550112,23.866925538,1.12658524872,0.678085769347,32.3936019538,0.360202152079,0.565955879782,0.938427413226,2.85587292652,0.0,0.0,0.0
2936,3.69022445727,2.35889296286,23.8876678715,1.12601821083,0.677679965064,32.3880645124,0.358322704574,0.565261523292,0.939080107216,2.85761058406,0.0,0.0,0.0
2937,3.69148134571,2.35747921184,23.9084348513,1.12545324851,0.677273812369,32.3825147226,0.356447368178,0.564567444437,0.939727949362,2.85934267991,0.0,0.0,0.0
2938,3.69273823415,2.35606425768,23.9292263804,1.12489035881,0.679225736701,32.3769525868,0.354576136881,0.567154732318,0.940299889821,2.86004331027,0.0,0.0,0.0
2939,3.69399512258,2.35464811,23.950042362,1.12432953877,0.678817477908,32.3713781074,0.352709004651,0.566455115297,0.940938657095,2.86177112762,0.0,0.0,0.0
2940,3.69525201102,2.35323077838,23.9708826996,1.12377078543,0.678408877803,32.3657912868,0.350845965439,0.565755799466,0.941572637606,2.8634933754,0.0,0.0,0.0
2941,3.69650889946,2.35181227242,23.9917472969,1.12321409579,0.677999939147,32.3601921274,0.348987013173,0.565056790081,0.942201853432,2.8652100616,0.0,0.0,0.0
2942,3.6977657879,2.35039260167,24.0126360576,1.12265946688,0.677590664698,32.3545806318,0.347132141765,0.564358092363,0.94282632662,2.86692119425,0.0,0.0,0.0
2943,3.69902267634,2.3489717757,24.0335488859,1.12210689568,0.677181057209,32.3489568023,0.345281345106,0.563659711501,0.94344607918,2.86862678139,0.0,0.0,0.0
2944,3.70027956478,2.34754980403,24.0544856859,1.1215563792,0.679121019128,32.3433206414,0.343434617069,0.56622118472,0.943994329925,2.86934124662,0.0,0.0,0.0
2945,3.70153645322,2.34612669618,24.0754463622,1.12100791442,0.678709329271,32.3376721516,0.341591951508,0.565517338639,0.944605248879,2.87104240697,0.0,0.0,0.0
2946,3.70279334166,2.34470246167,24.0964308192,1.12046149831,0.67829731348,32.3320113353,0.339753342259,0.56481383285,0.945211511619,2.87273801611,0.0,0.0,0.0
2947,3.7040502301,2.34327710997,24.1174389619,1.11991712783,0.677884974501,32.326338195,0.33791878314,0.564110672444,0.945813139996,2.8744280824,0.0,0.0,0.0
2948,3.70530711854,2.34185065057,24.1384706952,1.11937479994,0.677472315074,32.3206527332,0.336088267953,0.563407862477,0.946410155828,2.87611261425,0.0,0.0,0.0
2949,3.70656400698,2.34042309291,24.1595259244,1.11883451159,0.677059337934,32.3149549523,0.334261790481,0.562705407973,0.947002580893,2.87779162008,0.0,0.0,0.0
2950,3.70782089542,2.33899444645,24.1806045548,1.11829625971,0.678987381589,32.3092448549,0.332439344491,0.565241061785,0.947527711014,2.87851878828,0.0,0.0,0.0
2951,3.70907778385,2.3375647206,24.2017064921,1.11776004124,0.678572346056,32.3035224434,0.330620923731,0.564533216249,0.948111541622,2.88019323104,0.0,0.0,0.0
2952,3.71033467229,2.33613392476,24.222831642,1.11722585311,0.678156999919,32.2977877203,0.328806521935,0.563825749472,0.948690845148,2.8818621441,0.0,0.0,0.0
2953,3.71159156073,2.33470206835,24.2439799106,1.11669369221,0.677741345904,32.2920406882,0.32699613282,0.563118666378,0.949265643202,2.88352553616,0.0,0.0,0.0
2954,3.71284844917,2.33326916072,24.265151204,1.11616355547,0.677325386734,32.2862813494,0.325189750088,0.562411971857,0.949835957353,2.88518341599,0.0,0.0,0.0
2955,3.71410533761,2.33183521124,24.2863454287,1.11563543977,0.676909125123,32.2805097067,0.323387367422,0.561705670767,0.95040180913,2.88683579234,0.0,0.0,0.0
2956,3.71536222605,2.33040022926,24.3075624911,1.11510934202,0.678825296742,32.2747257624,0.321588978495,0.564215513501,0.950904387625,2.88757458721,0.0,0.0,0.0
2957,3.71661911449,2.32896422409,24.3288022981,1.11458525909,0.678407000942,32.2689295191,0.31979457696,0.563503896695,0.951461881706,2.88922227557,0.0,0.0,0.0
2958,3.71787600293,2.32752720505,24.3500647566,1.11406318786,0.677988409809,32.2631209794,0.318004156457,0.562792696455,0.95201497632,2.89086445866,0.0,0.0,0.0
2959,3.71913289137,2.32608918142,24.3713497739,1.11354312521,0.677569526051,32.2573001457,0.316217710611,0.562081917537,0.952563692814,2.89250114553,0.0,0.0,0.0
2960,3.72038977981,2.32465016249,24.3926572572,1.11302506798,0.677150352369,32.2514670206,0.314435233035,0.561371564662,0.953108052496,2.89413234524,0.0,0.0,0.0
2961,3.72164666825,2.32321015751,24.4139871141,1.11250901304,0.676730891459,32.2456216067,0.312656717324,0.560661642516,0.95364807663,2.89575806689,0.0,0.0,0.0
2962,3.72290355668,2.32176917573,24.4353392525,1.11199495723,0.678635239276,32.2397639064,0.310882157061,0.563145695199,0.954128671237,2.89650746485,0.0,0.0,0.0
2963,3.72416044512,2.32032722636,24.4567135802,1.1114828974,0.67821376859,32.2338939225,0.309111545817,0.562430533683,0.954660571804,2.89812838427,0.0,0.0,0.0
2964,3.72541733356,2.31888431862,24.4781100054,1.11097283038,0.677792017778,32.2280116573,0.307344877146,0.561715825855,0.955188198902,2.8997438256,0.0,0.0,0.0
2965,3.726674222,2.31744046168,24.4995284364,1.110464753,0.677369989525,32.2221171136,0.305582144593,0.5610015763,0.955711573603,2.90135379819,0.0,0.0,0.0
2966,3.72793111044,2.31599566473,24.5209687818,1.10995866208,0.676947686513,32.2162102938,0.303823341688,0.560287789567,0.956230716937,2.90295831139,0.0,0.0,0.0
2967,3.72918799888,2.31454993692,24.5424309504,1.10945455443,0.676525111417,32.2102912006,0.302068461947,0.559574470173,0.95674564989,2.90455737458,0.0,0.0,0.0
2968,3.73044488732,2.31310328739,24.563914851,1.10895242688,0.678417685608,32.2043598365,0.300317498877,0.56203276615,0.957204826031,2.9053164021,0.0,0.0,0.0
2969,3.73170177576,2.31165572525,24.5854203928,1.10845227621,0.677993125341,32.1984162041,0.29857044597,0.561314284656,0.957711866697,2.90691055893,0.0,0.0,0.0
2970,3.7329586642,2.3102072596,24.6069474851,1.10795409923,0.677568300081,32.1924603061,0.296827296708,0.560596293263,0.95821475819,2.90849926741,0.0,0.0,0.0
2971,3.73421555264,2.30875789954,24.6284960375,1.10745789273,0.677143212494,32.186492145,0.29508804456,0.559878796383,0.958713521295,2.91008253715,0.0,0.0,0.0
2972,3.73547244108,2.30730765411,24.6500659597,1.1069636535,0.676717865237,32.1805117234,0.293352682985,0.559161798394,0.959208176752,2.91166037778,0.0,0.0,0.0
2973,3.73672932951,2.30585653238,24.6716571616,1.10647137831,0.676292260965,32.174519044,0.29162120543,0.55844530364,0.959698745254,2.91323279894,0.0,0.0,0.0
2974,3.73798621795,2.30440454337,24.6932695532,1.10598106395,0.678173113574,32.1685141093,0.289893605331,0.560877888188,0.960137065066,2.91400052996,0.0,0.0,0.0
2975,3.73924310639,2.30295169609,24.714903045,1.10549270718,0.677745548909,32.162496922,0.288169876113,0.560156309428,0.960619969515,2.91556795017,0.0,0.0,0.0
2976,3.74049999483,2.30149799953,24.7365575475,1.10500630477,0.677317734306,32.1564674848,0.286450011192,0.559435256453,0.961098847311,2.91712995412,0.0,0.0,0.0
2977,3.74175688327,2.30004346267,24.7582329713,1.10452185347,0.676889672408,32.1504258002,0.284734003973,0.558714733501,0.961573718937,2.91868655169,0.0,0.0,0.0
2978,3.74301377171,2.29858809447,24.7799292273,1.10403935005,0.67646136585,32.1443718709,0.28302184785,0.557994744775,0.962044604833,2.92023775276,0.0,0.0,0.0
2979,3.74427066015,2.29713190386,24.8016462267,1.10355879126,0.676032817263,32.1383056996,0.281313536208,0.557275294446,0.962511525389,2.92178356722,0.0,0.0,0.0
2980,3.74552754859,2.29567489976,24.8233838807,1.10308017383,0.677902002136,32.1322272889,0.279609062423,0.559682224384,0.962929546852,2.92255912081,0.0,0.0,0.0
2981,3.74678443703,2.29421709108,24.8451421008,1.10260349451,0.67747151809,32.1261366414,0.27790841986,0.55895776887,0.963389028369,2.9240998487,0.0,0.0,0.0
2982,3.74804132547,2.29275848669,24.8669207988,1.10212875004,0.677040799077,32.1200337598,0.276211601878,0.558233874075,0.963844603906,2.92563519466,0.0,0.0,0.0
2983,3.74929821391,2.29129909546,24.8887198864,1.10165593715,0.676609847713,32.1139186469,0.274518601824,0.557510544062,0.964296293638,2.92716516879,0.0,0.0,0.0
2984,3.75055510235,2.28983892623,24.9105392758,1.10118505257,0.67617866661,32.1077913052,0.272829413038,0.556787782859,0.964744117692,2.92868978119,0.0,0.0,0.0
2985,3.75181199078,2.28837798784,24.9323788793,1.10071609302,0.675747258374,32.1016517374,0.271144028851,0.556065594463,0.965188096145,2.930209042,0.0,0.0,0.0
2986,3.75306887922,2.28691628907,24.9542386093,1.10024905522,0.677604831094,32.0954999463,0.269462442585,0.558446937759,0.965586372291,2.9309915801,0.0,0.0,0.0
2987,3.75432576766,2.28545383874,24.9761183785,1.09978393589,0.677171512475,32.0893359345,0.267784647555,0.557719823629,0.966023133344,2.93250567722,0.0,0.0,0.0
2988,3.7555826561,2.28399064559,24.9980180997,1.09932073173,0.676737973765,32.0831597047,0.266110637068,0.556993304384,0.966456107186,2.93401442879,0.0,0.0,0.0
2989,3.75683954454,2.28252671838,25.0199376861,1.09885943947,0.676304217557,32.0769712596,0.264440404424,0.556267383911,0.966885313674,2.93551784512,0.0,0.0,0.0
2990,3.75809643298,2.28106206585,25.0418770508,1.09840005579,0.675870246436,32.070770602,0.262773942914,0.555542066064,0.967310772614,2.93701593653,0.0,0.0,0.0
2991,3.75935332142,2.2795966967,25.0638361073,1.09794257741,0.675436062985,32.0645577345,0.261111245823,0.554817354664,0.967732503761,2.93850871335,0.0,0.0,0.0
2992,3.76061020986,2.27813061963,25.0858147692,1.09748700102,0.677282080802,32.0583326599,0.259452306429,0.557173190041,0.968111581965,2.93929743865,0.0,0.0,0.0
2993,3.7618670983,2.27666384331,25.1078129505,1.09703332331,0.676846012165,32.0520953808,0.257797118002,0.556443632896,0.968526313841,2.94078498269,0.0,0.0,0.0
2994,3.76312398674,2.27519637638,25.1298305651,1.09658154098,0.676409738215,32.0458459001,0.256145673806,0.555714704018,0.968937375319,2.94226721948,0.0,0.0,0.0
2995,3.76438087518,2.2737282275,25.1518675272,1.09613165071,0.675973261518,32.0395842204,0.254497967101,0.554986407118,0.96934478593,2.94374415952,0.0,0.0,0.0
2996,3.76563776361,2.27225940526,25.1739237513,1.09568364919,0.675536584637,32.0333103445,0.252853991136,0.554258745874,0.969748565152,2.94521581331,0.0,0.0,0.0
2997,3.76689465205,2.27078991826,25.195999152,1.0952375331,0.677372773099,32.0270242752,0.251213739158,0.55659458501,0.970112196428,2.94600998372,0.0,0.0,0.0
2998,3.76815154049,2.26931977509,25.2180936441,1.09479329912,0.676934231892,32.0207260151,0.249577204407,0.555862140474,0.970509153752,2.94747634535,0.0,0.0,0.0
2999,3.76940842893,2.26784898429,25.2402071426,1.09435094393,0.676495497499,32.0144155671,0.247944380116,0.555130353222,0.97090253624,2.94893742914,0.0,0.0,0.0
3000,3.77066531737,2.26637755439,25.2623395627,1.0939104642,0.676056572466,32.0080929339,0.246315259515,0.55439922682,0.971292363143,2.95039324576,0.0,0.0,0.0
3001,3.77192220581,2.26490549393,25.2844908198,1.0934718566,0.675617459334,32.0017581183,0.244689835827,0.553668764805,0.971678653658,2.95184380587,0.0,0.0,0.0
3002,3.77317909425,2.26343281138,25.3066608295,1.09303511781,0.675178160636,31.995411123,0.24306810227,0.552938970677,0.972061426929,2.95328912017,0.0,0.0,0.0
3003,3.77443598269,2.26195951523,25.3288495075,1.09260024448,0.677002902634,31.9890519509,0.241450052057,0.555249441178,0.972406837901,2.9540880935,0.0,0.0,0.0
3004,3.77569287113,2.26048561394,25.3510567699,1.09216723328,0.676561765009,31.9826806047,0.239835678399,0.554514944658,0.972783000743,2.95552806031,0.0,0.0,0.0
3005,3.77694975957,2.25901111593,25.3732825328,1.09173608087,0.676120448789,31.9762970872,0.238224974498,0.553781137371,0.973155701862,2.95696279086,0.0,0.0,0.0
3006,3.77820664801,2.25753602962,25.3955267126,1.09130678392,0.675678956491,31.9699014012,0.236617933555,0.553048022707,0.973524960171,2.95839229596,0.0,0.0,0.0
3007,3.77946353645,2.25606036342,25.4177892258,1.09087933908,0.675237290631,31.9634935496,0.235014548766,0.552315604025,0.973890794527,2.95981658644,0.0,0.0,0.0
3008,3.78072042488,2.25458412569,25.4400699892,1.09045374301,0.674795453713,31.957073535,0.233414813323,0.551583884652,0.974253223734,2.96123567315,0.0,0.0,0.0
3009,3.78197731332,2.25310732479,25.4623689197,1.09002999236,0.67660881092,31.9506413604,0.231818720413,0.553869094036,0.974580943005,2.96203875765,0.0,0.0,0.0
3010,3.78323420176,2.25162996906,25.4846859345,1.08960808378,0.676165160549,31.9441970285,0.230226263221,0.553132753455,0.974936969447,2.9634524484,0.0,0.0,0.0
3011,3.7844910902,2.25015206681,25.5070209508,1.08918801393,0.675721346059,31.9377405423,0.228637434928,0.552397133233,0.975289645216,2.96486094599,0.0,0.0,0.0
3012,3.78574797864,2.24867362633,25.5293738861,1.08876977945,0.675277369939,31.9312719044,0.227052228712,0.551662236583,0.97563898888,2.96626426139,0.0,0.0,0.0
3013,3.78700486708,2.2471946559,25.5517446583,1.088353377,0.674833234675,31.9247911177,0.225470637747,0.55092806669,0.975985018951,2.96766240558,0.0,0.0,0.0
3014,3.78826175552,2.24571516377,25.5741331851,1.08793880321,0.676636905864,31.9182981852,0.223892655204,0.553193419125,0.976298506345,2.96846922149,0.0,0.0,0.0
3015,3.78951864396,2.24423515817,25.5965393847,1.08752605474,0.676190978252,31.9117931096,0.222318274254,0.552454691735,0.9766383023,2.96986192717,0.0,0.0,0.0
3016,3.7907755324,2.24275464732,25.6189631754,1.08711512823,0.675744898406,31.9052758937,0.220747488061,0.551716711927,0.976974838261,2.97124947314,0.0,0.0,0.0
3017,3.79203242084,2.24127363941,25.6414044756,1.08670602031,0.675298668795,31.8987465405,0.21918028979,0.55097948277,0.977308132506,2.9726318705,0.0,0.0,0.0
3018,3.79328930928,2.23979214261,25.6638632039,1.08629872764,0.674852291881,31.8922050528,0.217616672603,0.550243007303,0.977638203256,2.97400913034,0.0,0.0,0.0
3019,3.79454619771,2.23831016506,25.6863392794,1.08589324686,0.674405770118,31.8856514335,0.216056629658,0.549507288535,0.977965068676,2.97538126379,0.0,0.0,0.0
3020,3.79580308615,2.23682771491,25.7088326208,1.08548957459,0.676198172732,31.8790856854,0.214500154113,0.551747570356,0.978261805236,2.97619098858,0.0,0.0,0.0
3021,3.79705997459,2.23534480025,25.7313431476,1.08508770749,0.675749884216,31.8725078114,0.212947239124,0.551007375737,0.978582637107,2.97755764677,0.0,0.0,0.0
3022,3.79831686303,2.23386142918,25.7538707792,1.08468764219,0.675301457726,31.8659178145,0.211397877844,0.550267958327,0.97890031618,2.97891919099,0.0,0.0,0.0
3023,3.79957375147,2.23237760975,25.776415435,1.08428937533,0.674852895699,31.8593156975,0.209852063426,0.54952932102,0.979214860382,2.98027563247,0.0,0.0,0.0
3024,3.80083063991,2.23089335003,25.7989770351,1.08389290354,0.674404200567,31.8527014632,0.208309789022,0.54879146668,0.979526287583,2.98162698244,0.0,0.0,0.0
3025,3.80208752835,2.22940865803,25.8215554992,1.08349822347,0.673955374758,31.8460751147,0.206771047781,0.548054398142,0.979834615598,2.9829732521,0.0,0.0,0.0
3026,3.80334441679,2.22792354176,25.8441507477,1.08310533174,0.675736574379,31.8394366547,0.205235832851,0.550269742535,0.980115107368,2.98378528593,0.0,0.0,0.0
3027,3.80460130523,2.2264380092,25.8667627009,1.082714225,0.675286007446,31.8327860863,0.203704137382,0.549528279845,0.980417598423,2.9851260494,0.0,0.0,0.0
3028,3.80585819367,2.22495206832,25.8893912793,1.08232489987,0.674835316667,31.8261234124,0.202175954521,0.548787623141,0.980717041749,2.9864617459,0.0,0.0,0.0
3029,3.80711508211,2.22346572705,25.9120364036,1.081937353,0.67438450445,31.8194486358,0.200651277413,0.548047775143,0.98101345492,2.98779238675,0.0,0.0,0.0
3030,3.80837197054,2.22197899331,25.9346979949,1.08155158103,0.673933573196,31.8127617595,0.199130099206,0.547308738543,0.981306855455,2.98911798328,0.0,0.0,0.0
3031,3.80962885898,2.22049187501,25.9573759742,1.08116758057,0.675705239885,31.8060627864,0.197612413045,0.549504430648,0.981574282027,2.98993225705,0.0,0.0,0.0
3032,3.81088574742,2.21900438001,25.9800702629,1.08078534828,0.675252588757,31.7993517195,0.196098212077,0.548761064298,0.98186200507,2.99125231923,0.0,0.0,0.0
3033,3.81214263586,2.21751651619,26.0027807823,1.08040488078,0.674799825391,31.7926285617,0.194587489446,0.54801852928,0.98214676604,2.99256735114,0.0,0.0,0.0
3034,3.8133995243,2.21602829137,26.0255074543,1.08002617471,0.674346952173,31.785893316,0.193080238299,0.547276828171,0.982428582213,2.99387736419,0.0,0.0,0.0
3035,3.81465641274,2.21453971337,26.0482502007,1.07964922671,0.673893971479,31.7791459853,0.191576451782,0.546535963519,0.98270747081,2.99518236983,0.0,0.0,0.0
3036,3.81591330118,2.21305078997,26.0710089434,1.07927403341,0.673440885681,31.7723865726,0.190076123041,0.545795937841,0.982983448994,2.99648237945,0.0,0.0,0.0
3037,3.81717018962,2.21156152896,26.0937836049,1.07890059145,0.675201472442,31.7656150809,0.188579245225,0.547966928596,0.98323552892,2.99729791874,0.0,0.0,0.0
3038,3.81842707806,2.21007193808,26.1165741074,1.07852889747,0.674746692443,31.7588315131,0.187085811479,0.547222654919,0.983506018863,2.99859237308,0.0,0.0,0.0
3039,3.8196839665,2.20858202505,26.1393803736,1.0781589481,0.674291814093,31.7520358722,0.185595814954,0.546479239809,0.983773647876,2.99988184625,0.0,0.0,0.0
3040,3.82094085494,2.2070917976,26.1622023263,1.07779073997,0.673836839744,31.7452281613,0.184109248799,0.545736685672,0.984038432879,3.00116634974,0.0,0.0,0.0
3041,3.82219774338,2.20560126339,26.1850398885,1.07742426974,0.673381771744,31.7384083832,0.182626106163,0.544994994885,0.984300390739,3.00244589506,0.0,0.0,0.0
3042,3.82345463181,2.20411043011,26.2078929833,1.07705953403,0.672926612432,31.731576541,0.1811463802,0.544254169794,0.984559538263,3.0037204937,0.0,0.0,0.0
3043,3.82471152025,2.20261930538,26.2307615341,1.07669652949,0.674676188264,31.7247326377,0.179670064061,0.546400614969,0.984796752474,3.00453677892,0.0,0.0,0.0
3044,3.82596840869,2.20112789683,26.2536454644,1.07633525276,0.67421936042,31.7178766763,0.178197150902,0.545655623471,0.985050596946,3.00580580632,0.0,0.0,0.0
3045,3.82722529713,2.19963621206,26.2765446979,1.07597570048,0.673762447967,31.7110086598,0.17672763388,0.544911516914,0.985301679483,3.00706990261,0.0,0.0,0.0
3046,3.82848218557,2.19814425864,26.2994591585,1.07561786929,0.673305453228,31.7041285913,0.17526150615,0.544168297531,0.98555001665,3.00832907935,0.0,0.0,0.0
3047,3.82973907401,2.19665204414,26.3223887704,1.07526175584,0.672848378516,31.6972364737,0.173798760875,0.543425967531,0.985795624958,3.00958334813,0.0,0.0,0.0
3048,3.83099596245,2.19515957609,26.3453334577,1.07490735676,0.674588583066,31.6903323101,0.172339391214,0.545553023355,0.986020885562,3.01040057615,0.0,0.0,0.0
3049,3.83225285089,2.193666862,26.3682931449,1.07455466871,0.674129861118,31.6834161035,0.170883390332,0.544806591523,0.986261340884,3.0116492578,0.0,0.0,0.0
3050,3.83350973933,2.19217390936,26.3912677566,1.07420368833,0.673671065863,31.676487857,0.169430751395,0.544061068045,0.98649911485,3.01289304764,0.0,0.0,0.0
3051,3.83476662777,2.19068072564,26.4142572177,1.07385441228,0.673212199595,31.6695475735,0.16798146757,0.543316455014,0.986734223729,3.01413195732,0.0,0.0,0.0
3052,3.83602351621,2.18918731829,26.4372614531,1.07350683719,0.672753264605,31.6625952563,0.166535532029,0.542572754497,0.98696668373,3.01536599848,0.0,0.0,0.0
3053,3.83728040464,2.18769369474,26.460280388,1.07316095972,0.672294263173,31.6556309083,0.165092937945,0.541829968533,0.987196511007,3.01659518274,0.0,0.0,0.0
3054,3.83853729308,2.18619986239,26.4833139478,1.07281677653,0.674023585819,31.6486545325,0.163653678494,0.543932754878,0.987407757427,3.01741225211,0.0,0.0,0.0
3055,3.83979418152,2.18470582862,26.506362058,1.07247428426,0.673562962795,31.6416661321,0.162217746854,0.543185948358,0.987632609489,3.01863584181,0.0,0.0,0.0
3056,3.84105106996,2.18321160079,26.5294246443,1.07213347958,0.673102279941,31.6346657102,0.160785136206,0.542440075001,0.987854875252,3.01985459141,0.0,0.0,0.0
3057,3.8423079584,2.18171718625,26.5525016326,1.07179435913,0.672641539521,31.6276532697,0.159355839736,0.541695136733,0.988074570631,3.02106851261,0.0,0.0,0.0
3058,3.84356484684,2.1802225923,26.575592949,1.07145691958,0.67218074379,31.6206288139,0.15792985063,0.540951135455,0.988291711482,3.02227761709,0.0,0.0,0.0
3059,3.84482173528,2.17872782625,26.5986985197,1.07112115759,0.673900803725,31.6135923457,0.156507162081,0.543034722609,0.988491690502,3.02309487693,0.0,0.0,0.0
3060,3.84607862372,2.17723289536,26.6218182712,1.07078706981,0.673438407685,31.6065438683,0.155087767281,0.542286765252,0.988704000102,3.024298378,0.0,0.0,0.0
3061,3.84733551216,2.1757378069,26.64495213,1.07045465292,0.672975962904,31.5994833848,0.153671659428,0.541539763213,0.988913800706,3.02549707967,0.0,0.0,0.0
3062,3.8485924006,2.17424256808,26.668100023,1.07012390358,0.672513471618,31.5924108983,0.152258831725,0.540793718278,0.989121107933,3.02669099371,0.0,0.0,0.0
3063,3.84984928904,2.17274718611,26.6912618771,1.06979481845,0.672050936055,31.5853264119,0.150849277374,0.540048632211,0.989325937342,3.02788013185,0.0,0.0,0.0
3064,3.85110617748,2.17125166819,26.7144376195,1.06946739421,0.67158835844,31.5782299287,0.149442989585,0.539304506747,0.989528304434,3.02906450582,0.0,0.0,0.0
3065,3.85236306591,2.16975602147,26.7376271775,1.06914162753,0.673297668929,31.5711214519,0.148039961571,0.541364123858,0.989715089561,3.02988078334,0.0,0.0,0.0
3066,3.85361995435,2.1682602531,26.7608304786,1.06881751508,0.672833516581,31.5640009845,0.146640186547,0.540616123053,0.989912795762,3.03105955414,0.0,0.0,0.0
3067,3.85487684279,2.16676437019,26.7840474504,1.06849505353,0.672369328692,31.5568685298,0.145243657734,0.539869100808,0.990108084112,3.03223357865,0.0,0.0,0.0
3068,3.85613373123,2.16526837985,26.8072780209,1.06817423957,0.671905107463,31.5497240908,0.143850368357,0.539123058745,0.990300969875,3.03340286865,0.0,0.0,0.0
3069,3.85739061967,2.16377228914,26.8305221179,1.06785506987,0.671440855092,31.5425676708,0.142460311643,0.538377998464,0.990491468258,3.03456743592,0.0,0.0,0.0
3070,3.85864750811,2.16227610513,26.8537796699,1.06753754112,0.673141014305,31.5353992727,0.141073480827,0.540418626679,0.990667646922,3.03538321757,0.0,0.0,0.0
3071,3.85990439655,2.16077983484,26.877050605,1.06722165,0.672675208439,31.5282189,0.139689869146,0.539669755255,0.990853622299,3.03654217915,0.0,0.0,0.0
3072,3.86116128499,2.15928348528,26.9003348519,1.06690739319,0.672209377896,31.5210265555,0.138309469841,0.538921883277,0.99103725388,3.03769643633,0.0,0.0,0.0
3073,3.86241817343,2.15778706344,26.9236323393,1.0665947674,0.671743524852,31.5138222427,0.136932276161,0.538175012234,0.991218556633,3.03884600094,0.0,0.0,0.0
3074,3.86367506187,2.15629057629,26.9469429961,1.06628376931,0.671277651474,31.5066059645,0.135558281355,0.53742914359,0.991397545473,3.03999088478,1.0,616.504180541,1.49622034179
3075,3.86493195031,2.15479403076,26.9702667514,1.06597439561,0.6729687109,31.4993777243,0.13418747868,0.539450873249,0.991563407485,3.04080587143,1.0,616.509199094,1.42540335495
3076,3.86618883874,2.15329743379,26.9936035344,1.065666643,0.672501305238,31.4921375252,0.132819861398,0.538701257533,0.991738008476,3.04194514978,1.0,616.507342717,1.36316598531
3077,3.86744572718,2.15180079227,27.0169532746,1.06536050818,0.672033885663,31.4848853703,0.131455422774,0.537952661586,0.99191033826,3.04307976615,1.0,616.505483696,1.31568445842
3078,3.86870261562,2.15030411307,27.0403159014,1.06505598786,0.671566454322,31.4776212629,0.13009415608,0.53720508676,0.992080411515,3.04420973238,1.0,616.503622036,1.27574682787
3079,3.86995950406,2.14880740305,27.0636913448,1.06475307874,0.671099013355,31.4703452062,0.128736054592,0.536458534386,0.992248242862,3.0453350603,1.0,616.501757738,1.24060433091
3080,3.8712163925,2.14731066904,27.0870795347,1.06445177752,0.670631564897,31.4630572034,0.127381111592,0.535713005769,0.992413846865,3.04645576175,1.0,616.499890805,1.2088575486
3081,3.87247328094,2.14581391786,27.1104804011,1.06415208092,0.672312072948,31.4557572577,0.126029320367,0.537711224264,0.992567648831,3.04726869042,1.0,616.50488302,1.18749851132
3082,3.87373016938,2.1443171563,27.1338938743,1.06385398564,0.671843117622,31.4484453723,0.124680674209,0.536962028252,0.992729024699,3.04838379655,1.0,616.503015637,1.15977489134
3083,3.87498705782,2.14282039111,27.1573198848,1.06355748842,0.671374161161,31.4411215505,0.123335166415,0.536213872982,0.992888214883,3.04949429542,1.0,616.501145636,1.13380608994
3084,3.87624394626,2.14132362904,27.1807583633,1.06326258596,0.670905205678,31.4337857954,0.121992790291,0.535466759652,0.993045233714,3.0506001989,1.0,616.499273019,1.10929580598
3085,3.8775008347,2.13982687682,27.2042092404,1.06296927498,0.67043625328,31.4264381104,0.120653539144,0.534720689436,0.993200095467,3.05170151885,1.0,616.497397789,1.0860227847
3086,3.87875772314,2.13833014114,27.2276724472,1.06267755222,0.672107776671,31.4190784986,0.119317406289,0.536700246165,0.993344204431,3.05251305328,1.0,616.502361911,1.0695789163
3087,3.88001461157,2.13683342869,27.2511479149,1.0623874144,0.671637338523,31.4117069633,0.117984385048,0.535950572099,0.993494967216,3.05360878356,1.0,616.500486277,1.04802417988
3088,3.88127150001,2.13533674611,27.2746355746,1.06209885825,0.671166909765,31.4043235078,0.116654468748,0.535201957831,0.993643613721,3.05469994989,1.0,616.498608045,1.02732322112
3089,3.88252838845,2.13384010004,27.2981353579,1.0618118805,0.670696492483,31.3969281353,0.11532765072,0.534454404426,0.993790157988,3.05578656417,1.0,616.496727218,1.00738194193
3090,3.88378527689,2.1323434971,27.3216471965,1.06152647789,0.670226088756,31.3895208491,0.114003924303,0.533707912927,0.993934614006,3.05686863826,1.0,616.4948438,0.988122356874
3091,3.88504216533,2.13084694387,27.3451710221,1.06124264717,0.669755700654,31.3821016525,0.112683282843,0.532962484354,0.994076995704,3.05794618401,1.0,616.492957793,0.969478976389
3092,3.88629905377,2.12935044692,27.3687067667,1.06096038508,0.671416812163,31.3746705486,0.111365719691,0.534918877961,0.994209786583,3.05875500948,1.0,616.497896442,0.955861200101
3093,3.88755594221,2.1278540128,27.3922543624,1.06067968836,0.670944963565,31.3672275409,0.110051228203,0.534169924213,0.994348221818,3.05982698166,1.0,616.496010088,0.938128274805
3094,3.88881283065,2.12635764802,27.4158137416,1.06040055376,0.670473136833,31.3597726326,0.108739801744,0.533422049688,0.994484622503,3.06089444549,1.0,616.494121162,0.920878612988
3095,3.89006971909,2.12486135909,27.4393848368,1.06012297804,0.670001334017,31.3523058269,0.107431433684,0.532675255297,0.994619002342,3.06195741285,1.0,616.492229665,0.904074715632
3096,3.89132660753,2.12336515248,27.4629675805,1.05984695795,0.669529557159,31.3448271272,0.1061261174,0.531929541933,0.994751374979,3.06301589561,1.0,616.490335601,0.887683696589
3097,3.89258349597,2.12186903466,27.4865619056,1.05957249026,0.671181801317,31.3373365369,0.104823846275,0.533867526396,0.994875070535,3.06382278159,1.0,616.495246952,0.87544757672
3098,3.89384038441,2.12037301205,27.5101677451,1.05929957172,0.670708584956,31.3298340591,0.103524613698,0.533118350731,0.995003619985,3.06487570134,1.0,616.493352587,0.859680331458
3099,3.89509727284,2.11887709107,27.5337850322,1.05902819912,0.670235400742,31.3223196972,0.102228413068,0.532370272083,0.995130201159,3.06592415679,1.0,616.491455669,0.844254764812
3100,3.89635416128,2.11738127811,27.5574137,1.0587583692,0.669762250697,31.3147934546,0.100935237786,0.531623291238,0.995254827476,3.06696815983,1.0,616.489556203,0.829149563934
3101,3.89761104972,2.11588557953,27.5810536821,1.05849007876,0.669289136833,31.3072553345,0.0996450812633,0.530877408959,0.995377512301,3.06800772234,1.0,616.48765419,0.814345543517
3102,3.89886793816,2.11439000169,27.6047049122,1.05822332457,0.67093256766,31.2997053403,0.0983579369174,0.532797093416,0.995492374013,3.06881243088,1.0,616.492538621,0.803076646592
3103,3.9001248266,2.1128945509,27.628367324,1.0579581034,0.670458035227,31.2921434753,0.0970737981724,0.532047811413,0.9956113563,3.06984644306,1.0,616.490636352,0.788732877147
3104,3.90138171504,2.11139923347,27.6520408514,1.05769441206,0.669983545111,31.2845697429,0.0957926584594,0.531299643659,0.995728435183,3.07087603531,1.0,616.488731553,0.796149294646
3105,3.90263860348,2.10990405567,27.6757254287,1.05743224731,0.669509099303,31.2769841464,0.094514511217,0.530552590814,0.995843623803,3.07190121952,1.0,616.486824225,0.809990667673
3106,3.90389549192,2.10840902376,27.6994209901,1.05717160596,0.669034699789,31.2693866892,0.0932393498906,0.529806653518,0.995956935243,3.07292200755,1.0,616.484914374,0.823599891428
3107,3.90515238036,2.10691414398,27.72312747,1.0569124848,0.668560348548,31.2617773746,0.0919671679332,0.529061832388,0.996068382532,3.07393841128,1.0,616.483002,0.836988287433
3108,3.9064092688,2.10541942255,27.746844803,1.05665488064,0.670193574495,31.254156206,0.0906979588048,0.53095887546,0.996172946375,3.07473956328,1.0,616.487862192,0.847402315902
3109,3.90766615724,2.10392486564,27.770572924,1.05639879027,0.669717829654,31.2465231867,0.0894317159729,0.53021073161,0.996280833408,3.07575044042,1.0,616.485949618,0.860451259471
3110,3.90892304567,2.10243047943,27.7943117679,1.0561442105,0.66924213915,31.2388783202,0.0881684329124,0.529463719217,0.996386893386,3.07675695416,1.0,616.484034538,0.873305750092
3111,3.91017993411,2.10093627008,27.8180612697,1.05589113815,0.668766504939,31.2312216099,0.0869081031057,0.528717838797,0.996491139116,3.07775911637,1.0,616.482116955,0.885974251648
3112,3.91143682255,2.09944224369,27.8418213648,1.05563957003,0.668290928972,31.223553059,0.0856507200427,0.527973090845,0.996593583351,3.0787569389,1.0,616.480196871,0.898464632011
3113,3.91269371099,2.09794840637,27.8655919884,1.05538950296,0.669915461638,31.215872671,0.084396277221,0.529852107004,0.996689873647,3.07955543969,1.0,616.485030904,0.908349808578
3114,3.91395059943,2.09645476421,27.8893730763,1.05514093376,0.669438512841,31.2081804493,0.0831447681457,0.52910409804,0.99678887256,3.08054775253,1.0,616.483110664,0.920566088308
3115,3.91520748787,2.09496132327,27.9131645641,1.05489385926,0.668961628294,31.2004763973,0.0818961863297,0.528357236525,0.996886106258,3.08153574686,1.0,616.481187939,0.932622934516
3116,3.91646437631,2.09346808957,27.9369663877,1.05464827629,0.668484809927,31.1927605185,0.0806505252937,0.527611522853,0.996981587273,3.08251943454,1.0,616.479262733,0.94452645551
3117,3.91772126475,2.09197506914,27.9607784832,1.05440418169,0.668008059658,31.1850328161,0.0794077785662,0.526866957397,0.997075328085,3.08349882742,1.0,616.477335047,0.956282380154
3118,3.91897815319,2.09048226796,27.9846007868,1.05416157229,0.667531379403,31.1772932937,0.0781679396834,0.526123540514,0.99716734112,3.08447393733,1.0,616.475404886,0.967896090117
3119,3.92023504163,2.08898969201,28.0084332349,1.05392044494,0.669145851833,31.1695419547,0.0769310021897,0.527980299739,0.997253997578,3.08526837199,1.0,616.480215483,0.977273145948
3120,3.92149193007,2.08749734724,28.0322757639,1.05368079649,0.668667823477,31.1617788025,0.0756969596373,0.527233697484,0.997342700735,3.08623800049,1.0,616.478285221,0.988668469983
3121,3.92274881851,2.08600523957,28.0561283106,1.05344262379,0.668189871069,31.1540038405,0.0744658055865,0.52648825839,0.997429711426,3.08720336743,1.0,616.476352498,0.999934590841
3122,3.92400570694,2.0845133749,28.0799908118,1.05320592368,0.667711996502,31.1462170723,0.0732375336057,0.525743982712,0.997515041859,3.08816448466,1.0,616.474417318,1.0110758334
3123,3.92526259538,2.08302175913,28.1038632045,1.05297069304,0.667234201659,31.1384185011,0.0720121372712,0.525000870687,0.99759870419,3.08912136398,1.0,616.472479683,1.02209628754
3124,3.92651948382,2.0815303981,28.1277454259,1.05273692873,0.668840102423,31.1306081305,0.0707896101678,0.526839887963,0.997677621943,3.08991271807,1.0,616.477264861,1.031141452
3125,3.92777637226,2.08003929766,28.1516374132,1.05250462761,0.66836098006,31.122785964,0.0695699458884,0.526093651293,0.997758083758,3.09086413665,1.0,616.475327169,1.04197708876
3126,3.9290332607,2.07854846363,28.1755391039,1.05227378656,0.667881943299,31.114952005,0.0683531380341,0.525348592552,0.997836911989,3.09181133897,1.0,616.473387037,1.05270194208
3127,3.93029014914,2.0770579018,28.1994504356,1.05204440246,0.667402994002,31.107106257,0.0671391802144,0.524604711881,0.997914118575,3.09275433682,1.0,616.471444469,1.06331937251
3128,3.93154703758,2.07556761795,28.2233713462,1.05181647218,0.666924134024,31.0992487235,0.0659280660472,0.523862009398,0.997989715408,3.09369314202,1.0,616.469499468,1.07383257521
3129,3.93280392602,2.07407761781,28.2473017734,1.05158999261,0.668521518978,31.0913794079,0.0647197891586,0.525683408243,0.998061128034,3.09448122796,1.0,616.474259578,1.08260177785
3130,3.93406081446,2.07258790714,28.2712416555,1.05136496064,0.668041351973,31.0834983137,0.0635143431835,0.524937641408,0.998133631241,3.09541459473,1.0,616.472314562,1.09295631533
3131,3.9353177029,2.07109849162,28.2951909305,1.05114137317,0.667561280106,31.0756054444,0.0623117217651,0.524193066727,0.998204558428,3.09634379067,1.0,616.470367128,1.10321451907
3132,3.93657459134,2.06960937696,28.319149537,1.05091922709,0.667081305209,31.0677008036,0.0611119185551,0.523449684225,0.998273921271,3.09726882758,1.0,616.468417279,1.11337906269
3133,3.93783147977,2.0681205688,28.3431174135,1.05069851931,0.666601429107,31.0597843947,0.0599149272138,0.522707493907,0.998341731397,3.09818971724,1.0,616.466465019,1.12345249963
3134,3.93908836821,2.0666320728,28.3670944985,1.05047924673,0.66612165362,31.0518562213,0.0587207414103,0.521966495762,0.998408000378,3.0991064714,1.0,616.464510349,1.13343727059
3135,3.94034525665,2.06514389458,28.3910807311,1.05026140627,0.667709191658,31.0439162868,0.0575293548223,0.523766205354,0.998470688437,3.0998898309,1.0,616.469248173,1.14192546475
3136,3.94160214509,2.06365603973,28.4150760501,1.05004499484,0.667228133483,31.0359645948,0.056340761136,0.523022216361,0.998533989634,3.10080118074,1.0,616.467293543,1.15177636024
3137,3.94285903353,2.06216851383,28.4390803947,1.04983000936,0.666747181666,31.0280011488,0.0551549540466,0.522279433117,0.998595782491,3.10170841711,1.0,616.46533652,1.16154468175
3138,3.94411592197,2.06068132244,28.4630937042,1.04961644676,0.666266338003,31.0200259523,0.0539719272581,0.521537855516,0.998656078373,3.10261155174,1.0,616.463377106,1.17123250903
3139,3.94537281041,2.05919447109,28.487115918,1.04940430397,0.665785604282,31.0120390089,0.0527916744831,0.520797483434,0.998714888594,3.10351059639,1.0,616.461415305,1.18084183729
3140,3.94662969885,2.05770796529,28.5111469758,1.04919357792,0.667364750013,31.0040403221,0.0516141894433,0.522579874555,0.99877057032,3.1042903173,1.0,616.466128769,1.18914053622
3141,3.94788658729,2.05622181053,28.5351868172,1.04898426556,0.666882753876,30.9960298955,0.0504394658692,0.521836570789,0.998826514301,3.10518398315,1.0,616.464167049,1.19863228365
3142,3.94914347573,2.05473601229,28.5592353822,1.04877636382,0.666400873364,30.9880077326,0.0492674975004,0.521094485809,0.998881004667,3.10607358119,1.0,616.462202957,1.20805055018
3143,3.95040036417,2.053250576,28.5832926107,1.04856986965,0.665919110244,30.9799738371,0.0480982780851,0.520353619398,0.998934052525,3.10695912313,1.0,616.460236496,1.21739705743
3144,3.95165725261,2.0517655071,28.6073584431,1.04836478001,0.665437466276,30.9719282123,0.046931801381,0.519613971323,0.998985668932,3.10784062069,1.0,616.458267668,1.22667346225
3145,3.95291414104,2.05028081099,28.6314328196,1.04816109186,0.66700827635,30.963870862,0.0457680611545,0.521379174165,0.999034561974,3.10861654108,1.0,616.46295711,1.23481077866
3146,3.95417102948,2.04879649304,28.6555156807,1.04795880215,0.666525390132,30.9558017897,0.0446070511813,0.520636653073,0.999083411322,3.10949268677,1.0,616.460988406,1.2439831462
3147,3.95542791792,2.04731255863,28.679606967,1.04775790786,0.666042628688,30.947720999,0.043448765246,0.519895363273,0.999130860516,3.11036481038,1.0,616.459017351,1.25308960808
3148,3.95668480636,2.04582901309,28.7037066192,1.04755840595,0.665559993753,30.9396284934,0.0422931971426,0.519155304442,0.999176920411,3.11123292363,1.0,616.457043947,1.26213160958
3149,3.9579416948,2.04434586175,28.7278145785,1.0473602934,0.665077487058,30.9315242766,0.0411403406742,0.518416476239,0.999221601811,3.11209703817,1.0,616.455068199,1.2711105454
3150,3.95919858324,2.04286310988,28.7519307857,1.04716356719,0.666640018337,30.9234083522,0.0399901896529,0.520164622923,0.999263918992,3.11286900363,1.0,616.45973395,1.2791101019
3151,3.96045547168,2.04138076278,28.7760551821,1.04696822432,0.666156289454,30.9152807238,0.0388427379004,0.519422979853,0.999305930184,3.11372779454,1.0,616.457758367,1.28799642476
3152,3.96171236012,2.0398988257,28.8001877091,1.04677426176,0.665672694369,30.9071413949,0.0376979792476,0.518682580059,0.99934659344,3.1145826092,1.0,616.455780454,1.29682323891
3153,3.96296924856,2.03841730386,28.8243283081,1.04658167651,0.665189234791,30.8989903693,0.0365559075345,0.51794342311,0.999385919364,3.11543345926,1.0,616.453800214,1.30559177267
3154,3.964226137,2.03693620249,28.8484769208,1.04639046558,0.664705912419,30.8908276505,0.0354165166106,0.51720550856,0.999423918512,3.11628035637,1.0,616.451817651,1.31430321422
3155,3.96548302544,2.03545552676,28.8726334891,1.04620062597,0.664222728948,30.8826532421,0.0342798003348,0.51646883595,0.999460601387,3.11712331215,1.0,616.449832767,1.32295871345
3156,3.96673991387,2.03397528185,28.8967979548,1.04601215469,0.665775697351,30.8744671478,0.0331457525753,0.518196061212,0.999495291385,3.11788982271,1.0,616.454477681,1.33081376365
3157,3.96799680231,2.0324954729,28.9209702599,1.04582504875,0.665291315443,30.8662693713,0.0320143672099,0.517456644154,0.999529417938,3.11872749528,1.0,616.452493015,1.33938831521
3158,3.96925369075,2.03101610504,28.9451503469,1.04563930518,0.664807077917,30.8580599161,0.0308856381256,0.516718481301,0.999562257905,3.11956124909,1.0,616.450506044,1.34790988065
3159,3.97051057919,2.02953718338,28.9693381579,1.04545492099,0.664322986442,30.849838786,0.0297595592192,0.515981572105,0.999593821594,3.12039109572,1.0,616.44851677,1.35637948308
3160,3.97176746763,2.028058713,28.9935336355,1.04527189322,0.663839042683,30.8416059845,0.0286361243968,0.515245916003,0.999624119265,3.12121704676,1.0,616.446525196,1.36479811472
3161,3.97302435607,2.02658069896,29.0177367224,1.0450902189,0.665383857599,30.8333615154,0.027515327574,0.516956400546,0.999652686848,3.12197930005,1.0,616.45114709,1.37255649137
3162,3.97428124451,2.0251031463,29.0419473613,1.04490989507,0.664898735204,30.8251053823,0.0263971626761,0.51621805686,0.999680520024,3.12279999871,1.0,616.449155776,1.3809023731
3163,3.97553813295,2.02362606004,29.0661654952,1.04473091877,0.664413765943,30.8168375888,0.0252816236379,0.51548097823,0.999707116156,3.12361682444,1.0,616.447162177,1.38919985231
3164,3.97679502139,2.02214944519,29.0903910671,1.04455328706,0.663928951456,30.8085581388,0.024168704404,0.514745164005,0.999732485309,3.1244297888,1.0,616.445166297,1.39744981845
3165,3.97805190983,2.02067330671,29.1146240203,1.04437699699,0.663444293377,30.8002670357,0.0230583989283,0.514010613522,0.999756637501,3.12523890333,1.0,616.443168139,1.40565313578
3166,3.97930879827,2.01919764957,29.138864298,1.04420204561,0.664981012197,30.7919642835,0.0219507011747,0.515704494449,0.999779280342,3.12599676711,1.0,616.447767331,1.41332974008
3167,3.9805656867,2.0177224787,29.1631118439,1.04402842999,0.664495195165,30.7836498856,0.0208456051165,0.514967312682,0.999801057654,3.1268006612,1.0,616.445769472,1.42146749264
3168,3.98182257514,2.01624779902,29.1873666014,1.0438561472,0.664009539894,30.7753238459,0.019743104737,0.514231406315,0.999821646275,3.1276007282,1.0,616.44376935,1.42956084926
3169,3.98307946358,2.01477361542,29.2116285145,1.04368519431,0.663524047998,30.766986168,0.018643194029,0.513496774599,0.999841056034,3.12839697964,1.0,616.441766968,1.43761059006
3170,3.98433635202,2.01329993277,29.2358975269,1.04351556841,0.66303872108,30.7586368557,0.0175458669951,0.512763416774,0.99985929671,3.129189427,1.0,616.439762329,1.44561747433
3171,3.98559324046,2.01182675593,29.2601735828,1.04334726656,0.662553560739,30.7502759127,0.0164511176477,0.512031332064,0.999876378035,3.12997808176,1.0,616.437755437,1.45358224143
3172,3.9868501289,2.01035408973,29.2844566262,1.04318028588,0.664080935016,30.7419033426,0.015358940009,0.513704899218,0.999892161148,3.13073003545,1.0,616.442334835,1.46117326218
3173,3.98810701734,2.00888193897,29.3087466016,1.04301462344,0.66359463897,30.7335191493,0.0142693281111,0.512970251074,0.999906972876,3.13151351412,1.0,616.440328293,1.46908008098
3174,3.98936390578,2.00741030846,29.3330434534,1.04285027635,0.663108514775,30.7251233365,0.0131822759958,0.512236887331,0.999920652695,3.132293223,1.0,616.438319513,1.47694672707
3175,3.99062079422,2.00593920294,29.3573471261,1.04268724171,0.662622564005,30.7167159078,0.0120977777147,0.511504807132,0.999933210148,3.13306917354,1.0,616.436308497,1.48477387288
3176,3.99187768266,2.00446862719,29.3816575646,1.04252551662,0.662136788229,30.7082968671,0.0110158273295,0.510774009607,0.999944654734,3.13384137717,1.0,616.434295249,1.49256217423
3177,3.9931345711,2.00299858591,29.4059747136,1.04236509822,0.663656192591,30.6998662181,0.00993641891156,0.51243129707,0.99995493363,3.13458868449,1.0,616.438852588,1.5000990819
3178,3.99439145954,2.00152908382,29.4302985182,1.0422059836,0.663169300508,30.6914239646,0.0088595465423,0.511697991034,0.999964193467,3.13535574613,1.0,616.436839731,1.50783499176
3179,3.99564834797,2.0000601256,29.4546289234,1.04204816991,0.662682588627,30.6829701103,0.007785204313,0.510965978658,0.999972367202,3.13611908374,1.0,616.434824656,1.51553379584
3180,3.99690523641,1.99859171593,29.4789658747,1.04189165426,0.662196058494,30.674504659,0.00671338632489,0.510235258993,0.999979464148,3.1368787087,1.0,616.432807367,1.52319609412
3181,3.99816212485,1.99712385944,29.5033093173,1.0417364338,0.661709711649,30.6660276144,0.00564408668917,0.509505831075,0.999985493572,3.1376346324,1.0,616.430787866,1.53082247264
3182,3.99941901329,1.99565656076,29.5276591967,1.04158250566,0.663221203831,30.6575389804,0.00457729952702,0.511146979758,0.99999045146,3.13837718096,1.0,616.435323451,1.53831598188
3183,4.00067590173,1.99418982449,29.5520154588,1.04142986698,0.662733759945,30.6490387607,0.00351301896959,0.510415097647,0.999994378885,3.13912799772,1.0,616.433304382,1.54589499237
3184,4.00193279017,1.99272365521,29.5763780492,1.04127851492,0.662246504491,30.6405269592,0.00245123915805,0.509684517973,0.999997264888,3.13987513614,1.0,616.431283115,1.55343965032
3185,4.00318967861,1.99125805749,29.600746914,1.04112844663,0.661759438983,30.6320035796,0.00139195424361,0.508955239694,0.999999118555,3.14061860757,1.0,616.429259655,1.56095049488
3186,4.00444656705,1.98979303588,29.6251219991,1.04097965928,0.661272564932,30.6234686257,0.000335158387474,0.508227261758,0.999999948928,3.14135842332,1.0,616.427234005,1.5684280534
3187,4.00570345549,1.98832859488,29.6495032508,1.04083215002,0.660785883841,30.6149221013,-0.000719154239065,0.507500583101,0.999999764999,3.1420945947,1.0,616.425206167,1.56571981176
3188,4.00696034393,1.98686473901,29.6738906153,1.04068591604,0.662288250791,30.6063640103,-0.00177098945467,0.509122035218,0.999998573732,3.14283085131,1.0,616.429722959,1.55826980201
3189,4.00821723237,1.98540147275,29.6982840393,1.04054095449,0.661800495369,30.5977943565,-0.00282035306791,0.508392967528,0.999996384943,3.14356196335,1.0,616.427695603,1.55086689132
3190,4.0094741208,1.98393880055,29.7226834692,1.04039726258,0.661312937969,30.5892131437,-0.00386725087729,0.507665209445,0.999993207167,3.14428945396,1.0,616.425666076,1.5434953551
3191,4.01073100924,1.98247672685,29.7470888518,1.04025483747,0.660825580072,30.5806203756,-0.00491168867119,0.506938759828,0.999989049221,3.14501333441,1.0,616.423634379,1.53615471555
3192,4.01198789768,1.98101525609,29.7715001339,1.04011367637,0.660338423149,30.5720160563,-0.00595367222788,0.506213617525,0.999983919877,3.14573361597,1.0,616.421600516,1.52884450461
3193,4.01324478612,1.97955439265,29.7959172625,1.03997377647,0.661833004591,30.5634001894,-0.00699320731551,0.507819260838,0.999977796817,3.14646489767,1.0,616.426096171,1.52141682307
3194,4.01450167456,1.97809414091,29.8203401848,1.03983513497,0.661344792301,30.554772779,-0.00803029969208,0.507091782376,0.999970740855,3.14718015672,1.0,616.424062829,1.51414434474
3195,4.015758563,1.97663450525,29.8447688479,1.03969774908,0.660856785982,30.5461338287,-0.00906495510546,0.506365621264,0.99996273817,3.14789183984,1.0,616.422027336,1.50690101535
3196,4.01701545144,1.97517548999,29.8692031993,1.03956161601,0.660368987087,30.5374833425,-0.0100971792933,0.505640776277,0.999953797357,3.14859995824,1.0,616.419989694,1.49968639915
3197,4.01827233988,1.97371709946,29.8936431864,1.03942673298,0.659881397059,30.5288213242,-0.0111269779833,0.504917246176,0.999943926969,3.14930452312,1.0,616.417949908,1.49250006865
3198,4.01952922832,1.97225933795,29.9180887569,1.03929309721,0.661368250901,30.5201477777,-0.0121543568926,0.506507224334,0.999933041594,3.15003073533,1.0,616.42242472,1.48508603285
3199,4.02078611676,1.97080220975,29.9425398585,1.03916070593,0.660879624328,30.5114627069,-0.0131793217284,0.505781410312,0.99992132085,3.15073031533,1.0,616.420385494,1.47793357878
3200,4.0220430052,1.96934571912,29.966996439,1.03902955637,0.660391211553,30.5027661157,-0.0142018781878,0.505056920927,0.999908694578,3.15142636479,1.0,616.418344137,1.47080822808
3201,4.02329989364,1.96788987029,29.9914584466,1.03889964578,0.659903013997,30.4940580079,-0.0152220319575,0.504333754866,0.999895171158,3.15211889487,1.0,616.416300653,1.46370958069
3202,4.02455678207,1.96643466749,30.0159258294,1.03877097139,0.659415033078,30.4853383875,-0.016239788714,0.503611910811,0.999880758926,3.15280791669,1.0,616.414255046,1.45663724365
3203,4.02581367051,1.96498011491,30.0403985355,1.03864353045,0.660894217257,30.4766072583,-0.0172551541236,0.505186368214,0.9998652766,3.15352897006,1.0,616.418709304,1.44922852177
3204,4.02707055895,1.96352621674,30.0648765135,1.03851732023,0.660405218472,30.4678646243,-0.0182681338425,0.504462291833,0.999849088329,3.15421304536,1.0,616.416664295,1.44218644135
3205,4.02832744739,1.96207297713,30.0893597117,1.03839233797,0.659916441188,30.4591104893,-0.0192787335165,0.503739546921,0.999832034676,3.15489363541,1.0,616.414617176,1.43516957037
3206,4.02958433583,1.96062040024,30.1138480789,1.03826858094,0.659427886796,30.4503448573,-0.0202869587812,0.503018132085,0.999814123808,3.15557075128,1.0,616.412567952,1.42817753909
3207,4.03084122427,1.95916849017,30.1383415637,1.03814604642,0.658939556683,30.4415677322,-0.021292815262,0.502298045924,0.999795363851,3.15624440407,1.0,616.410516625,1.42120998385
3208,4.03209811271,1.95771725103,30.1628401152,1.03802473168,0.658451452228,30.4327791179,-0.022296308574,0.501579287028,0.999775762887,3.15691460481,1.0,616.408463198,1.41426654686
3209,4.03335500115,1.9562666869,30.1873436823,1.03790463399,0.659921799709,30.4239790184,-0.023297444322,0.503134860094,0.999754982308,3.15762895962,1.0,616.412899924,1.40685776291
3210,4.03461188959,1.95481680185,30.211852214,1.03778575065,0.659432699345,30.4151674376,-0.0242962281006,0.50241393041,0.999733692453,3.15829426483,1.0,616.410847145,1.39994047804
3211,4.03586877803,1.95336759991,30.2363656598,1.03766807895,0.658943829423,30.4063443794,-0.0252926654941,0.501694337111,0.999711584289,3.15895614096,1.0,616.408792282,1.39304629198
3212,4.03712566647,1.95191908512,30.2608839689,1.03755161618,0.658455191298,30.3975098478,-0.0262867620766,0.500976078717,0.999688665734,3.15961459902,1.0,616.406735336,1.38617486588
3213,4.0383825549,1.95047126146,30.2854070909,1.03743635965,0.657966786322,30.3886638468,-0.0272785234117,0.500259153741,0.999664944662,3.16026965001,1.0,616.404676312,1.37932586593
3214,4.03963944334,1.94902413294,30.3099349754,1.03732230665,0.65942959094,30.3798063803,-0.028267955053,0.501799540884,0.999639917855,3.16097867702,1.0,616.409093069,1.37190479028
3215,4.04089633178,1.9475777035,30.3344675721,1.03720945451,0.658940208409,30.3709374522,-0.0292550625435,0.501080495207,0.99961457804,3.16162887222,1.0,616.40703473,1.36507869526
3216,4.04215322022,1.94613197711,30.359004831,1.03709780055,0.658451063743,30.3620570666,-0.0302398514162,0.500362791789,0.999588457814,3.16227568329,1.0,616.404974328,1.35827406023
3217,4.04341010866,1.94468695768,30.3835467019,1.03698734208,0.65796215827,30.3531652275,-0.0312223271937,0.499646429074,0.999561564889,3.16291912118,1.0,616.402911866,1.35149056727
3218,4.0446669971,1.94324264912,30.408093135,1.03687807643,0.657473493312,30.3442619387,-0.0322024953881,0.498931405499,0.999533906935,3.16355919682,1.0,616.400847346,1.34472790273
3219,4.04592388554,1.94179905532,30.4326440806,1.03677000094,0.658928812975,30.3353472044,-0.0331803615016,0.500456752599,0.999504786524,3.16426282211,1.0,616.40524441,1.337286684
3220,4.04718077398,1.94035618015,30.4571994889,1.03666311294,0.658439188667,30.3264210284,-0.0341559310257,0.499739657749,0.999475578147,3.16489808229,1.0,616.403180613,1.33054378377
3221,4.04843766242,1.93891402745,30.4817593105,1.03655740979,0.657949809524,30.3174834149,-0.0351292094417,0.499023910605,0.999445626265,3.16553000315,1.0,616.401114773,1.32382078849
3222,4.04969455086,1.93747260106,30.5063234959,1.03645288882,0.657460676845,30.3085343678,-0.0361002022208,0.498309509537,0.999414938388,3.16615859556,1.0,616.399046894,1.31711739765
3223,4.0509514393,1.93603190479,30.5308919959,1.0363495474,0.656971791924,30.2995738911,-0.0370689148237,0.497596452908,0.999383521987,3.16678387038,1.0,616.396976978,1.31043331438
3224,4.05220832773,1.93459194242,30.5554647612,1.03624738289,0.656483156047,30.2906019888,-0.0380353527007,0.496884739073,0.999351384491,3.16740583846,1.0,616.394905029,1.30376824524
3225,4.05346521617,1.93315271774,30.5800417429,1.03614639264,0.657929858294,30.281618665,-0.0389995212921,0.498391827085,0.999317556492,3.16810252484,1.0,616.39928547,1.29629667578
3226,4.05472210461,1.9317142345,30.6046228919,1.03604657404,0.657440284418,30.2726239237,-0.0399614260275,0.497678100676,0.999283948621,3.16871973041,1.0,616.397214293,1.2896477063
3227,4.05597899305,1.93027649643,30.6292081596,1.03594792445,0.656950964154,30.2636177689,-0.0409210723265,0.496965725298,0.999249640492,3.16933365211,1.0,616.395141097,1.2830168676
3228,4.05723588149,1.92883950725,30.653797497,1.03585044127,0.656461898767,30.2546002047,-0.0418784655983,0.496254699245,0.999214639376,3.16994430073,1.0,616.393065886,1.27640387642
3229,4.05849276993,1.92740327065,30.6783908558,1.03575412186,0.655973089515,30.2455712351,-0.0428336112416,0.495545020799,0.999178952508,3.17055168703,1.0,616.390988662,1.2698084524
3230,4.05974965837,1.92596779032,30.7029881874,1.03565896364,0.657412433329,30.2365308642,-0.0437865146451,0.497037404871,0.999141354232,3.17124283429,1.0,616.395349972,1.26229925643
3231,4.06100654681,1.92453306991,30.7275894434,1.03556496399,0.656922703941,30.227479096,-0.0447371811869,0.496325761742,0.999104261391,3.17184549954,1.0,616.393273558,1.25571691627
3232,4.06226343525,1.92309911307,30.7521945756,1.03547212032,0.656433235189,30.2184159346,-0.045685616235,0.495615474193,0.999066503076,3.1724449253,1.0,616.391195145,1.24915128194
3233,4.06352032369,1.92166592342,30.776803536,1.03538043004,0.655944028309,30.2093413841,-0.046631825147,0.494906540446,0.999028086366,3.1730411223,1.0,616.389114739,1.24260208093
3234,4.06477721213,1.92023350455,30.8014162764,1.03528989055,0.655455084533,30.2002554485,-0.0475758132701,0.494198958716,0.998989018299,3.17363410123,1.0,616.387032341,1.23606904308
3235,4.06603410057,1.91880186006,30.8260327491,1.03520049929,0.656887127659,30.191158132,-0.0485175859413,0.495676785364,0.99894779039,3.1743196493,1.0,616.391374787,1.22851396338
3236,4.067290989,1.91737099352,30.8506529061,1.03511225366,0.656397281455,30.1820494385,-0.0494571484874,0.49496728617,0.998907379038,3.17490794911,1.0,616.389293234,1.22199099704
3237,4.06854787744,1.91594090847,30.8752767,1.03502515111,0.655907702788,30.1729293722,-0.0503945062247,0.494259146702,0.998866336061,3.17549305364,1.0,616.387209705,1.21548334572
3238,4.06980476588,1.91451160844,30.899904083,1.03493918906,0.655418392868,30.1637979373,-0.0513296644593,0.493552365115,0.998824668347,3.17607497354,1.0,616.385124203,1.20899074491
3239,4.07106165432,1.91308309694,30.9245350079,1.03485436496,0.654929352895,30.1546551377,-0.0522626284869,0.492846939559,0.998782382748,3.17665371945,1.0,616.38303673,1.20251293191
3240,4.07231854276,1.91165537746,30.9491694272,1.03477067625,0.654440584066,30.1455009777,-0.0531934035931,0.492142868178,0.998739486074,3.17722930196,1.0,616.38094729,1.19604964575
3241,4.0735754312,1.91022845349,30.9738072938,1.03468812038,0.655864228157,30.1363354613,-0.054121995053,0.493603058955,0.998694094399,3.17790772144,1.0,616.385273984,1.18843260959
3242,4.07483231964,1.90880232847,30.9984485605,1.03460669481,0.655374577625,30.1271585926,-0.0550484081315,0.492897125956,0.998649927827,3.17847867931,1.0,616.383185438,1.18197577117
3243,4.07608920808,1.90737700584,31.0230931804,1.034526397,0.654885202589,30.1179703758,-0.0559726480833,0.492192554528,0.998605169264,3.1790464965,1.0,616.381094938,1.17553261755
3244,4.07734609652,1.90595248903,31.0477411066,1.03444722441,0.654396104224,30.1087708151,-0.0568947201527,0.491489342755,0.998559825376,3.17961118356,1.0,616.37900249,1.16910289078
3245,4.07860298496,1.90452878143,31.0723922924,1.03436917453,0.653907283697,30.0995599144,-0.0578146295738,0.490787488718,0.998513902788,3.18017275102,1.0,616.376908096,1.16268633414
3246,4.0798598734,1.90310588643,31.097046691,1.03429224481,0.655323753061,30.0903376781,-0.0587323815703,0.492233457736,0.998465179107,3.18084546219,1.0,616.381216464,1.15500409505
3247,4.08111676183,1.90168380739,31.121704256,1.03421643275,0.654834068187,30.0811041102,-0.0596479813558,0.491529787754,0.998418045635,3.1814024478,1.0,616.379122999,1.14859087397
3248,4.08237365027,1.90026254766,31.146364941,1.03414173584,0.654344665438,30.0718592149,-0.0605614341335,0.490827482648,0.998370352025,3.18195633645,1.0,616.377027602,1.14218997452
3249,4.08363053871,1.89884211058,31.1710286995,1.03406815156,0.65385554596,30.0626029964,-0.0614727450966,0.490126540442,0.998322104757,3.18250713862,1.0,616.374930277,1.13580114079
3250,4.08488742715,1.89742249944,31.1956954855,1.03399567742,0.653366710894,30.0533354588,-0.0623819194276,0.489426959153,0.998273310275,3.18305486479,1.0,616.372831027,1.12942411753
3251,4.08614431559,1.89600371754,31.2203652528,1.03392431092,0.654776062985,30.0440566062,-0.0632889622991,0.490858852817,0.998221384003,3.18372181998,1.0,616.377121326,1.12166705164
3252,4.08740120403,1.89458576817,31.2450379554,1.03385404957,0.654286380769,30.034766443,-0.0641938788734,0.490157500578,0.998171436044,3.18426500744,1.0,616.375023041,1.11529014628
3253,4.08865809247,1.89316865457,31.2697135475,1.03378489087,0.653796987184,30.0254649732,-0.0650966743026,0.489457516147,0.998120958919,3.18480514147,1.0,616.372922846,1.10892418665
3254,4.08991498091,1.89175237999,31.2943919832,1.03371683236,0.65330788335,30.0161522011,-0.0659973537284,0.488758897487,0.998069958928,3.18534223247,1.0,616.370820743,1.10256891597
3255,4.09117186935,1.89033694765,31.3190732169,1.03364987156,0.652819070379,30.0068281308,-0.0668959222823,0.488061642557,0.998018442337,3.18587629082,1.0,616.368716735,1.09622407757
3256,4.09242875779,1.88892236075,31.3437572031,1.033584006,0.652330549378,29.9974927666,-0.0677923850859,0.487365749314,0.997966415375,3.18640732689,1.0,616.366610827,1.08988941488
3257,4.09368564623,1.88750862248,31.3684438964,1.0335192332,0.653731719461,29.9881461126,-0.0686867472502,0.488780625617,0.997910825312,3.18706700915,1.0,616.370886212,1.08203379206
3258,4.09494253467,1.88609573601,31.3931332512,1.03345555072,0.653242371394,29.9787881731,-0.0695790138762,0.488083014426,0.997857712021,3.18759356215,1.0,616.368781316,1.07569524798
3259,4.0961994231,1.88468370449,31.4178252226,1.03339295609,0.652753319436,29.9694189523,-0.0704691900547,0.487386771512,0.997804105798,3.18811711534,1.0,616.366674533,1.06936598365
3260,4.09745631154,1.88327253105,31.4425197652,1.03333144688,0.652264564672,29.9600384544,-0.0713572808662,0.48669189478,0.997750012734,3.18863767902,1.0,616.364565866,1.06304573785
3261,4.09871319998,1.88186221882,31.4672168341,1.03327102063,0.651776108181,29.9506466836,-0.0722432913812,0.485998382126,0.997695438883,3.18915526349,1.0,616.36245532,1.05673424882
3262,4.09997008842,1.88045277088,31.4919163844,1.03321167491,0.653170286137,29.9412436442,-0.0731272266598,0.487399516801,0.997636919808,3.189809106,1.0,616.366713153,1.04878020771
3263,4.10122697686,1.87904419032,31.5166183713,1.03315340728,0.652681019417,29.9318293404,-0.0740090917521,0.486704329649,0.997581313599,3.19032225119,1.0,616.364603654,1.04246124583
3264,4.1024838653,1.87763648021,31.5413227501,1.03309621532,0.652192055044,29.9224037765,-0.0748888916981,0.486010512927,0.997525243552,3.19083243955,1.0,616.362492289,1.0361501033
3265,4.10374075374,1.87622964359,31.5660294761,1.0330400966,0.651703394075,29.9129669567,-0.0757666315275,0.485318064481,0.997468715583,3.19133968132,1.0,616.360379062,1.02984651075
3266,4.10499764218,1.87482368349,31.5907385049,1.03298504871,0.651215037565,29.9035188853,-0.0766423162599,0.484626982156,0.997411735575,3.1918439867,1.0,616.358263976,1.02355019762
3267,4.10625453062,1.87341860293,31.6154497921,1.03293106924,0.650726986558,29.8940595665,-0.0775159509048,0.483937263791,0.997354309376,3.19234536587,1.0,616.356147034,1.017260892
3268,4.10751141906,1.87201440489,31.6401632934,1.03287815577,0.652113130381,29.8845890047,-0.0783875404616,0.485321806779,0.997292446512,3.19299186308,1.0,616.360390499,1.00917775083
3269,4.1087683075,1.87061109236,31.6648789647,1.03282630591,0.651624288779,29.875107204,-0.0792570899196,0.48463046496,0.997234051044,3.19348885917,1.0,616.35827465,1.0028764009
3270,4.11002519593,1.8692086683,31.6895967618,1.03277551725,0.651135756674,29.8656141688,-0.0801246042578,0.483940493168,0.997175225754,3.19398295133,1.0,616.35615696,0.996581055393
3271,4.11128208437,1.86780713565,31.7143166407,1.03272578742,0.650647535091,29.8561099034,-0.0809900884454,0.483251889193,0.997115976354,3.19447414969,1.0,616.354037431,0.99029143073
3272,4.11253897281,1.86640649734,31.7390385577,1.03267711401,0.650159625049,29.846594412,-0.0818535474413,0.482564650824,0.997056308526,3.19496246435,1.0,616.351916067,0.984007241199
3273,4.11379586125,1.86500675628,31.7637624689,1.03262949466,0.651538901185,29.8370676989,-0.0827149861944,0.483935783611,0.996991774601,3.1956030538,1.0,616.356142484,0.97579709866
3274,4.11505274969,1.86360791536,31.7884883307,1.03258292699,0.65105021702,29.8275297685,-0.0835744096437,0.483246963703,0.996931188197,3.19608702969,1.0,616.354022248,0.96949662953
3275,4.11630963813,1.86220997746,31.8132160995,1.03253740862,0.650561848324,29.8179806251,-0.0844318227178,0.482559515233,0.996870199263,3.19656814406,1.0,616.351900192,0.963200515859
3276,4.11756652657,1.86081294543,31.8379457319,1.03249293719,0.650073796095,29.808420273,-0.0852872303355,0.481873435941,0.996808813348,3.19704640696,1.0,616.349776317,0.956908456029
3277,4.11882341501,1.85941682213,31.8626771844,1.03244951034,0.649586061327,29.7988487164,-0.0861406374055,0.481188723566,0.996747035967,3.19752182843,1.0,616.347650629,0.950620145342
3278,4.12008030345,1.85802161037,31.8874104139,1.03240712572,0.650958526492,29.7892659598,-0.0869920488264,0.482546590823,0.996679943084,3.19815648048,1.0,616.351860238,0.942267526517
3279,4.12133719189,1.85662731297,31.9121453772,1.03236578098,0.650470033908,29.7796720075,-0.0878414694871,0.481860338151,0.996617296387,3.1986276077,1.0,616.349735712,0.935958277013
3280,4.12259408033,1.85523393271,31.9368820311,1.03232547377,0.649981862647,29.7700668638,-0.088688904266,0.481175457998,0.996554273662,3.19909591556,1.0,616.347609386,0.929651598533
3281,4.12385096876,1.85384147238,31.9616203328,1.03228620175,0.649494013682,29.760450533,-0.089534358032,0.480491948056,0.996490880298,3.19956141402,1.0,616.345481264,0.92334716528
3282,4.1251078572,1.85244993473,31.9863602394,1.03224796259,0.649006487979,29.7508230195,-0.0903778356437,0.479809806016,0.996427121648,3.20002411305,1.0,616.343351348,0.917044647208
3283,4.12636474564,1.8510593225,32.0111017082,1.03221075396,0.648519286498,29.7411843277,-0.0912193419498,0.479129029566,0.996363003032,3.20048402256,1.0,616.341219642,0.91074370979
3284,4.12762163408,1.84966963843,32.0358446964,1.03217457354,0.649883931349,29.7315344619,-0.0920588817891,0.480470910254,0.996292998824,3.20111125063,1.0,616.345415666,0.902203467824
3285,4.12887852252,1.84828088522,32.0605891615,1.032139419,0.649395991032,29.7218734265,-0.0928964599904,0.479788641767,0.996228068416,3.20156692266,1.0,616.343285168,0.895875432908
3286,4.13013541096,1.84689306556,32.0853350611,1.03210528804,0.64890837872,29.7122012258,-0.0937320813727,0.479107744203,0.996162792939,3.20201982712,1.0,616.341152894,0.889547651604
3287,4.1313922994,1.84550618214,32.1100823528,1.03207217835,0.648421095355,29.7025178643,-0.0945657507448,0.478428215209,0.996097177589,3.20246997386,1.0,616.339018847,0.883219760515
3288,4.13264918784,1.84412023761,32.1348309943,1.03204008762,0.647934141871,29.6928233464,-0.0953974729059,0.477750052424,0.996031227528,3.20291737275,1.0,616.336883031,0.876891390227
3289,4.13390607628,1.84273523461,32.1595809434,1.03200901356,0.649292099006,29.6831176763,-0.0962272526452,0.479078994968,0.995958900935,3.20353861643,1.0,616.34106273,0.868167585991
3290,4.13516296472,1.84135117579,32.1843321582,1.03197895387,0.648804422623,29.6734008586,-0.0970550947418,0.478399379873,0.995892185282,3.2039818227,1.0,616.338928156,0.861806138205
3291,4.13641985316,1.83996806374,32.2090845965,1.03194990627,0.64831707984,29.6636728975,-0.0978810039652,0.477721136103,0.995825149375,3.20442230293,1.0,616.336791827,0.855442716671
3292,4.1376767416,1.83858590107,32.2338382166,1.03192186847,0.647830071571,29.6539337977,-0.098704985075,0.477044261258,0.995757798255,3.20486006691,1.0,616.334653745,0.849076914356
3293,4.13893363003,1.83720469036,32.2585929766,1.0318948382,0.647343398727,29.6441835633,-0.0995270428208,0.476368752936,0.995690136931,3.20529512441,1.0,616.332513915,0.842708316207
3294,4.14019051847,1.83582443416,32.2833488349,1.03186881318,0.646857062209,29.6344221989,-0.100347181943,0.475694608735,0.99562217038,3.20572748517,1.0,616.33037234,0.836336498761
3295,4.14144740691,1.83444513503,32.3081057499,1.03184379114,0.648207344327,29.6246497089,-0.10116540717,0.477007978739,0.99554720868,3.20634127321,1.0,616.334538966,0.827368985566
3296,4.14270429535,1.8330667955,32.3328636801,1.03181976983,0.647720303432,29.6148660978,-0.101981723224,0.476332428591,0.995478530449,3.20676949832,1.0,616.332398677,0.820955950332
3297,4.14396118379,1.83168941809,32.357622584,1.03179674699,0.647233602506,29.6050713699,-0.102796134814,0.475658247422,0.995409560929,3.20719504838,1.0,616.330256657,0.814537945387
3298,4.14521807223,1.8303130053,32.3823824205,1.03177472036,0.646747242429,29.5952655297,-0.103608646642,0.474985432788,0.995340304978,3.20761793305,1.0,616.328112909,0.808114495838
3299,4.14647496067,1.82893755961,32.4071431482,1.03175368771,0.646261224082,29.5854485816,-0.104419263398,0.474313982246,0.995270767422,3.20803816199,1.0,616.325967437,0.801685115572
3300,4.14773184911,1.82756308349,32.4319047261,1.03173364677,0.647604940805,29.5756205302,-0.105227989763,0.475614737935,0.995193706059,3.20864593169,1.0,616.330118209,0.792477995496
3301,4.14898873755,1.82618957939,32.4566671131,1.03171459533,0.647118233648,29.5657813798,-0.106034830409,0.474941919676,0.995123500108,3.20906207008,1.0,616.327974057,0.785999211384
3302,4.15024562599,1.82481704976,32.4814302684,1.03169653115,0.646631871797,29.555931135,-0.106839789997,0.474270470157,0.995053026071,3.20947557431,1.0,616.325828194,0.791283872147
3303,4.15150251443,1.82344549701,32.5061941511,1.031679452,0.646145856108,29.5460698002,-0.107642873179,0.473600386893,0.994982288657,3.20988645397,1.0,616.323680624,0.797779155462
3304,4.15275940286,1.82207492356,32.5309587204,1.03166335566,0.645660187436,29.5361973798,-0.108444084598,0.4729316674,0.994911292544,3.21029471864,1.0,616.32153135,0.804283534374
3305,4.1540162913,1.82070533178,32.5557239357,1.03164823992,0.645174866627,29.5263138785,-0.109243428886,0.472264309195,0.994840042381,3.21070037787,1.0,616.319380375,0.810797593741
3306,4.15527317974,1.81933672407,32.5804897565,1.03163410256,0.646511052399,29.5164193006,-0.110040910666,0.473549900605,0.994760605764,3.21130067465,1.0,616.323518572,0.820327073767
3307,4.15653006818,1.81796910277,32.6052561423,1.03162094138,0.646025060847,29.5065136506,-0.110836534551,0.472881219183,0.994688737679,3.21170230039,1.0,616.321368962,0.826902073237
3308,4.15778695662,1.81660247023,32.6300230527,1.03160875417,0.645539420657,29.4965969332,-0.111630305144,0.472213903452,0.994616628568,3.2121013421,1.0,616.319217665,0.833489253311
3309,4.15904384506,1.81523682879,32.6547904475,1.03159753874,0.645054132657,29.4866691527,-0.11242222704,0.471547950889,0.994544282965,3.21249780926,1.0,616.317064684,0.840089294166
3310,4.1603007335,1.81387218076,32.6795582865,1.03158729289,0.644569197669,29.4767303136,-0.113212304824,0.470883358973,0.994471705373,3.21289171135,1.0,616.314910024,0.846702897587
3311,4.16155762194,1.81250852843,32.7043265295,1.03157801445,0.645898939356,29.4667804206,-0.114000543069,0.472156655924,0.994390378644,3.21348596791,1.0,616.319032826,0.856553228703
3312,4.16281451038,1.81114587409,32.7290951366,1.03156970123,0.64541334882,29.4568194781,-0.114786946341,0.471490777551,0.99431722364,3.21387588171,1.0,616.316879563,0.863239854044
3313,4.16407139882,1.80978422001,32.7538640679,1.03156235105,0.644928114734,29.4468474907,-0.115571519195,0.470826264025,0.994243849272,3.2142632517,1.0,616.314724634,0.869943081967
3314,4.16532828726,1.80842356844,32.7786332836,1.03155596175,0.644443237898,29.4368644628,-0.116354266178,0.47016311279,0.994170259933,3.21464808731,1.0,616.312568042,0.87666374435
3315,4.1665851757,1.80706392162,32.8034027438,1.03155053115,0.643958719112,29.4268703991,-0.117135191826,0.469501321287,0.994096459984,3.2150303979,1.0,616.310409792,0.883402703114
3316,4.16784206413,1.80570528178,32.8281724091,1.03154605709,0.643474559168,29.4168653041,-0.117914300666,0.46884088696,0.99402245376,3.21541019285,1.0,616.308249885,0.890160851986
3317,4.16909895257,1.80434765112,32.8529422398,1.03154253742,0.64479691265,29.4068491823,-0.118691597216,0.470099421705,0.99393899608,3.21599697248,1.0,616.312360596,0.900451674745
3318,4.17035584101,1.80299103183,32.8777121964,1.03153996999,0.644312114768,29.3968220383,-0.119467085982,0.469437743594,0.993864459642,3.21637283618,1.0,616.31020213,0.907300636394
3319,4.17161272945,1.8016354261,32.9024822397,1.03153835265,0.643827679087,29.3867838766,-0.120240771465,0.468777426628,0.99378972908,3.21674620533,1.0,616.308042022,0.914172719113
3320,4.17286961789,1.80028083609,32.9272523303,1.03153768326,0.643343606381,29.3767347019,-0.121012658152,0.468118468214,0.993714808621,3.21711708925,1.0,616.305880275,0.921069009437
3321,4.17412650633,1.79892726395,32.952022429,1.03153795968,0.642859897417,29.3666745188,-0.121782750524,0.467460865761,0.993639702458,3.21748549719,1.0,616.303716893,0.927990639473
3322,4.17538339477,1.79757471181,32.9767924967,1.03153917978,0.644175927039,29.3566033317,-0.122551053051,0.468707421561,0.993554551703,3.21806622588,1.0,616.307812655,0.938729646881
3323,4.17664028321,1.7962231818,33.0015624944,1.03154134143,0.643691594961,29.3465211453,-0.123317570193,0.468048610638,0.993478953195,3.21843074781,1.0,616.305650746,0.945761709767
3324,4.17789717165,1.79487267601,33.0263323832,1.03154444252,0.643207629924,29.3364279642,-0.124082306401,0.467391159453,0.993403180756,3.21879281475,1.0,616.303487216,0.952824154765
3325,4.17915406009,1.79352319654,33.0511021242,1.03154848092,0.642724032677,29.3263237929,-0.124845266119,0.466735065381,0.993327238476,3.21915243591,1.0,616.301322068,0.959918393122
3326,4.18041094853,1.79217474547,33.0758716787,1.03155345452,0.642240803964,29.3162086362,-0.125606453777,0.466080325801,0.993251130414,3.21950962047,1.0,616.299155305,0.967045903614
3327,4.18166783696,1.79082732485,33.1006410081,1.03155936121,0.641757944523,29.3060824986,-0.1263658738,0.46542693809,0.993174860604,3.21986437761,1.0,616.296986931,0.974208237411
3328,4.1829247254,1.78948093674,33.1254100736,1.0315661989,0.643066727291,29.2959453846,-0.127123530601,0.466659127202,0.993087808438,3.2204376376,1.0,616.301071074,0.985582233554
3329,4.18418161384,1.78813558316,33.1501788369,1.03157396549,0.642583261891,29.2857972991,-0.127879428585,0.466004571909,0.993011090364,3.22078856564,1.0,616.298904215,0.992885707054
3330,4.18543850228,1.78679126613,33.1749472595,1.03158265887,0.642100168987,29.2756382465,-0.128633572147,0.465351372039,0.992934221866,3.22113708706,1.0,616.296735759,1.00023102745
3331,4.18669539072,1.78544798767,33.1997153031,1.03159227697,0.641617449298,29.2654682315,-0.129385965673,0.464699524941,0.99285720687,3.22148321095,1.0,616.294565709,1.00762019815
3332,4.18795227916,1.78410574975,33.2244829295,1.03160281771,0.64113510354,29.2552872588,-0.13013661354,0.464049027962,0.992780049279,3.2218269464,1.0,616.292394069,1.01505533548
3333,4.1892091676,1.78276455436,33.2492501005,1.03161427899,0.640653132423,29.2450953329,-0.130885520115,0.463399878452,0.992702752965,3.22216830245,1.0,616.290220841,1.0225386781
3334,4.19046605604,1.78142440345,33.274016778,1.03162665876,0.641954744255,29.2348924587,-0.131632689757,0.464617918312,0.99261391869,3.22273410655,1.0,616.294293605,1.03471294041
3335,4.19172294448,1.78008529897,33.2987829242,1.03163995494,0.641472184084,29.2246786406,-0.132378126814,0.463967641137,0.992536216556,3.2230716903,1.0,616.292121935,1.04238138326
3336,4.19297983292,1.77874724286,33.323548501,1.03165416547,0.640990001701,29.2144538834,-0.133121835627,0.463318714771,0.992458386586,3.22340691527,1.0,616.289948692,1.05010837031
3337,4.19423672136,1.77741023704,33.3483134706,1.03166928829,0.6405081978,29.2042181918,-0.133863820526,0.462671136533,0.992380432551,3.22373979047,1.0,616.287773878,1.05789692736
3338,4.1954936098,1.7760742834,33.3730777954,1.03168532135,0.640026773066,29.1939715704,-0.134604085832,0.462024903746,0.992302358198,3.22407032486,1.0,616.285597498,1.06575028492
3339,4.19675049823,1.77473938385,33.3978414377,1.03170226259,0.641322244075,29.1837140239,-0.135342635857,0.463231446726,0.992212112222,3.22463008428,1.0,616.289655967,1.07879704853
3340,4.19800738667,1.77340554025,33.4226043599,1.03172010997,0.640840244536,29.1734455571,-0.136079474906,0.462584119397,0.992133666083,3.22495689145,1.0,616.287481177,1.08689078039
3341,4.19926427511,1.77207275447,33.4473665246,1.03173886146,0.640358627254,29.1631661745,-0.136814607272,0.461938140679,0.992055110157,3.2252813783,1.0,616.285304834,1.09506455821
3342,4.20052116355,1.77074102837,33.4721278943,1.03175851502,0.639877392896,29.1528758809,-0.137548037239,0.461293507867,0.991976448092,3.22560355371,1.0,616.283126941,1.10332297902
3343,4.20177805199,1.76941036377,33.4968884318,1.03177906861,0.639396542125,29.142574681,-0.138279769084,0.460650218255,0.991897683507,3.22592342659,1.0,616.280947502,1.11167101189
3344,4.20303494043,1.7680807625,33.5216480998,1.03180052022,0.638916075601,29.1322625796,-0.139009807074,0.460008269141,0.991818819996,3.22624100578,1.0,616.27876652,1.12011404169
3345,4.20429182887,1.76675222637,33.5464068612,1.03182286782,0.640204514716,29.1219395813,-0.139738155466,0.461201047396,0.991727000071,3.22679333442,1.0,616.282814063,1.13452440895
3346,4.20554871731,1.76542475717,33.5711646788,1.03184610939,0.639723489841,29.1116056908,-0.14046481851,0.460558041939,0.991647804335,3.22710724291,1.0,616.280634713,1.14331091198
3347,4.20680560575,1.76409835669,33.5959215159,1.03187024293,0.639242852228,29.1012609129,-0.141189800443,0.459916379937,0.99156851979,3.227418878,1.0,616.278453833,1.15221878822
3348,4.20806249419,1.76277302668,33.6206773353,1.03189526643,0.638762602517,29.0909052524,-0.141913105499,0.45927605866,0.991489149931,3.2277282485,1.0,616.276271428,1.16125638814
3349,4.20931938263,1.76144876891,33.6454321004,1.03192117789,0.638282741343,29.0805387139,-0.142634737898,0.458637075381,0.991409698232,3.22803536317,1.0,616.274087501,1.17043293297
3350,4.21057627106,1.76012558512,33.6701857743,1.03194797531,0.639565156804,29.0701613023,-0.143354701852,0.459818659646,0.991316634544,3.22858166096,1.0,616.278121167,1.18648966386
3351,4.2118331595,1.75880347703,33.6949383204,1.0319756567,0.639084751162,29.0597730222,-0.144073001567,0.459178651781,0.991236882332,3.22888514985,1.0,616.275938902,1.19616460589
3352,4.21309004794,1.75748244636,33.7196897022,1.03200422007,0.638604737014,29.0493738785,-0.144789641236,0.458539984702,0.991157058059,3.22918640305,1.0,616.273755129,1.20602598559
3353,4.21434693638,1.7561624948,33.7444398831,1.03203366343,0.638125114978,29.0389638758,-0.145504625046,0.457902655655,0.991077165101,3.22948542927,1.0,616.271569851,1.21608982829
3354,4.21560382482,1.75484362406,33.7691888267,1.03206398482,0.637645885667,29.0285430191,-0.146217957174,0.45726666189,0.990997206812,3.2297822372,1.0,616.269383071,1.22637436676
3355,4.21686071326,1.75352583579,33.7939364967,1.03209518225,0.637167049689,29.0181113129,-0.146929641789,0.45663200066,0.990917186517,3.23007683551,1.0,616.267194792,1.23690049013
3356,4.2181176017,1.75220913166,33.8186828569,1.03212725376,0.638442570737,29.0076687622,-0.147639683048,0.457800197481,0.990822744127,3.23061573753,1.0,616.271217973,1.25599242153
3357,4.21937449014,1.75089351332,33.843427871,1.03216019739,0.637963206297,28.9972153718,-0.148348085104,0.457164548192,0.990742460144,3.23090676621,1.0,616.269031399,1.2674026234
3358,4.22063137858,1.7495789824,33.868171503,1.03219401117,0.637484238075,28.9867511463,-0.149054852098,0.456530234032,0.99066212354,3.2311956052,1.0,616.26684334,1.27917454525
3359,4.22188826702,1.74826554053,33.8929137168,1.03222869314,0.637005666663,28.9762760907,-0.149759988163,0.455897252228,0.99058173755,3.23148226311,1.0,616.264653799,1.29135447083
3360,4.22314515546,1.74695318932,33.9176544765,1.03226424137,0.636527492646,28.9657902097,-0.150463497423,0.455265600013,0.990501305384,3.23176674851,1.0,616.26246278,1.30399886844
3361,4.22440204389,1.74564193035,33.9423937462,1.0323006539,0.636049716606,28.9552935081,-0.151165383993,0.454635274621,0.990420830228,3.23204906996,1.0,616.260270287,1.3171778192
3362,4.22565893233,1.74433176522,33.9671314902,1.03233792879,0.637318416956,28.9447859908,-0.15186565198,0.45579029059,0.99032511042,3.23258060233,1.0,616.264283208,1.34244290944
3363,4.22691582077,1.74302269548,33.9918676727,1.0323760641,0.636840128215,28.9342676625,-0.152564305483,0.45515901276,0.990244406961,3.23285941007,1.0,616.26209246,1.35779381575
3364,4.22817270921,1.74171472271,34.0166022582,1.03241505791,0.636362240266,28.9237385282,-0.15326134859,0.454529064161,0.990163669511,3.23313607359,1.0,616.259900251,1.37421973251
3365,4.22942959765,1.74040784844,34.041335211,1.03245490829,0.635884753672,28.9131985926,-0.153956785381,0.453900442001,0.990082901165,3.23341060138,1.0,616.257706584,1.39201757607
3366,4.23068648609,1.73910207421,34.0660664957,1.03249561331,0.635407668993,28.9026478607,-0.15465061993,0.453273143497,0.990002104998,3.23368300193,1.0,616.255511463,1.41164790354
3367,4.23194337453,1.73779740154,34.0907960769,1.03253717105,0.634930986784,28.8920863372,-0.155342856298,0.452647165865,0.989921284059,3.23395328366,1.0,616.253314892,1.43389784307
3368,4.23320026297,1.73649383192,34.1155239192,1.03257957961,0.636192939653,28.8815140269,-0.156033498542,0.453789205074,0.989824384558,3.23447747496,1.0,616.257317773,1.48854136438
3369,4.23445715141,1.73519136687,34.1402499875,1.03262283707,0.635715760262,28.8709309349,-0.156722550705,0.453162309741,0.9897433693,3.23474429862,1.0,616.255122988,1.55469203856
3370,4.23571403985,1.73389000784,34.1649742466,1.03266694153,0.635238986086,28.8603370658,-0.157410016827,0.452536737506,0.989662337894,3.23500902301,0.0,0.0,0.0
3371,4.23697092829,1.73258975633,34.1896966613,1.03271189109,0.634762617662,28.8497324247,-0.158095900936,0.451912485565,0.989581293299,3.23527165651,0.0,0.0,0.0
3372,4.23822781673,1.73129061377,34.2144171967,1.03275768385,0.634286655525,28.8391170163,-0.158780207052,0.451289551118,0.989500238456,3.23553220749,0.0,0.0,0.0
3373,4.23948470516,1.72999258162,34.2391358178,1.03280431792,0.635542824503,28.8284908456,-0.159462939186,0.452421018552,0.989402413293,3.23605042813,0.0,0.0,0.0
3374,4.2407415936,1.72869566131,34.2638524897,1.03285179142,0.635066378302,28.8178539175,-0.160144101343,0.451797195396,0.989321191353,3.23630756534,0.0,0.0,0.0
3375,4.24199848204,1.72739985426,34.2885671778,1.03290010246,0.634590341076,28.8072062368,-0.160823697516,0.451174691808,0.989239967485,3.2365626394,0.0,0.0,0.0
3376,4.24325537048,1.72610516187,34.3132798471,1.03294924917,0.634114713341,28.7965478084,-0.161501731693,0.450553504967,0.989158744543,3.23681565859,0.0,0.0,0.0
3377,4.24451225892,1.72481158553,34.3379904632,1.03299922967,0.633639495609,28.7858786374,-0.16217820785,0.449933632055,0.989077525358,3.2370666312,0.0,0.0,0.0
3378,4.24576914736,1.72351912664,34.3626989914,1.0330500421,0.633164688388,28.7751987285,-0.162853129957,0.449315070261,0.988996312737,3.23731556547,0.0,0.0,0.0
3379,4.2470260358,1.72222778656,34.3874053973,1.03310168458,0.634414243913,28.7645080867,-0.163526501975,0.450433922012,0.98889747821,3.2378264979,0.0,0.0,0.0
3380,4.24828292424,1.72093756665,34.4121096464,1.03315415527,0.63393896771,28.7538067169,-0.164198327857,0.449814504673,0.988816130023,3.23807207354,0.0,0.0,0.0
3381,4.24953981268,1.71964846825,34.4368117044,1.03320745231,0.633464104637,28.7430946241,-0.164868611546,0.449196400353,0.988734796366,3.23831563002,0.0,0.0,0.0
3382,4.25079670112,1.7183604927,34.461511537,1.03326157384,0.632989655186,28.7323718131,-0.165537356978,0.44857960622,0.988653479963,3.23855717551,0.0,0.0,0.0
3383,4.25205358956,1.71707364133,34.4862091101,1.03331651802,0.632515619845,28.7216382891,-0.166204568081,0.447964119445,0.988572183519,3.23879671817,0.0,0.0,0.0
3384,4.25331047799,1.71578791544,34.5109043894,1.03337228301,0.632041999095,28.7108940568,-0.166870248774,0.447349937205,0.988490909714,3.23903426614,0.0,0.0,0.0
3385,4.25456736643,1.71450331633,34.535597341,1.03342886696,0.633285012946,28.7001391212,-0.167534402967,0.448456370436,0.98839115403,3.23953794531,0.0,0.0,0.0
3386,4.25582425487,1.71321984528,34.5602879309,1.03348626806,0.632810938055,28.6893734874,-0.168197034563,0.447841364971,0.988309774899,3.23977218947,0.0,0.0,0.0
3387,4.25708114331,1.71193750358,34.5849761251,1.03354448446,0.632337280309,28.6785971602,-0.168858147456,0.447227665777,0.988228426027,3.24000445792,0.0,0.0,0.0
3388,4.25833803175,1.71065629248,34.6096618899,1.03360351435,0.631864040174,28.6678101447,-0.169517745532,0.446615270012,0.988147110013,3.24023475871,0.0,0.0,0.0
3389,4.25959492019,1.70937621324,34.6343451914,1.0336633559,0.631391218112,28.6570124459,-0.170175832669,0.446004174838,0.988065829437,3.24046309991,0.0,0.0,0.0
3390,4.26085180863,1.70809726709,34.6590259961,1.0337240073,0.630918814581,28.6462040686,-0.170832412736,0.445394377421,0.987984586856,3.24068948953,0.0,0.0,0.0
3391,4.26210869707,1.70681945527,34.6837042702,1.03378546673,0.63215535801,28.635385018,-0.171487489595,0.446488586749,0.987883995041,3.24118595237,0.0,0.0,0.0
3392,4.26336558551,1.70554277899,34.7083799802,1.0338477324,0.631682514943,28.624555299,-0.172141067098,0.445877997599,0.987802676122,3.24140909266,0.0,0.0,0.0
3393,4.26462247395,1.70426723945,34.7330530927,1.0339108025,0.631210092893,28.6137149166,-0.17279314909,0.445268707782,0.987721402481,3.24163030014,0.0,0.0,0.0
3394,4.26587936239,1.70299283786,34.7577235742,1.03397467522,0.630738092301,28.6028638758,-0.173443739409,0.444660714449,0.987640176597,3.24184958276,0.0,0.0,0.0
3395,4.26713625083,1.70171957538,34.7823913914,1.03403934878,0.630266513606,28.5920021817,-0.174092841882,0.444054014753,0.987559000928,3.24206694846,0.0,0.0,0.0
3396,4.26839313926,1.70044745319,34.807056511,1.03410482139,0.629795357241,28.5811298393,-0.174740460332,0.443448605852,0.987477877911,3.24228240516,0.0,0.0,0.0
3397,4.2696500277,1.69917647246,34.8317188999,1.03417109126,0.631025500979,28.5702468535,-0.175386598569,0.444530783349,0.987376531906,3.24277169053,0.0,0.0,0.0
3398,4.27090691614,1.69790663432,34.856378525,1.03423815661,0.630553919449,28.5593532295,-0.176031260399,0.443924613394,0.987295360323,3.24298395203,0.0,0.0,0.0
3399,4.27216380458,1.69663793992,34.8810353531,1.03430601567,0.630082762669,28.5484489723,-0.176674449618,0.443319735656,0.987214248348,3.24319432308,0.0,0.0,0.0
3400,4.27342069302,1.69537039038,34.9056893512,1.03437466665,0.629612031057,28.5375340869,-0.177316170014,0.442716147279,0.987133198342,3.24340281152,0.0,0.0,0.0
3401,4.27467758146,1.69410398681,34.9303404866,1.0344441078,0.629141725028,28.5266085783,-0.177956425367,0.44211384541,0.987052212646,3.2436094252,0.0,0.0,0.0
3402,4.2759344699,1.69283873032,34.9549887263,1.03451433735,0.62867184499,28.5156724517,-0.178595219451,0.441512827201,0.98697129358,3.2438141719,0.0,0.0,0.0
3403,4.27719135834,1.691574622,34.9796340375,1.03458535354,0.629895659233,28.5047257121,-0.17923255603,0.442583162391,0.986869272329,3.24429632043,0.0,0.0,0.0
3404,4.27844824678,1.69031166293,35.0042763876,1.03465715462,0.629425368168,28.4937683645,-0.179868438859,0.441981413009,0.986788331287,3.24449792568,0.0,0.0,0.0
3405,4.27970513522,1.68904985418,35.0289157439,1.03472973883,0.62895550545,28.4828004141,-0.180502871688,0.441380948559,0.986707463513,3.24469768231,0.0,0.0,0.0
3406,4.28096202366,1.68778919681,35.0535520739,1.03480310442,0.628486071474,28.471821866,-0.181135858258,0.44078176618,0.986626671255,3.24489559804,0.0,0.0,0.0
3407,4.28221891209,1.68652969187,35.0781853449,1.03487724966,0.62801706663,28.4608327251,-0.1817674023,0.440183863014,0.986545956738,3.2450916806,0.0,0.0,0.0
3408,4.28347580053,1.68527134039,35.1028155247,1.03495217281,0.629235449596,28.4498329967,-0.18239750754,0.441244525306,0.986443416937,3.24556800772,0.0,0.0,0.0
3409,4.28473268897,1.6840141434,35.1274425808,1.03502787213,0.628766045715,28.4388226858,-0.183026177696,0.440645916069,0.986362701711,3.24576099173,0.0,0.0,0.0
3410,4.28598957741,1.68275810191,35.152066481,1.03510434588,0.628297073269,28.4278017975,-0.183653416475,0.44004858719,0.986282070608,3.24595216073,0.0,0.0,0.0
3411,4.28724646585,1.68150321694,35.1766871929,1.03518159236,0.627828532633,28.416770337,-0.18427922758,0.4394525358,0.986201525784,3.24614152237,0.0,0.0,0.0
3412,4.28850335429,1.68024948947,35.2013046845,1.03525960983,0.627360424178,28.4057283093,-0.184903614705,0.438857759033,0.986121069372,3.2463290843,0.0,0.0,0.0
3413,4.28976024273,1.67899692048,35.2259189236,1.03533839657,0.626892748271,28.3946757196,-0.185526581535,0.438264254029,0.986040703491,3.24651485411,0.0,0.0,0.0
3414,4.29101713117,1.67774551096,35.2505298783,1.03541795088,0.628104930205,28.383612573,-0.186148131748,0.439313409499,0.985937625857,3.24698411857,0.0,0.0,0.0
3415,4.29227401961,1.67649526186,35.2751375164,1.03549827104,0.627636868979,28.3725388747,-0.186768269015,0.438719226894,0.985857283784,3.2471668429,0.0,0.0,0.0
3416,4.29353090805,1.67524617413,35.2997418063,1.03557935535,0.627169242542,28.3614546298,-0.187386996999,0.438126317058,0.985777038322,3.24734779306,0.0,0.0,0.0
3417,4.29478779649,1.67399824871,35.3243427159,1.03566120211,0.626702051246,28.3503598434,-0.188004319354,0.437534677116,0.985696891517,3.24752697661,0.0,0.0,0.0
3418,4.29604468492,1.67275148654,35.3489402136,1.03574380961,0.626235295438,28.3392545208,-0.188620239727,0.436944304201,0.985616845393,3.24770440106,0.0,0.0,0.0
3419,4.29730157336,1.67150588854,35.3735342677,1.03582717618,0.625768975463,28.328138667,-0.189234761759,0.436355195452,0.985536901961,3.2478800739,0.0,0.0,0.0
3420,4.2985584618,1.6702614556,35.3981248464,1.03591130011,0.626975025045,28.3170122873,-0.189847889082,0.437393026605,0.985433357435,3.24834232106,0.0,0.0,0.0
3421,4.29981535024,1.66901818864,35.4227119183,1.03599617973,0.626508333244,28.3058753867,-0.19045962532,0.436803267973,0.985353461245,3.24851500109,0.0,0.0,0.0
3422,4.30107223868,1.66777608855,35.4472954519,1.03608181335,0.626042079453,28.2947279706,-0.191069974089,0.436214774376,0.985273673535,3.24868594725,0.0,0.0,0.0
3423,4.30232912712,1.66653515619,35.4718754156,1.0361681993,0.625576264004,28.283570044,-0.191678939,0.43562754294,0.985193996245,3.24885516698,0.0,0.0,0.0
3424,4.30358601556,1.66529539244,35.4964517782,1.03625533591,0.625110887222,28.2724016123,-0.192286523654,0.435041570797,0.985114431295,3.24902266769,0.0,0.0,0.0
3425,4.304842904,1.66405679816,35.5210245083,1.0363432215,0.62464594943,28.2612226805,-0.192892731644,0.434456855083,0.985034980591,3.24918845677,0.0,0.0,0.0
3426,4.30609979244,1.6628193742,35.5455935747,1.03643185442,0.625845934796,28.2500332538,-0.193497566558,0.435483541888,0.984931037444,3.24964373342,0.0,0.0,0.0
3427,4.30735668088,1.66158312139,35.5701589462,1.036521233,0.625380638443,28.2388333376,-0.194101031975,0.434898203272,0.984851656361,3.24980658193,0.0,0.0,0.0
3428,4.30861356932,1.66034804056,35.5947205916,1.03661135558,0.624915783196,28.227622937,-0.194703131467,0.434314121825,0.984772395027,3.24996773632,0.0,0.0,0.0
3429,4.30987045776,1.65911413253,35.61927848,1.03670222052,0.624451369363,28.2164020572,-0.195303868598,0.433731294674,0.984693255281,3.25012720392,0.0,0.0,0.0
3430,4.31112734619,1.65788139811,35.6438325803,1.03679382616,0.623987397248,28.2051707035,-0.195903246924,0.433149718951,0.984614238941,3.25028499204,0.0,0.0,0.0
3431,4.31238423463,1.65664983809,35.6683828616,1.03688617086,0.623523867152,28.1939288811,-0.196501269996,0.432569391793,0.98453534781,3.25044110794,0.0,0.0,0.0
3432,4.31364112307,1.65541945327,35.692929293,1.03697925299,0.62306077937,28.1826765952,-0.197097941355,0.431990310344,0.984456583672,3.2505955589,0.0,0.0,0.0
3433,4.31489801151,1.65419024442,35.7174718438,1.0370730709,0.624253980281,28.1714138511,-0.197693264535,0.433004187888,0.984352271568,3.2510426894,0.0,0.0,0.0
3434,4.31615489995,1.65296221231,35.7420104832,1.03716762296,0.623790548743,28.1601406541,-0.198287243065,0.432424513265,0.984273601853,3.25119426164,0.0,0.0,0.0
3435,4.31741178839,1.65173535769,35.7665451805,1.03726290755,0.623327561567,28.1488570094,-0.198879880464,0.431846084949,0.984195064313,3.25134418619,0.0,0.0,0.0
3436,4.31866867683,1.65050968133,35.7910759051,1.03735892304,0.622865019035,28.1375629223,-0.199471180245,0.431268900074,0.984116660671,3.25149247023,0.0,0.0,0.0
3437,4.31992556527,1.64928518395,35.8156026265,1.03745566781,0.622402921427,28.126258398,-0.200061145912,0.430692955781,0.984038392628,3.25163912095,0.0,0.0,0.0
3438,4.32118245371,1.64806186629,35.8401253141,1.03755314024,0.621941269016,28.1149434418,-0.200649780965,0.430118249215,0.983960261871,3.25178414549,0.0,0.0,0.0
3439,4.32243934215,1.64683972907,35.8646439377,1.03765133872,0.623128550286,28.103618059,-0.201237088894,0.431121368307,0.98385569006,3.25222441572,0.0,0.0,0.0
3440,4.32369623059,1.64561877299,35.8891584667,1.03775026165,0.622666566906,28.092282255,-0.201823073182,0.430546093994,0.983777673921,3.2523666128,0.0,0.0,0.0
3441,4.32495311902,1.64439899876,35.9136688709,1.03784990741,0.622205030711,28.0809360349,-0.202407737307,0.429972057885,0.983699799985,3.25250720074,0.0,0.0,0.0
3442,4.32621000746,1.64318040707,35.93817512,1.03795027441,0.621743941963,28.0695794042,-0.202991084736,0.429399257117,0.983622069877,3.25264618662,0.0,0.0,0.0
3443,4.3274668959,1.6419629986,35.9626771839,1.03805136105,0.62128330092,28.0582123681,-0.203573118933,0.428827688834,0.983544485205,3.25278357751,0.0,0.0,0.0
3444,4.32872378434,1.64074677402,35.9871750324,1.03815316574,0.620823107838,28.0468349319,-0.204153843351,0.428257350185,0.98346704756,3.25291938045,0.0,0.0,0.0
3445,4.32998067278,1.639531734,36.0116686355,1.03825568688,0.622004535866,28.035447101,-0.204733261439,0.429249882665,0.983362276357,3.25335284117,0.0,0.0,0.0
3446,4.33123756122,1.6383178792,36.0361579632,1.0383589229,0.621544024381,28.0240488807,-0.205311376637,0.428679001007,0.983284972566,3.25348586745,0.0,0.0,0.0
3447,4.33249444966,1.63710521024,36.0606429856,1.0384628722,0.621083962786,28.0126402763,-0.205888192379,0.428109349345,0.983207820462,3.2536173226,0.0,0.0,0.0
3448,4.3337513381,1.63589372778,36.0851236727,1.03856753322,0.62062435132,28.0012212931,-0.206463712091,0.42754092482,0.983130821576,3.2537472136,0.0,0.0,0.0
3449,4.33500822654,1.63468343243,36.1095999948,1.03867290438,0.620165190222,27.9897919366,-0.207037939192,0.426973724578,0.983053977422,3.25387554739,0.0,0.0,0.0
3450,4.33626511498,1.63347432481,36.134071922,1.03877898411,0.619706479725,27.978352212,-0.207610877095,0.426407745775,0.982977289499,3.25400233092,0.0,0.0,0.0
3451,4.33752200342,1.63226640553,36.1585394248,1.03888577085,0.620882120359,27.9669021248,-0.208182529205,0.427389860995,0.982872376864,3.25442903403,0.0,0.0,0.0
3452,4.33877889186,1.6310596752,36.1830024734,1.03899326302,0.620423103814,27.9554416802,-0.20875289892,0.426823363248,0.982795841105,3.25455309124,0.0,0.0,0.0
3453,4.34003578029,1.62985413439,36.2074610384,1.03910145908,0.619964539742,27.9439708837,-0.209321989632,0.426258087189,0.982719465987,3.25467561478,0.0,0.0,0.0
3454,4.34129266873,1.62864978369,36.23191509,1.03921035747,0.619506428364,27.9324897407,-0.209889804724,0.425694029964,0.982643252952,3.25479661152,0.0,0.0,0.0
3455,4.34254955717,1.62744662367,36.256364599,1.03931995663,0.619048769898,27.9209982565,-0.210456347575,0.425131188727,0.982567203423,3.25491608832,0.0,0.0,0.0
3456,4.34380644561,1.62624465489,36.2808095359,1.03943025503,0.618591564557,27.9094964365,-0.211021621555,0.424569560635,0.982491318811,3.255034052,0.0,0.0,0.0
3457,4.34506333405,1.6250438779,36.3052498713,1.03954125111,0.619761483093,27.8979842861,-0.211585630027,0.425541425481,0.982386320418,3.25545405044,0.0,0.0,0.0
3458,4.34632022249,1.62384429326,36.329685576,1.03965294334,0.619303983846,27.8864618108,-0.212148376348,0.424979301854,0.982310605379,3.25556933766,0.0,0.0,0.0
3459,4.34757711093,1.6226459015,36.3541166208,1.03976533018,0.618846939539,27.8749290159,-0.212709863867,0.424418391515,0.982235059423,3.25568312813,0.0,0.0,0.0
3460,4.34883399937,1.62144870314,36.3785429764,1.0398784101,0.618390350374,27.8633859068,-0.213270095929,0.423858691618,0.982159683905,3.25579542862,0.0,0.0,0.0
3461,4.35009088781,1.6202526987,36.4029646138,1.03999218157,0.617934216549,27.851832489,-0.213829075868,0.423300199323,0.982084480162,3.25590624588,0.0,0.0,0.0
3462,4.35134777625,1.61905788869,36.4273815039,1.04010664307,0.617478538258,27.8402687679,-0.214386807015,0.422742911794,0.982009449515,3.25601558661,0.0,0.0,0.0
3463,4.35260466469,1.61786427362,36.4517936178,1.04022179307,0.618642799442,27.828694749,-0.214943292692,0.4237046907,0.981904418824,3.25642893434,0.0,0.0,0.0
3464,4.35386155312,1.61667185397,36.4762009264,1.04033763006,0.618186839176,27.8171104376,-0.215498536214,0.423146930399,0.981829574287,3.256535648,0.0,0.0,0.0
3465,4.35511844156,1.61548063022,36.5006034009,1.04045415253,0.617731336203,27.8055158393,-0.216052540891,0.422590374903,0.981754906782,3.25664090129,0.0,0.0,0.0
3466,4.35637533,1.61429060287,36.5250010125,1.04057135896,0.617276290707,27.7939109594,-0.216605310025,0.422035021375,0.981680417575,3.25674470089,0.0,0.0,0.0
3467,4.35763221844,1.61310177236,36.5493937325,1.04068924785,0.616821702865,27.7822958035,-0.217156846912,0.42148086698,0.981606107919,3.25684705341,0.0,0.0,0.0
3468,4.35888910688,1.61191413916,36.573781532,1.0408078177,0.616367572852,27.770670377,-0.21770715484,0.420927908893,0.981531979053,3.25694796548,0.0,0.0,0.0
3469,4.36014599532,1.61072770371,36.5981643825,1.04092706701,0.615913900841,27.7590346853,-0.218256237092,0.420376144292,0.9814580322,3.25704744369,0.0,0.0,0.0
3470,4.36140288376,1.60954246647,36.6225422553,1.04104699427,0.617071840614,27.7473887341,-0.218804096944,0.42132635513,0.981353040307,3.25745305123,0.0,0.0,0.0
3471,4.3626597722,1.60835842786,36.646915122,1.04116759801,0.616617899885,27.7357325286,-0.219350737664,0.420774142651,0.98127929774,3.2575499606,0.0,0.0,0.0
3472,4.36391666064,1.6071755883,36.671282954,1.04128887674,0.616164418854,27.7240660745,-0.219896162515,0.420223123587,0.981205740854,3.257645452,0.0,0.0,0.0
3473,4.36517354908,1.60599394822,36.695645723,1.04141082896,0.61571139768,27.7123893773,-0.220440374753,0.419673295116,0.98113237082,3.25773953196,0.0,0.0,0.0
3474,4.36643043752,1.60481350801,36.7200034004,1.0415334532,0.615258836521,27.7007024424,-0.220983377627,0.419124654418,0.981059188797,3.25783220699,0.0,0.0,0.0
3475,4.36768732596,1.60363426809,36.7443559581,1.04165674798,0.614806735529,27.6890052753,-0.221525174379,0.418577198681,0.980986195926,3.25792348358,0.0,0.0,0.0
3476,4.36894421439,1.60245622884,36.7687033678,1.04178071183,0.615959155137,27.6772978816,-0.222065768246,0.419517675203,0.980881279999,3.25832256397,0.0,0.0,0.0
3477,4.37020110283,1.60127939064,36.7930456012,1.04190534328,0.61550679691,27.6655802668,-0.222605162457,0.418969793003,0.980808506146,3.25841132001,0.0,0.0,0.0
3478,4.37145799127,1.60010375387,36.8173826302,1.04203064086,0.615054900495,27.6538524365,-0.223143360236,0.4184230956,0.980735924895,3.25849869327,0.0,0.0,0.0
3479,4.37271487971,1.5989293189,36.8417144267,1.0421566031,0.614603466031,27.642114396,-0.223680364799,0.417877580178,0.980663537338,3.25858469019,0.0,0.0,0.0
3480,4.37397176815,1.59775608608,36.8660409627,1.04228322856,0.614152493656,27.6303661511,-0.224216179356,0.417333243929,0.980591344552,3.25866931717,0.0,0.0,0.0
3481,4.37522865659,1.59658405577,36.8903622102,1.04241051578,0.613701983507,27.6186077073,-0.224750807111,0.416790084051,0.980519347601,3.2587525806,0.0,0.0,0.0
3482,4.37648554503,1.59541322831,36.9146781412,1.04253846329,0.614848945946,27.60683907,-0.225284251262,0.417720982909,0.980414554503,3.25914519039,0.0,0.0,0.0
3483,4.37774243347,1.59424360403,36.9389887279,1.04266706967,0.614398189844,27.595060245,-0.225816514999,0.417177417385,0.980342790517,3.25922598104,0.0,0.0,0.0
3484,4.37899932191,1.59307518327,36.9632939425,1.04279633345,0.613947897557,27.5832712376,-0.226347601507,0.416635027975,0.980271225603,3.25930542358,0.0,0.0,0.0
3485,4.38025621035,1.59190796633,36.9875937572,1.04292625319,0.613498069209,27.5714720536,-0.226877513965,0.416093811875,0.980199860778,3.25938352433,0.0,0.0,0.0
3486,4.38151309879,1.59074195354,37.0118881442,1.04305682747,0.61304870492,27.5596626984,-0.227406255543,0.415553766286,0.980128697042,3.25946028961,0.0,0.0,0.0
3487,4.38276998722,1.5895771452,37.036177076,1.04318805485,0.612599804807,27.5478431778,-0.227933829409,0.415014888418,0.980057735385,3.25953572568,0.0,0.0,0.0
3488,4.38402687566,1.58841354159,37.0604605248,1.04331993389,0.612151368984,27.5360134972,-0.22846023872,0.414477175484,0.979986976782,3.2596098388,0.0,0.0,0.0
3489,4.3852837641,1.58725114302,37.0847384632,1.04345246317,0.613292237538,27.5241736623,-0.22898548663,0.415397100614,0.979882394513,3.25999493272,0.0,0.0,0.0
3490,4.38654065254,1.58608994976,37.1090108637,1.04358564126,0.61284356827,27.5123236787,-0.229509576286,0.41485900471,0.979811884111,3.2600666293,0.0,0.0,0.0
3491,4.38779754098,1.58492996208,37.1332776988,1.04371946674,0.612395364822,27.5004635519,-0.230032510829,0.414322073389,0.97974157976,3.26013701813,0.0,0.0,0.0
3492,4.38905442942,1.58377118025,37.157538941,1.0438539382,0.611947627298,27.4885932877,-0.230554293391,0.413786303863,0.979671482389,3.2602061054,0.0,0.0,0.0
3493,4.39031131786,1.58261360452,37.1817945632,1.04398905423,0.611500355797,27.4767128917,-0.231074927103,0.413251693353,0.979601592911,3.26027389728,0.0,0.0,0.0
3494,4.3915682063,1.58145723516,37.2060445379,1.04412481341,0.611053550416,27.4648223694,-0.231594415085,0.412718239085,0.979531912231,3.26034039993,0.0,0.0,0.0
3495,4.39282509474,1.58030207239,37.230288838,1.04426121433,0.612189095197,27.4529217265,-0.232112760452,0.41362892113,0.979427547416,3.26071915155,0.0,0.0,0.0
3496,4.39408198318,1.57914811645,37.2545274362,1.0443982556,0.611742067222,27.4410109686,-0.232629966316,0.41309510346,0.979358127253,3.26078328431,0.0,0.0,0.0
3497,4.39533887162,1.57799536758,37.2787603054,1.04453593581,0.611295506847,27.4290901015,-0.233146035779,0.412562441597,0.979288918686,3.2608461428,0.0,0.0,0.0
3498,4.39659576005,1.57684382598,37.3029874186,1.04467425357,0.610849414158,27.4171591307,-0.233660971939,0.412030932766,0.979219922573,3.26090773313,0.0,0.0,0.0
3499,4.39785264849,1.57569349189,37.3272087488,1.04481320748,0.610403789237,27.405218062,-0.234174777886,0.411500574198,0.979151139757,3.26096806136,0.0,0.0,0.0
3500,4.39910953693,1.57454436549,37.3514242688,1.04495279616,0.609958632164,27.393266901,-0.234687456706,0.410971363132,0.979082571071,3.26102713355,0.0,0.0,0.0
3501,4.40036642537,1.57339644699,37.3756339519,1.04509301821,0.609513943015,27.3813056533,-0.235199011478,0.410443296814,0.979014217335,3.26108495573,0.0,0.0,0.0
3502,4.40162331381,1.57224973657,37.3998377711,1.04523387226,0.610643545417,27.3693343247,-0.235709445276,0.411343395742,0.97891016802,3.26145634987,0.0,0.0,0.0
3503,4.40288020225,1.57110423443,37.4240356996,1.04537535693,0.610198645687,27.3573529209,-0.236218761166,0.410814987278,0.978842088194,3.261511857,0.0,0.0,0.0
3504,4.40413709069,1.56995994074,37.4482277107,1.04551747084,0.609754215305,27.3453614475,-0.236726962209,0.410287723038,0.978774225893,3.26156612882,0.0,0.0,0.0
3505,4.40539397913,1.56881685567,37.4724137776,1.04566021262,0.609310254335,27.3333599103,-0.237234051461,0.409761600268,0.978706581893,3.26161917131,0.0,0.0,0.0
3506,4.40665086757,1.56767497938,37.4965938737,1.04580358089,0.608866762842,27.3213483149,-0.237740031971,0.40923661622,0.978639156959,3.26167099042,0.0,0.0,0.0
3507,4.40790775601,1.56653431202,37.5207679723,1.0459475743,0.608423740885,27.3093266671,-0.238244906781,0.408712768149,0.978571951843,3.26172159208,0.0,0.0,0.0
3508,4.40916464445,1.56539485374,37.5449360469,1.04609219148,0.609548150331,27.2972949726,-0.23874867893,0.409603947149,0.97846820601,3.2620867747,0.0,0.0,0.0
3509,4.41042153289,1.56425660469,37.569098071,1.04623743107,0.609104928228,27.2852532372,-0.239251351448,0.409079775319,0.978401285601,3.26213510679,0.0,0.0,0.0
3510,4.41167842132,1.563119565,37.593254018,1.04638329171,0.608662177036,27.2732014665,-0.239752927362,0.408556738871,0.978334587404,3.26218223591,0.0,0.0,0.0
3511,4.41293530976,1.56198373479,37.6174038617,1.04652977206,0.608219896805,27.2611396663,-0.240253409691,0.408034835061,0.978268112126,3.26222816795,0.0,0.0,0.0
3512,4.4141921982,1.56084911419,37.6415475755,1.04667687076,0.607778087581,27.2490678424,-0.240752801448,0.407514061156,0.978201860465,3.26227290873,0.0,0.0,0.0
3513,4.41544908664,1.5597157033,37.6656851332,1.04682458646,0.607336749408,27.2369860005,-0.241251105643,0.406994414427,0.978135833108,3.26231646411,0.0,0.0,0.0
3514,4.41670597508,1.55858350224,37.6898165085,1.04697291783,0.606895882328,27.2248941464,-0.241748325276,0.406475892152,0.978070030731,3.26235883988,0.0,0.0,0.0
3515,4.41796286352,1.5574525111,37.7139416753,1.04712186353,0.608014497895,27.2127922858,-0.242244463345,0.407356864918,0.977966695346,3.26271682563,0.0,0.0,0.0
3516,4.41921975196,1.55632272998,37.7380606073,1.04727142221,0.607573442202,27.2006804245,-0.24273952284,0.406838038796,0.977901189354,3.26275698524,0.0,0.0,0.0
3517,4.4204766404,1.55519415896,37.7621732784,1.04742159254,0.60713285892,27.1885585684,-0.243233506746,0.406320336453,0.977835910526,3.26279597949,0.0,0.0,0.0
3518,4.42173352884,1.55406679812,37.7862796625,1.04757237321,0.606692748082,27.1764267231,-0.243726418042,0.405803755166,0.977770859498,3.2628338141,0.0,0.0,0.0
3519,4.42299041728,1.55294064753,37.8103797337,1.04772376287,0.606253109715,27.1642848945,-0.244218259702,0.405288292222,0.977706036892,3.26287049482,0.0,0.0,0.0
3520,4.42424730572,1.55181570726,37.8344734659,1.0478757602,0.605813943844,27.1521330884,-0.244709034693,0.404773944913,0.977641443321,3.26290602736,0.0,0.0,0.0
3521,4.42550419415,1.55069197737,37.8585608332,1.04802836389,0.605375250494,27.1399713106,-0.245198745978,0.404260710539,0.977577079386,3.26294041739,0.0,0.0,0.0
3522,4.42676108259,1.54956945791,37.8826418098,1.04818157262,0.606488150255,27.1277995668,-0.245687396514,0.405131675889,0.977474201604,3.26329129505,0.0,0.0,0.0
3523,4.42801797103,1.54844814893,37.9067163698,1.04833538507,0.606049279572,27.1156178631,-0.24617498925,0.404618156891,0.977410144855,3.26332352156,0.0,0.0,0.0
3524,4.42927485947,1.54732805046,37.9307844875,1.04848979994,0.605610882674,27.103426205,-0.246661527132,0.404105750077,0.977346319728,3.26335461954,0.0,0.0,0.0
3525,4.43053174791,1.54620916254,37.9548461371,1.04864481592,0.605172959574,27.0912245986,-0.247147013101,0.403594452749,0.977282726786,3.26338459463,0.0,0.0,0.0
3526,4.43178863635,1.5450914852,37.9789012929,1.04880043169,0.604735510283,27.0790130496,-0.247631450089,0.403084262214,0.977219366581,3.26341345244,0.0,0.0,0.0
3527,4.43304552479,1.54397501844,38.0029499294,1.04895664597,0.604298534808,27.0667915639,-0.248114841025,0.402575175785,0.977156239655,3.26344119855,0.0,0.0,0.0
3528,4.43430241323,1.5428597623,38.0269920208,1.04911345746,0.605406437314,27.0545601473,-0.248597188833,0.403437697952,0.977053782043,3.26378607094,0.0,0.0,0.0
3529,4.43555930167,1.54174571677,38.0510275418,1.04927086485,0.604969294325,27.0423188057,-0.249078496429,0.402928343588,0.976990970968,3.26381169718,0.0,0.0,0.0
3530,4.43681619011,1.54063288186,38.0750564667,1.04942886686,0.604532626371,27.0300675449,-0.249558766726,0.402420092516,0.976928394994,3.26383622548,0.0,0.0,0.0
3531,4.43807307855,1.53952125756,38.0990787701,1.04958746221,0.604096433452,27.0178063709,-0.250038002631,0.401912942052,0.976866054624,3.26385966137,0.0,0.0,0.0
3532,4.43932996699,1.53841084386,38.1230944267,1.04974664959,0.603660715562,27.0055352895,-0.250516207043,0.401406889518,0.976803950351,3.26388201037,0.0,0.0,0.0
3533,4.44058685542,1.53730164073,38.1471034111,1.04990642774,0.603225472695,26.9932543066,-0.250993382859,0.400901932245,0.976742082658,3.26390327796,0.0,0.0,0.0
3534,4.44184374386,1.53619364817,38.171105698,1.05006679538,0.602790704841,26.9809634281,-0.251469532968,0.400398067568,0.976680452019,3.26392346962,0.0,0.0,0.0
3535,4.4431006323,1.53508686612,38.1951012621,1.05022775122,0.603893035471,26.9686626599,-0.251944660256,0.401250938704,0.97657853322,3.26426139677,0.0,0.0,0.0
3536,4.44435752074,1.53398129457,38.2190900783,1.050389294,0.603458110925,26.9563520079,-0.252418767602,0.400746824086,0.9765172277,3.26427951975,0.0,0.0,0.0
3537,4.44561440918,1.53287693346,38.2430721213,1.05055142244,0.603023662562,26.944031478,-0.252891857879,0.400243801183,0.976456160871,3.2642965803,0.0,0.0,0.0
3538,4.44687129762,1.53177378275,38.2670473661,1.05071413528,0.60258969036,26.9317010761,-0.253363933956,0.399741867334,0.976395333171,3.26431258382,0.0,0.0,0.0
3539,4.44812818606,1.53067184238,38.2910157875,1.05087743126,0.602156194299,26.9193608082,-0.253834998697,0.399241019884,0.976334745027,3.26432753572,0.0,0.0,0.0
3540,4.4493850745,1.52957111229,38.3149773606,1.05104130912,0.601723174354,26.9070106802,-0.254305054959,0.398741256187,0.976274396855,3.26434144138,0.0,0.0,0.0
3541,4.45064196294,1.52847159242,38.3389320604,1.05120576759,0.601290630499,26.894650698,-0.254774105594,0.398242573601,0.976214289064,3.26435430614,0.0,0.0,0.0
3542,4.45189885138,1.52737328268,38.3628798619,1.05137080543,0.602387464884,26.8822808676,-0.255242153451,0.399085981549,0.976112949208,3.26468537761,0.0,0.0,0.0
3543,4.45315573982,1.52627618301,38.3868207403,1.05153642138,0.601954774923,26.869901195,-0.255709201372,0.398587066384,0.976053175021,3.26469622409,0.0,0.0,0.0
3544,4.45441262825,1.52518029332,38.4107546707,1.0517026142,0.60152256217,26.857511686,-0.256175252192,0.398089231385,0.975993642677,3.26470604292,0.0,0.0,0.0
3545,4.45566951669,1.5240856135,38.4346816283,1.05186938263,0.601090826589,26.8451123468,-0.256640308744,0.397592473916,0.975934352547,3.2647148394,0.0,0.0,0.0
3546,4.45692640513,1.52299214348,38.4586015884,1.05203672544,0.600659568142,26.8327031831,-0.257104373854,0.397096791346,0.975875304997,3.26472261882,0.0,0.0,0.0
3547,4.45818329357,1.52189988315,38.4825145263,1.05220464139,0.600228786789,26.8202842011,-0.257567450343,0.396602181049,0.975816500379,3.26472938642,0.0,0.0,0.0
3548,4.45944018201,1.52080883239,38.5064204173,1.05237312925,0.599798482487,26.8078554067,-0.258029541027,0.396108640408,0.97575793904,3.26473514747,0.0,0.0,0.0
3549,4.46069707045,1.5197189911,38.5303192367,1.05254218777,0.600889895416,26.7954168058,-0.258490648718,0.39694276926,0.975657215966,3.26505945288,0.0,0.0,0.0
3550,4.46195395889,1.51863035916,38.5542109601,1.05271181574,0.600459455357,26.7829684046,-0.25895077622,0.396449012792,0.975598995967,3.26506324524,0.0,0.0,0.0
3551,4.46321084733,1.51754293643,38.5780955629,1.05288201191,0.600029493418,26.770510209,-0.259409926335,0.395956324977,0.975541020538,3.26506604403,0.0,0.0,0.0
3552,4.46446773577,1.51645672279,38.6019730207,1.05305277508,0.599600009546,26.758042225,-0.259868101858,0.395464703201,0.975483289992,3.26506785442,0.0,0.0,0.0
3553,4.46572462421,1.5153717181,38.6258433089,1.05322410401,0.599171003689,26.7455644587,-0.260325305579,0.394974144857,0.97542580463,3.26506868158,0.0,0.0,0.0
3554,4.46698151265,1.51428792222,38.6497064032,1.05339599749,0.598742475788,26.733076916,-0.260781540284,0.394484647345,0.975368564748,3.26506853067,0.0,0.0,0.0
3555,4.46823840108,1.513205335,38.6735622793,1.0535684543,0.598314425787,26.7205796031,-0.261236808753,0.393996208072,0.975311570631,3.26506740681,0.0,0.0,0.0
3556,4.46949528952,1.51212395629,38.6974109128,1.05374147324,0.599400491211,26.7080725259,-0.261691113761,0.394821238232,0.975211499974,3.26538503587,0.0,0.0,0.0
3557,4.47075217796,1.51104378593,38.7212522795,1.05391505309,0.598972315572,26.6955556905,-0.262144458079,0.394332599289,0.975154854214,3.26538199213,0.0,0.0,0.0
3558,4.4720090664,1.50996482375,38.7450863552,1.05408919265,0.598544618852,26.6830291029,-0.262596844471,0.393845017526,0.975098455348,3.26537798819,0.0,0.0,0.0
3559,4.47326595484,1.50888706958,38.7689131157,1.0542638907,0.598117400985,26.6704927693,-0.2630482757,0.393358490352,0.975042303631,3.2653730291,0.0,0.0,0.0
3560,4.47452284328,1.50781052326,38.7927325369,1.05443914606,0.5976906619,26.6579466956,-0.263498754518,0.392873015185,0.974986399306,3.26536711992,0.0,0.0,0.0
3561,4.47577973172,1.50673518459,38.8165445946,1.05461495753,0.597264401526,26.645390888,-0.263948283678,0.392388589449,0.974930742611,3.26536026569,0.0,0.0,0.0
3562,4.47703662016,1.50566105339,38.840349265,1.0547913239,0.596838619789,26.6328253525,-0.264396865924,0.391905210574,0.974875333773,3.26535247143,0.0,0.0,0.0
3563,4.4782935086,1.50458812946,38.8641465238,1.054968244,0.59791941083,26.6202500953,-0.264844503998,0.392721318831,0.974775949044,3.2656635138,0.0,0.0,0.0
3564,4.47955039704,1.50351641263,38.8879363473,1.05514571662,0.597493513347,26.6076651224,-0.265291200634,0.392237755873,0.974720894891,3.26565384768,0.0,0.0,0.0
3565,4.48080728548,1.50244590267,38.9117187115,1.05532374058,0.597068095476,26.5950704399,-0.265736958564,0.391755238666,0.97466608957,3.26564325401,0.0,0.0,0.0
3566,4.48206417392,1.50137659938,38.9354935925,1.05550231471,0.596643157132,26.582466054,-0.266181780514,0.391273764644,0.974611533279,3.26563173775,0.0,0.0,0.0
3567,4.48332106235,1.50030850255,38.9592609665,1.05568143781,0.596218698233,26.5698519707,-0.266625669205,0.39079333125,0.974557226207,3.26561930384,0.0,0.0,0.0
3568,4.48457795079,1.49924161197,38.9830208097,1.05586110872,0.595794718691,26.5572281962,-0.267068627353,0.390313935931,0.974503168537,3.26560595721,0.0,0.0,0.0
3569,4.48583483923,1.4981759274,39.0067730985,1.05604132625,0.595371218417,26.5445947366,-0.26751065767,0.389835576143,0.974449360442,3.26559170276,0.0,0.0,0.0
3570,4.48709172767,1.49711144862,39.030517809,1.05622208924,0.596446807373,26.5319515981,-0.267951762862,0.390642935733,0.974350693101,3.26589624803,0.0,0.0,0.0
3571,4.48834861611,1.4960481754,39.0542549176,1.05640339652,0.596023201024,26.5192987867,-0.268391945633,0.390164406894,0.974297245356,3.26588016895,0.0,0.0,0.0
3572,4.48960550455,1.49498610749,39.0779844007,1.05658524692,0.595600074872,26.5066363087,-0.268831208679,0.389686912427,0.974244048011,3.2658631943,0.0,0.0,0.0
3573,4.49086239299,1.49392524466,39.1017062348,1.05676763927,0.59517742882,26.4939641702,-0.269269554692,0.389210449791,0.974191101212,3.26584532891,0.0,0.0,0.0
3574,4.49211928143,1.49286558666,39.1254203963,1.05695057242,0.594755262768,26.4812823774,-0.26970698636,0.388735016454,0.974138405094,3.26582657762,0.0,0.0,0.0
3575,4.49337616987,1.49180713323,39.1491268618,1.05713404522,0.594333576615,26.4685909364,-0.270143506368,0.388260609888,0.974085959788,3.26580694526,0.0,0.0,0.0
3576,4.49463305831,1.49074988411,39.1728256077,1.05731805649,0.593912370259,26.4558898534,-0.270579117393,0.387787227573,0.974033765414,3.2657864366,0.0,0.0,0.0
3577,4.49588994675,1.48969383903,39.1965166107,1.0575026051,0.594982828611,26.4431791346,-0.271013822108,0.388586008251,0.973935844953,3.26608457423,0.0,0.0,0.0
3578,4.49714683518,1.48863899774,39.2201998475,1.05768768989,0.594561525633,26.4304587862,-0.271447623185,0.388112471382,0.973884015962,3.26606228738,0.0,0.0,0.0
3579,4.49840372362,1.48758535996,39.2438752947,1.05787330972,0.594140703335,26.4177288144,-0.271880523286,0.387639957559,0.973832438587,3.26603913624,0.0,0.0,0.0
3580,4.49966061206,1.4865329254,39.2675429289,1.05805946345,0.593720361606,26.4049892254,-0.272312525072,0.387168464268,0.973781112922,3.26601512554,0.0,0.0,0.0
3581,4.5009175005,1.48548169379,39.2912027271,1.05824614992,0.593300500332,26.3922400254,-0.272743631198,0.386697989001,0.973730039053,3.26599026001,0.0,0.0,0.0
3582,4.50217438894,1.48443166484,39.314854666,1.05843336801,0.592881119399,26.3794812206,-0.273173844316,0.386228529257,0.97367921706,3.26596454436,0.0,0.0,0.0
3583,4.50343127738,1.48338283825,39.3384987224,1.05862111658,0.592462218689,26.3667128173,-0.273603167072,0.385760082542,0.973628647014,3.26593798327,0.0,0.0,0.0
3584,4.50468816582,1.48233521373,39.3621348732,1.05880939449,0.59352761711,26.3539348217,-0.274031602107,0.386550450645,0.973531501028,3.26622980253,0.0,0.0,0.0
3585,4.50594505426,1.48128879097,39.3857630954,1.05899820062,0.593108629018,26.34114724,-0.274459152059,0.386081863351,0.97348130079,3.26620150889,0.0,0.0,0.0
3586,4.5072019427,1.48024356967,39.4093833659,1.05918753384,0.592690121991,26.3283500785,-0.27488581956,0.385614287838,0.973431353049,3.26617238156,0.0,0.0,0.0
3587,4.50845883114,1.47919954951,39.4329956618,1.05937739302,0.592272095902,26.3155433435,-0.275311607239,0.385147721616,0.973381657847,3.26614242518,0.0,0.0,0.0
3588,4.50971571958,1.47815673018,39.45659996,1.05956777704,0.591854550625,26.3027270412,-0.27573651772,0.384682162203,0.973332215225,3.26611164436,0.0,0.0,0.0
3589,4.51097260802,1.47711511136,39.4801962377,1.05975868479,0.591437486032,26.2899011778,-0.276160553622,0.384217607124,0.973283025213,3.2660800437,0.0,0.0,0.0
3590,4.51222949645,1.47607469272,39.5037844719,1.05995011515,0.591020901992,26.2770657597,-0.276583717561,0.383754053909,0.973234087836,3.26604762778,0.0,0.0,0.0
3591,4.51348638489,1.47503547393,39.52736464,1.06014206699,0.592081310352,26.2642207931,-0.277006012146,0.384536172426,0.97313774209,3.26633321773,0.0,0.0,0.0
3592,4.51474327333,1.47399745466,39.550936719,1.06033453922,0.591664647961,26.2513662843,-0.277427439984,0.384072492108,0.973089178368,3.26629911412,0.0,0.0,0.0
3593,4.51600016177,1.47296063456,39.5745006862,1.06052753073,0.591248466922,26.2385022397,-0.277848003677,0.383609812367,0.973040867699,3.26626420676,0.0,0.0,0.0
3594,4.51725705021,1.4719250133,39.598056519,1.0607210404,0.590832767095,26.2256286654,-0.278267705822,0.38314813074,0.972992810082,3.26622850018,0.0,0.0,0.0
3595,4.51851393865,1.47089059052,39.6216041946,1.06091506713,0.590417548342,26.212745568,-0.278686549012,0.38268744477,0.972945005511,3.26619199888,0.0,0.0,0.0
3596,4.51977082709,1.46985736587,39.6451436904,1.06110960983,0.59000281052,26.1998529535,-0.279104535837,0.382227752007,0.972897453971,3.26615470736,0.0,0.0,0.0
3597,4.52102771553,1.468825339,39.6686749838,1.0613046674,0.589588553486,26.1869508285,-0.279521668881,0.381769050009,0.972850155442,3.26611663009,0.0,0.0,0.0
3598,4.52228460397,1.46779450953,39.6921980523,1.06150023874,0.589174777095,26.1740391992,-0.279937950724,0.38131133634,0.972803109896,3.26607777153,0.0,0.0,0.0
3599,4.52354149241,1.46676487712,39.7157128733,1.06169632276,0.590229714303,26.1611180719,-0.280353383942,0.382084262531,0.972707712359,3.26635635861,0.0,0.0,0.0
3600,4.52479838085,1.46573644138,39.7392194244,1.06189291837,0.58981586929,26.148187453,-0.280767971106,0.38162643586,0.972661044081,3.26631586326,0.0,0.0,0.0
3601,4.52605526928,1.46470920193,39.7627176832,1.06209002448,0.589402505671,26.1352473489,-0.281181714785,0.381169596191,0.972614629063,3.26627459785,0.0,0.0,0.0
3602,4.52731215772,1.46368315841,39.7862076272,1.06228764001,0.588989623293,26.1222977659,-0.281594617541,0.380713741094,0.972568467256,3.2662325668,0.0,0.0,0.0
3603,4.52856904616,1.46265831043,39.8096892341,1.06248576387,0.588577222003,26.1093387104,-0.282006681934,0.380258868146,0.972522558602,3.26618977447,0.0,0.0,0.0
3604,4.5298259346,1.4616346576,39.8331624815,1.06268439499,0.588165301643,26.0963701887,-0.282417910519,0.379804974929,0.972476903037,3.26614622526,0.0,0.0,0.0
3605,4.53108282304,1.46061219952,39.8566273473,1.06288353229,0.587753862057,26.0833922073,-0.282828305845,0.379352059034,0.972431500493,3.26610192351,0.0,0.0,0.0
3606,4.53233971148,1.45959093581,39.8800838091,1.0630831747,0.588803955066,26.0704047725,-0.283237870461,0.380117075353,0.972336952242,3.26637447305,0.0,0.0,0.0
3607,4.53359659992,1.45857086605,39.9035318447,1.06328332114,0.588392455456,26.0574078908,-0.283646606907,0.379664058916,0.972291929649,3.26632857767,0.0,0.0,0.0
3608,4.53485348836,1.45755198986,39.926971432,1.06348397054,0.587981437331,26.0444015685,-0.284054517724,0.37921201844,0.972247160237,3.26628194076,0.0,0.0,0.0
3609,4.5361103768,1.45653430681,39.9504025489,1.06368512185,0.587570900526,26.0313858121,-0.284461605444,0.378760951523,0.972202643913,3.2662345666,0.0,0.0,0.0
3610,4.53736726524,1.4555178165,39.9738251733,1.06388677399,0.587160844874,26.0183606279,-0.284867872598,0.378310855765,0.97215838058,3.26618645949,0.0,0.0,0.0
3611,4.53862415368,1.4545025185,39.997239283,1.0640889259,0.586751270207,26.0053260224,-0.285273321713,0.377861728777,0.972114370133,3.2661376237,0.0,0.0,0.0
3612,4.53988104211,1.4534884124,40.0206448562,1.06429157652,0.586342176356,25.992282002,-0.285677955309,0.377413568174,0.972070612462,3.26608806347,0.0,0.0,0.0
3613,4.54113793055,1.45247549778,40.0440418708,1.06449472481,0.58738749257,25.9792285733,-0.286081775906,0.378170827422,0.971976933956,3.26635466343,0.0,0.0,0.0
3614,4.54239481899,1.4514637742,40.0674303049,1.0646983697,0.586978347097,25.9661657425,-0.286484786017,0.377722578286,0.971933558418,3.26630355198,0.0,0.0,0.0
3615,4.54365170743,1.45045324123,40.0908101366,1.06490251014,0.586569683113,25.9530935162,-0.286886988153,0.377275294144,0.971890435705,3.26625172686,0.0,0.0,0.0
3616,4.54490859587,1.44944389843,40.114181344,1.06510714508,0.58616150044,25.9400119008,-0.287288384818,0.376828972618,0.971847565687,3.26619919226,0.0,0.0,0.0
3617,4.54616548431,1.44843574536,40.1375439053,1.06531227349,0.5857537989,25.9269209029,-0.287688978517,0.376383611337,0.971804948225,3.26614595238,0.0,0.0,0.0
3618,4.54742237275,1.44742878159,40.1608977988,1.06551789431,0.585346578313,25.9138205288,-0.288088771745,0.375939207938,0.971762583178,3.26609201138,0.0,0.0,0.0
3619,4.54867926119,1.44642300665,40.1842430026,1.0657240065,0.584939838499,25.9007107851,-0.288487766999,0.375495760061,0.971720470397,3.26603737341,0.0,0.0,0.0
3620,4.54993614963,1.44541842009,40.2075794951,1.06593060903,0.584533579272,25.8875916782,-0.288885966768,0.375053265356,0.971678609729,3.2659820426,0.0,0.0,0.0
3621,4.55119303807,1.44441502147,40.2309072546,1.06613770085,0.585573661326,25.8744632147,-0.289283373538,0.375801887124,0.971585951591,3.26624196379,0.0,0.0,0.0
3622,4.55244992651,1.44341281032,40.2542262594,1.06634528094,0.585167359507,25.8613254011,-0.289679989793,0.375359316389,0.971544474852,3.26618512979,0.0,0.0,0.0
3623,4.55370681495,1.44241178617,40.277536488,1.06655334827,0.584761538907,25.8481782438,-0.290075818011,0.374917697406,0.971503250155,3.26612761345,0.0,0.0,0.0
3624,4.55496370338,1.44141194856,40.3008379187,1.0667619018,0.584356199336,25.8350217494,-0.290470860666,0.37447702783,0.971462277324,3.26606941886,0.0,0.0,0.0
3625,4.55622059182,1.44041329702,40.3241305302,1.06697094051,0.583951340602,25.8218559245,-0.29086512023,0.374037305323,0.971421556181,3.26601055007,0.0,0.0,0.0
3626,4.55747748026,1.43941583107,40.3474143008,1.06718046337,0.583546962513,25.8086807755,-0.29125859917,0.373598527554,0.971381086541,3.26595101115,0.0,0.0,0.0
3627,4.5587343687,1.43841955023,40.3706892091,1.06739046937,0.583143064875,25.795496309,-0.291651299949,0.373160692197,0.971340868215,3.26589080613,0.0,0.0,0.0
3628,4.55999125714,1.43742445402,40.3939552337,1.06760095748,0.582739647492,25.7823025315,-0.292043225027,0.372723796935,0.971300901008,3.26582993903,0.0,0.0,0.0
3629,4.56124814558,1.43643054195,40.4172123532,1.06781192669,0.58377457857,25.7690994497,-0.292434376861,0.373463974943,0.97120928495,3.26608329909,0.0,0.0,0.0
3630,4.56250503402,1.43543781353,40.4404605463,1.06802337598,0.583371127382,25.75588707,-0.292824757901,0.37302701562,0.971169702873,3.26602097578,0.0,0.0,0.0
3631,4.56376192246,1.43444626827,40.4636997916,1.06823530434,0.582968157037,25.7426653991,-0.293214370597,0.372590994946,0.971130371729,3.26595800063,0.0,0.0,0.0
3632,4.5650188109,1.43345590568,40.4869300679,1.06844771077,0.582565667333,25.7294344435,-0.293603217393,0.372155910608,0.971091291304,3.2658943776,0.0,0.0,0.0
3633,4.56627569934,1.43246672524,40.510151354,1.06866059425,0.582163658067,25.7161942099,-0.293991300731,0.371721760302,0.97105246138,3.26583011063,0.0,0.0,0.0
3634,4.56753258778,1.43147872646,40.5333636286,1.06887395379,0.581762129034,25.7029447047,-0.294378623047,0.371288541729,0.971013881733,3.26576520368,0.0,0.0,0.0
3635,4.56878947621,1.43049190883,40.5565668706,1.06908778837,0.581361080027,25.6896859346,-0.294765186776,0.370856252598,0.970975552134,3.26569966067,0.0,0.0,0.0
3636,4.57004636465,1.42950627184,40.5797610589,1.069302097,0.58239144804,25.6764179063,-0.295150994347,0.371589156479,0.970884861745,3.26594736043,0.0,0.0,0.0
3637,4.57130325309,1.42852181496,40.6029461723,1.06951687869,0.581990373018,25.6631406263,-0.295536048187,0.371156813929,0.970846917958,3.26588040107,0.0,0.0,0.0
3638,4.57256014153,1.4275385377,40.6261221898,1.06973213243,0.581589778576,25.6498541012,-0.295920350719,0.37072539935,0.97080922394,3.26581281565,0.0,0.0,0.0
3639,4.57381702997,1.42655643951,40.6492890904,1.06994785724,0.5811896645,25.6365583378,-0.296303904362,0.370294910458,0.970771779444,3.26574460805,0.0,0.0,0.0
3640,4.57507391841,1.42557551988,40.6724468531,1.07016405212,0.580790030577,25.6232533426,-0.296686711532,0.369865344973,0.970734584218,3.26567578211,0.0,0.0,0.0
3641,4.57633080685,1.42459577828,40.6955954569,1.07038071609,0.580390876591,25.6099391222,-0.29706877464,0.369436700624,0.970697638007,3.26560634168,0.0,0.0,0.0
3642,4.57758769529,1.42361721417,40.7187348809,1.07059784816,0.579992202325,25.5966156834,-0.297450096096,0.369008975146,0.970660940551,3.26553629058,0.0,0.0,0.0
3643,4.57884458373,1.42263982703,40.7418651043,1.07081544735,0.579594007562,25.5832830328,-0.297830678304,0.368582166279,0.970624491583,3.26546563264,0.0,0.0,0.0
3644,4.58010147217,1.4216636163,40.7649861061,1.07103351268,0.580619378779,25.569941177,-0.298210523666,0.369306976159,0.970534878656,3.26570698759,0.0,0.0,0.0
3645,4.58135836061,1.42068858146,40.7880978656,1.07125204317,0.58022116635,25.5565901228,-0.29858963458,0.368880124892,0.970498815669,3.26563495839,0.0,0.0,0.0
3646,4.58261524905,1.41971472195,40.811200362,1.07147103784,0.579823433938,25.5432298768,-0.298968013441,0.368454188746,0.97046300079,3.26556233208,0.0,0.0,0.0
3647,4.58387213748,1.41874203723,40.8342935746,1.07169049571,0.579426181318,25.5298604458,-0.29934566264,0.368029165468,0.970427433737,3.26548911243,0.0,0.0,0.0
3648,4.58512902592,1.41777052674,40.8573774826,1.07191041583,0.579029408265,25.5164818363,-0.299722584563,0.367605052813,0.970392114223,3.26541530319,0.0,0.0,0.0
3649,4.58638591436,1.41680018993,40.8804520654,1.07213079721,0.578633114553,25.5030940552,-0.300098781597,0.367181848542,0.970357041959,3.26534090808,0.0,0.0,0.0
3650,4.5876428028,1.41583102624,40.9035173023,1.0723516389,0.578237299953,25.4896971091,-0.300474256121,0.366759550422,0.97032221665,3.26526593082,0.0,0.0,0.0
3651,4.58889969124,1.41486303511,40.9265731727,1.07257293992,0.577841964236,25.4762910048,-0.300849010513,0.366338156227,0.970287637995,3.26519037511,0.0,0.0,0.0
3652,4.59015657968,1.41389621597,40.9496196561,1.07279469932,0.578862418693,25.4628757489,-0.301223047147,0.367055052816,0.970199118383,3.26542550005,0.0,0.0,0.0
3653,4.59141346812,1.41293056826,40.9726567319,1.07301691613,0.578467073435,25.4494513483,-0.301596368394,0.366633626767,0.970164925369,3.26534861716,0.0,0.0,0.0
3654,4.59267035656,1.41196609141,40.9956843796,1.07323958939,0.578072207536,25.4360178097,-0.30196897662,0.366213103133,0.970130978533,3.26527116532,0.0,0.0,0.0
3655,4.593927245,1.41100278484,41.0187025787,1.07346271816,0.577677820762,25.4225751398,-0.302340874191,0.365793479695,0.970097277561,3.26519314819,0.0,0.0,0.0
3656,4.59518413344,1.41004064798,41.0417113088,1.07368630148,0.577283912877,25.4091233453,-0.302712063467,0.365374754241,0.970063822134,3.2651145694,0.0,0.0,0.0
3657,4.59644102188,1.40907968024,41.0647105496,1.07391033839,0.576890483642,25.3956624332,-0.303082546805,0.364956924565,0.970030611928,3.26503543257,0.0,0.0,0.0
3658,4.59769791031,1.40811988104,41.0877002806,1.07413482795,0.576497532819,25.38219241,-0.30345232656,0.364539988467,0.969997646618,3.26495574131,0.0,0.0,0.0
3659,4.59895479875,1.4071612498,41.1106804815,1.07435976922,0.576105060168,25.3687132827,-0.303821405082,0.364123943753,0.969964925871,3.26487549922,0.0,0.0,0.0
3660,4.60021168719,1.40620378592,41.133651132,1.07458516124,0.577120676838,25.355225058,-0.304189784719,0.364833103432,0.969877513567,3.26510450782,0.0,0.0,0.0
3661,4.60146857563,1.40524748882,41.1566122118,1.07481100308,0.576728202552,25.3417277426,-0.304557467815,0.364417036954,0.969845177643,3.26502298162,0.0,0.0,0.0
3662,4.60272546407,1.40429235789,41.1795637007,1.07503729379,0.576336206878,25.3282213435,-0.304924456712,0.364001860334,0.969813085716,3.26494091384,0.0,0.0,0.0
3663,4.60398235251,1.40333839255,41.2025055785,1.07526403244,0.575944689571,25.3147058675,-0.305290753748,0.363587571387,0.96978123744,3.26485830802,0.0,0.0,0.0
3664,4.60523924095,1.40238559219,41.2254378251,1.07549121809,0.575553650383,25.3011813212,-0.305656361257,0.363174167931,0.969749632468,3.26477516769,0.0,0.0,0.0
3665,4.60649612939,1.40143395621,41.2483604203,1.07571884982,0.575163089068,25.2876477117,-0.306021281572,0.362761647795,0.969718270444,3.26469149637,0.0,0.0,0.0
3666,4.60775301783,1.40048348399,41.271273344,1.07594692668,0.574773005376,25.2741050456,-0.30638551702,0.362350008811,0.969687151014,3.26460729756,0.0,0.0,0.0
3667,4.60900990627,1.39953417493,41.2941765761,1.07617544775,0.574383399056,25.2605533299,-0.306749069928,0.361939248817,0.969656273816,3.26452257476,0.0,0.0,0.0
3668,4.61026679471,1.39858602843,41.3170700966,1.07640441211,0.575394255866,25.2469925715,-0.307111942616,0.362640843752,0.969569981042,3.26474557956,0.0,0.0,0.0
3669,4.61152368315,1.39763904385,41.3399538855,1.07663381883,0.575004655605,25.2334227771,-0.307474137406,0.362230071649,0.969539487397,3.26465961474,0.0,0.0,0.0
3670,4.61278057158,1.39669322059,41.3628279228,1.07686366698,0.574615533122,25.2198439536,-0.307835656612,0.361820176996,0.969509235334,3.26457313492,0.0,0.0,0.0
3671,4.61403746002,1.39574855802,41.3856921886,1.07709395565,0.574226888161,25.206256108,-0.308196502547,0.361411157641,0.969479224479,3.26448614354,0.0,0.0,0.0
3672,4.61529434846,1.39480505552,41.408546663,1.07732468392,0.573838720466,25.1926592471,-0.308556677522,0.361003011436,0.969449454454,3.26439864404,0.0,0.0,0.0
3673,4.6165512369,1.39386271246,41.4313913261,1.07755585087,0.573451029779,25.1790533777,-0.308916183844,0.36059573624,0.969419924878,3.26431063982,0.0,0.0,0.0
3674,4.61780812534,1.39292152822,41.4542261581,1.07778745559,0.573063815842,25.1654385069,-0.309275023817,0.360189329918,0.969390635367,3.26422213428,0.0,0.0,0.0
3675,4.61906501378,1.39198150216,41.4770511392,1.07801949718,0.572677078394,25.1518146415,-0.309633199741,0.359783790343,0.969361585533,3.26413313082,0.0,0.0,0.0
3676,4.62032190222,1.39104263365,41.4998662495,1.07825197471,0.573683252237,25.1381817884,-0.309990713914,0.360477988595,0.969276422817,3.26435024322,0.0,0.0,0.0
3677,4.62157879066,1.39010492205,41.5226714695,1.07848488728,0.573296528333,25.1245399545,-0.310347568631,0.360072446146,0.969247754843,3.26426003885,0.0,0.0,0.0
3678,4.6228356791,1.38916836672,41.5454667792,1.078718234,0.57291028129,25.1108891468,-0.310703766185,0.359667768891,0.969219325817,3.26416934531,0.0,0.0,0.0
3679,4.62409256754,1.38823296702,41.5682521591,1.07895201394,0.572524510843,25.0972293722,-0.311059308865,0.359263954709,0.969191135339,3.26407816594,0.0,0.0,0.0
3680,4.62534945598,1.3872987223,41.5910275896,1.07918622623,0.572139216725,25.0835606377,-0.311414198956,0.358861001485,0.969163183004,3.26398650406,0.0,0.0,0.0
3681,4.62660634441,1.38636563192,41.6137930509,1.07942086994,0.57175439867,25.0698829503,-0.311768438741,0.358458907111,0.969135468407,3.26389436299,0.0,0.0,0.0
3682,4.62786323285,1.38543369522,41.6365485236,1.0796559442,0.571370056409,25.0561963167,-0.312122030502,0.358057669485,0.969107991135,3.26380174603,0.0,0.0,0.0
3683,4.62912012129,1.38450291156,41.659293988,1.0798914481,0.570986189673,25.0425007442,-0.312474976516,0.357657286509,0.969080750778,3.26370865644,0.0,0.0,0.0
3684,4.63037700973,1.38357328027,41.6820294247,1.08012738075,0.571987756424,25.0287962396,-0.312827279057,0.358344252141,0.968996727034,3.26391998663,0.0,0.0,0.0
3685,4.63163389817,1.38264480071,41.7047548142,1.08036374127,0.571603910517,25.0150828099,-0.313178940397,0.357943875128,0.968969866445,3.26382573629,0.0,0.0,0.0
3686,4.63289078661,1.3817174722,41.7274701369,1.08060052876,0.571220540474,25.0013604621,-0.313529962805,0.357544351203,0.968943241967,3.26373102187,0.0,0.0,0.0
3687,4.63414767505,1.38079129409,41.7501753736,1.08083774234,0.57083764602,24.9876292033,-0.313880348547,0.357145678279,0.968916853176,3.26363584659,0.0,0.0,0.0
3688,4.63540456349,1.37986626571,41.7728705047,1.08107538113,0.570455226881,24.9738890403,-0.314230099887,0.356747854273,0.968890699643,3.26354021369,0.0,0.0,0.0
3689,4.63666145193,1.3789423864,41.795555511,1.08131344423,0.570073282781,24.9601399804,-0.314579219084,0.356350877108,0.968864780938,3.26344412637,0.0,0.0,0.0
3690,4.63791834037,1.37801965548,41.8182303731,1.08155193078,0.569691813441,24.9463820304,-0.314927708398,0.355954744715,0.968839096626,3.26334758784,0.0,0.0,0.0
3691,4.63917522881,1.37709807228,41.8408950716,1.0817908399,0.569310818585,24.9326151974,-0.315275570083,0.355559455029,0.968813646271,3.26325060127,0.0,0.0,0.0
3692,4.64043211724,1.37617763613,41.8635495874,1.0820301707,0.568930297933,24.9188394885,-0.315622806391,0.355165005991,0.968788429433,3.26315316983,0.0,0.0,0.0
3693,4.64168900568,1.37525834634,41.8861939012,1.08226992232,0.569926886181,24.9050549107,-0.315969419572,0.355844072937,0.968705695829,3.26335815007,0.0,0.0,0.0
3694,4.64294589412,1.37434020225,41.9088279938,1.08251009389,0.569546394033,24.891261471,-0.316315411872,0.355449638801,0.968680855864,3.2632596022,0.0,0.0,0.0
3695,4.64420278256,1.37342320316,41.931451846,1.08275068453,0.569166376394,24.8774591766,-0.316660785537,0.355056043745,0.968656248539,3.26316061773,0.0,0.0,0.0
3696,4.645459671,1.3725073484,41.9540654387,1.08299169338,0.568786832978,24.8636480345,-0.317005542808,0.354663285719,0.968631873403,3.26306119979,0.0,0.0,0.0
3697,4.64671655944,1.37159263727,41.9766687527,1.08323311957,0.568407763502,24.8498280518,-0.317349685923,0.354271362678,0.968607730002,3.26296135148,0.0,0.0,0.0
3698,4.64797344788,1.37067906909,41.999261769,1.08347496223,0.568029167679,24.8359992356,-0.317693217119,0.353880272585,0.968583817882,3.26286107591,0.0,0.0,0.0
3699,4.64923033632,1.36976664317,42.0218444685,1.08371722052,0.567651045224,24.822161593,-0.31803613863,0.353490013406,0.968560136584,3.26276037616,0.0,0.0,0.0
3700,4.65048722476,1.36885535881,42.0444168322,1.08395989356,0.567273395849,24.8083151311,-0.318378452686,0.353100583115,0.968536685646,3.2626592553,0.0,0.0,0.0
3701,4.6517441132,1.36794521531,42.066978841,1.08420298051,0.56826553379,24.7944598571,-0.318720161517,0.353772753835,0.968455104654,3.2628586845,0.0,0.0,0.0
3702,4.65300100164,1.36703621199,42.0895304762,1.0844464805,0.567887919796,24.7805957779,-0.319061267347,0.35338334649,0.968432027733,3.26275648534,0.0,0.0,0.0
3703,4.65425789008,1.36612834813,42.1120717186,1.08469039268,0.567510779155,24.7667229009,-0.319401772401,0.352994766459,0.968409180232,3.26265387311,0.0,0.0,0.0
3704,4.65551477851,1.36522162304,42.1346025494,1.0849347162,0.567134111576,24.752841233,-0.319741678899,0.352607011723,0.968386561681,3.26255085084,0.0,0.0,0.0
3705,4.65677166695,1.36431603602,42.1571229498,1.08517945021,0.566757916766,24.7389507815,-0.32008098906,0.352220080269,0.968364171607,3.26244742154,0.0,0.0,0.0
3706,4.65802855539,1.36341158635,42.1796329008,1.08542459387,0.566382194431,24.7250515536,-0.320419705099,0.35183397009,0.968342009532,3.26234358823,0.0,0.0,0.0
3707,4.65928544383,1.36250827333,42.2021323838,1.08567014632,0.566006944276,24.7111435563,-0.320757829229,0.351448679186,0.96832007498,3.26223935388,0.0,0.0,0.0
3708,4.66054233227,1.36160609624,42.2246213798,1.08591610673,0.565632166008,24.6972267969,-0.321095363662,0.35106420556,0.96829836747,3.26213472148,0.0,0.0,0.0
3709,4.66179922071,1.36070505438,42.2470998702,1.08616247425,0.565257859328,24.6833012826,-0.321432310606,0.350680547223,0.968276886519,3.262029694,0.0,0.0,0.0
3710,4.66305610915,1.35980514703,42.2695678362,1.08640924804,0.566245190248,24.6693670205,-0.321768672267,0.351345189254,0.968196606777,3.26222303237,0.0,0.0,0.0
3711,4.66431299759,1.35890637346,42.2920252591,1.08665642727,0.565870926182,24.6554240179,-0.322104450847,0.350961561969,0.968175496145,3.26211696863,0.0,0.0,0.0
3712,4.66556988603,1.35800873298,42.3144721203,1.0869040111,0.565497133946,24.6414722819,-0.322439648549,0.350578748398,0.968154611068,3.26201051758,0.0,0.0,0.0
3713,4.66682677447,1.35711222484,42.3369084012,1.08715199869,0.56512381324,24.6275118198,-0.322774267571,0.350196746559,0.968133951052,3.26190368215,0.0,0.0,0.0
3714,4.66808366291,1.35621684833,42.359334083,1.08740038922,0.564750963762,24.6135426387,-0.323108310109,0.349815554476,0.968113515605,3.26179646525,0.0,0.0,0.0
3715,4.66934055134,1.35532260272,42.3817491474,1.08764918186,0.564378585211,24.599564746,-0.323441778358,0.34943517018,0.968093304229,3.26168886976,0.0,0.0,0.0
3716,4.67059743978,1.35442948729,42.4041535756,1.08789837577,0.564006677283,24.5855781489,-0.323774674508,0.349055591706,0.968073316426,3.26158089859,0.0,0.0,0.0
3717,4.67185432822,1.3535375013,42.4265473492,1.08814797013,0.563635239676,24.5715828546,-0.324107000749,0.348676817096,0.968053551696,3.26147255459,0.0,0.0,0.0
3718,4.67311121666,1.35264664403,42.4489304498,1.08839796411,0.564618272722,24.5575788704,-0.324438759268,0.349334882476,0.967974431977,3.26166056711,0.0,0.0,0.0
3719,4.6743681051,1.35175691475,42.4713028588,1.08864835691,0.564246884221,24.5435662035,-0.32476995225,0.348956146242,0.967955034047,3.26155122303,0.0,0.0,0.0
3720,4.67562499354,1.35086831271,42.4936645578,1.08889914768,0.563875966253,24.5295448612,-0.325100581876,0.348578212294,0.967935858132,3.26144151369,0.0,0.0,0.0
3721,4.67688188198,1.34998083718,42.5160155284,1.08915033562,0.56350551851,24.5155148508,-0.325430650328,0.34820107868,0.967916903723,3.26133144192,0.0,0.0,0.0
3722,4.67813877042,1.34909448742,42.5383557523,1.08940191991,0.563135540683,24.5014761797,-0.325760159782,0.347824743458,0.96789817031,3.26122101054,0.0,0.0,0.0
3723,4.67939565886,1.3482092627,42.5606852111,1.08965389974,0.562766032465,24.487428855,-0.326089112415,0.347449204687,0.967879657379,3.26111022235,0.0,0.0,0.0
3724,4.6806525473,1.34732516226,42.5830038865,1.08990627428,0.562396993544,24.4733728841,-0.326417510399,0.347074460435,0.967861364416,3.26099908015,0.0,0.0,0.0
3725,4.68190943574,1.34644218537,42.6053117602,1.09015904274,0.56202842361,24.4593082744,-0.326745355906,0.346700508774,0.967843290904,3.26088758672,0.0,0.0,0.0
3726,4.68316632418,1.34556033128,42.627608814,1.0904122043,0.561660322352,24.4452350331,-0.327072651105,0.346327347781,0.967825436325,3.26077574483,0.0,0.0,0.0
3727,4.68442321261,1.34467959923,42.6498950296,1.09066575815,0.562638715075,24.4311531677,-0.327399398163,0.346978235874,0.967747622347,3.26095791856,0.0,0.0,0.0
3728,4.68568010105,1.34379998849,42.6721703889,1.0909197035,0.56227066974,24.4170626853,-0.327725599244,0.346605120603,0.967730130182,3.26084511644,0.0,0.0,0.0
3729,4.68693698949,1.3429214983,42.6944348736,1.09117403952,0.561903093263,24.4029635934,-0.328051256511,0.346232794425,0.967712855837,3.26073197317,0.0,0.0,0.0
3730,4.68819387793,1.3420441279,42.7166884656,1.09142876544,0.561535985329,24.3888558994,-0.328376372123,0.345861255425,0.967695798787,3.26061849148,0.0,0.0,0.0
3731,4.68945076637,1.34116787655,42.7389311469,1.09168388044,0.561169345623,24.3747396106,-0.32870094824,0.345490501695,0.967678958505,3.26050467409,0.0,0.0,0.0
3732,4.69070765481,1.34029274348,42.7611628993,1.09193938372,0.560803173827,24.3606147344,-0.329024987018,0.345120531332,0.96766233446,3.2603905237,0.0,0.0,0.0
3733,4.69196454325,1.33941872793,42.7833837047,1.0921952745,0.560437469625,24.3464812782,-0.32934849061,0.34475134244,0.967645926123,3.26027604301,0.0,0.0,0.0
3734,4.69322143169,1.33854582915,42.8055935452,1.09245155197,0.560072232698,24.3323392493,-0.329671461168,0.344382933127,0.96762973296,3.26016123469,0.0,0.0,0.0
3735,4.69447832013,1.33767404637,42.8277924027,1.09270821535,0.559707462727,24.3181886553,-0.329993900843,0.344015301507,0.967613754436,3.26004610141,0.0,0.0,0.0
3736,4.69573520857,1.33680337884,42.8499802593,1.09296526384,0.560681300908,24.3040295034,-0.330315811781,0.344659191358,0.967537245986,3.26022256736,0.0,0.0,0.0
3737,4.69699209701,1.33593382577,42.872157097,1.09322269666,0.560316593467,24.2898618012,-0.330637196131,0.344291612435,0.967521625166,3.26010651256,0.0,0.0,0.0
3738,4.69824898544,1.33506538642,42.8943228979,1.09348051302,0.559952353138,24.275685556,-0.330958056034,0.343924809632,0.967506217824,3.25999013989,0.0,0.0,0.0
3739,4.69950587388,1.33419806001,42.9164776442,1.09373871213,0.559588579596,24.2615007752,-0.331278393633,0.34355878107,0.967491023419,3.25987345197,0.0,0.0,0.0
3740,4.70076276232,1.33333184576,42.9386213179,1.09399729321,0.559225272521,24.2473074665,-0.331598211068,0.343193524876,0.96747604141,3.25975645141,0.0,0.0,0.0
3741,4.70201965076,1.33246674291,42.9607539012,1.09425625547,0.558862431586,24.2331056371,-0.331917510476,0.342829039185,0.967461271252,3.25963914083,0.0,0.0,0.0
3742,4.7032765392,1.33160275069,42.9828753763,1.09451559815,0.55850005647,24.2188952946,-0.332236293995,0.342465322135,0.967446712399,3.25952152281,0.0,0.0,0.0
3743,4.70453342764,1.33073986832,43.0049857255,1.09477532046,0.558138146845,24.2046764464,-0.332554563757,0.34210237187,0.967432364304,3.25940359993,0.0,0.0,0.0
3744,4.70579031608,1.32987809501,43.027084931,1.09503542163,0.557776702388,24.1904491,-0.332872321896,0.341740186539,0.967418226419,3.25928537477,0.0,0.0,0.0
3745,4.70704720452,1.32901743001,43.049172975,1.09529590087,0.558746070542,24.176213263,-0.33318957054,0.34237725239,0.967343021727,3.25945626182,0.0,0.0,0.0
3746,4.70830409296,1.32815787252,43.0712498399,1.09555675742,0.55838469502,24.1619689428,-0.33350631182,0.342015126381,0.967329236539,3.25933715274,0.0,0.0,0.0
3747,4.7095609814,1.32729942176,43.093315508,1.09581799051,0.558023784792,24.1477161469,-0.333822547861,0.341653763737,0.967315660355,3.25921774822,0.0,0.0,0.0
3748,4.71081786984,1.32644207696,43.1153699617,1.09607959937,0.557663339529,24.1334548828,-0.334138280788,0.341293162616,0.967302292622,3.25909805079,0.0,0.0,0.0
3749,4.71207475827,1.32558583732,43.1374131833,1.09634158323,0.5573033589,24.1191851581,-0.334453512724,0.340933321181,0.967289132783,3.25897806298,0.0,0.0,0.0
3750,4.71333164671,1.32473070206,43.1594451553,1.09660394133,0.556943842577,24.1049069803,-0.33476824579,0.3405742376,0.967276180281,3.25885778728,0.0,0.0,0.0
3751,4.71458853515,1.3238766704,43.1814658601,1.0968666729,0.556584790228,24.090620357,-0.335082482105,0.340215910049,0.967263434559,3.2587372262,0.0,0.0,0.0
3752,4.71584542359,1.32302374155,43.2034752802,1.09712977718,0.556226201521,24.0763252957,-0.335396223787,0.339858336705,0.967250895057,3.25861638223,0.0,0.0,0.0
3753,4.71710231203,1.32217191472,43.225473398,1.09739325341,0.555868076124,24.0620218039,-0.335709472952,0.339501515753,0.967238561214,3.25849525783,0.0,0.0,0.0
3754,4.71835920047,1.32132118911,43.2474601961,1.09765710083,0.556833057532,24.0477098893,-0.336022231712,0.340131927186,0.967164657043,3.25866069278,0.0,0.0,0.0
3755,4.71961608891,1.32047156393,43.2694356571,1.09792131868,0.556475007282,24.0333895595,-0.336334502182,0.339775171845,0.967152670618,3.25853872096,0.0,0.0,0.0
3756,4.72087297735,1.31962303839,43.2913997634,1.09818590622,0.556117420443,24.0190608219,-0.33664628647,0.339419167334,0.967140888609,3.25841647534,0.0,0.0,0.0
3757,4.72212986579,1.3187756117,43.3133524978,1.09845086268,0.555760296681,24.0047236843,-0.336957586687,0.339063911844,0.967129310447,3.25829395834,0.0,0.0,0.0
3758,4.72338675423,1.31792928305,43.3352938428,1.09871618731,0.555403635659,23.9903781542,-0.337268404938,0.338709403574,0.967117935566,3.2581711724,0.0,0.0,0.0
3759,4.72464364267,1.31708405165,43.3572237811,1.09898187937,0.555047437041,23.9760242392,-0.33757874333,0.338355640727,0.967106763399,3.25804811994,0.0,0.0,0.0
3760,4.72590053111,1.3162399167,43.3791422954,1.09924793811,0.554691700491,23.9616619471,-0.337888603965,0.338002621511,0.967095793375,3.25792480334,0.0,0.0,0.0
3761,4.72715741954,1.31539687739,43.4010493684,1.09951436278,0.554336425669,23.9472912853,-0.338197988948,0.337650344142,0.967085024924,3.25780122502,0.0,0.0,0.0
3762,4.72841430798,1.31455493294,43.4229449828,1.09978115263,0.55398161224,23.9329122616,-0.338506900377,0.337298806836,0.967074457475,3.25767738734,0.0,0.0,0.0
3763,4.72967119642,1.31371408252,43.4448291214,1.10004830693,0.554942288968,23.9185248837,-0.338815340351,0.337922728926,0.967001849211,3.25783749488,0.0,0.0,0.0
3764,4.73092808486,1.31287432535,43.4667017669,1.10031582492,0.554587556707,23.9041291591,-0.339123310969,0.337571263204,0.966991623659,3.25771284521,0.0,0.0,0.0
3765,4.7321849733,1.3120356606,43.4885629022,1.10058370588,0.554233285914,23.8897250955,-0.339430814325,0.337220535991,0.966981597828,3.25758794257,0.0,0.0,0.0
3766,4.73344186174,1.31119808748,43.5104125102,1.10085194906,0.553879476248,23.8753127007,-0.339737852515,0.336870545514,0.966971771144,3.25746278932,0.0,0.0,0.0
3767,4.73469875018,1.31036160518,43.5322505736,1.10112055373,0.553526127367,23.8608919823,-0.340044427629,0.336521290006,0.966962143029,3.25733738779,0.0,0.0,0.0
3768,4.73595563862,1.30952621288,43.5540770754,1.10138951915,0.553173238928,23.8464629481,-0.340350541761,0.336172767703,0.966952712905,3.25721174031,0.0,0.0,0.0
3769,4.73721252706,1.30869190978,43.5758919985,1.10165884459,0.552820810591,23.8320256057,-0.340656196998,0.335824976849,0.966943480194,3.25708584917,0.0,0.0,0.0
3770,4.7384694155,1.30785869506,43.5976953259,1.10192852932,0.55246884201,23.8175799628,-0.340961395429,0.335477915692,0.966934444316,3.2569597167,0.0,0.0,0.0
3771,4.73972630394,1.30702656791,43.6194870405,1.1021985726,0.552117332844,23.8031260273,-0.341266139141,0.335131582485,0.966925604691,3.25683334517,0.0,0.0,0.0
3772,4.74098319237,1.30619552751,43.6412671252,1.10246897372,0.553073785771,23.7886638068,-0.341570430219,0.335749175937,0.966854286428,3.25698824789,0.0,0.0,0.0
3773,4.74224008081,1.30536557306,43.6630355633,1.10273973194,0.552722363614,23.774193309,-0.341874270747,0.335402919984,0.966845782953,3.25686109873,0.0,0.0,0.0
3774,4.74349696925,1.30453670372,43.6847923375,1.10301084654,0.552371400924,23.7597145418,-0.342177662806,0.335057390434,0.966837474421,3.2567337167,0.0,0.0,0.0
3775,4.74475385769,1.3037089187,43.7065374312,1.1032823168,0.552020897353,23.7452275129,-0.342480608477,0.334712585547,0.966829360247,3.25660610404,0.0,0.0,0.0
3776,4.74601074613,1.30288221715,43.7282708273,1.10355414199,0.551670852555,23.7307322301,-0.34278310984,0.33436850359,0.966821439845,3.25647826301,0.0,0.0,0.0
3777,4.74726763457,1.30205659827,43.7499925089,1.1038263214,0.551321266183,23.7162287011,-0.343085168973,0.334025142835,0.96681371263,3.25635019584,0.0,0.0,0.0
3778,4.74852452301,1.30123206124,43.7717024593,1.1040988543,0.550972137889,23.7017169338,-0.343386787952,0.333682501558,0.966806178015,3.25622190474,0.0,0.0,0.0
3779,4.74978141145,1.30040860522,43.7934006616,1.10437173999,0.550623467325,23.6871969359,-0.343687968853,0.333340578041,0.966798835414,3.25609339194,0.0,0.0,0.0
3780,4.75103829989,1.29958622941,43.815087099,1.10464497774,0.550275254141,23.6726687154,-0.34398871375,0.33299937057,0.966791684237,3.25596465962,0.0,0.0,0.0
3781,4.75229518833,1.29876493296,43.8367617547,1.10491856684,0.549927497989,23.6581322799,-0.344289024714,0.332658877437,0.966784723896,3.25583571,0.0,0.0,0.0
3782,4.75355207677,1.29794471507,43.858424612,1.10519250658,0.550879442472,23.6435876374,-0.344588903818,0.333269667026,0.966714827881,3.25598500139,0.0,0.0,0.0
3783,4.75480896521,1.29712557489,43.8800756542,1.10546679625,0.550531779374,23.6290347957,-0.344888353132,0.332929256701,0.966708196996,3.25585531125,0.0,0.0,0.0
3784,4.75606585364,1.29630751161,43.9017148645,1.10574143515,0.550184573335,23.6144737625,-0.345187374723,0.33258955918,0.966701755608,3.25572540973,0.0,0.0,0.0
3785,4.75732274208,1.29549052439,43.9233422263,1.10601642256,0.549837824004,23.5999045459,-0.34548597066,0.332250572762,0.966695503123,3.255595299,0.0,0.0,0.0
3786,4.75857963052,1.2946746124,43.944957723,1.10629175778,0.549491531029,23.5853271537,-0.345784143008,0.331912295751,0.96668943895,3.25546498121,0.0,0.0,0.0
3787,4.75983651896,1.29385977482,43.9665613378,1.1065674401,0.549145694057,23.5707415937,-0.346081893834,0.331574726458,0.966683562497,3.25533445847,0.0,0.0,0.0
3788,4.7610934074,1.2930460108,43.9881530543,1.10684346883,0.548800312734,23.5561478738,-0.346379225199,0.331237863198,0.966677873168,3.25520373294,0.0,0.0,0.0
3789,4.76235029584,1.29223331953,44.0097328559,1.10711984327,0.548455386708,23.541546002,-0.346676139167,0.330901704289,0.96667237037,3.25507280671,0.0,0.0,0.0
3790,4.76360718428,1.29142170016,44.0313007259,1.1073965627,0.548110915624,23.5269359861,-0.3469726378,0.330566248056,0.966667053509,3.2549416819,0.0,0.0,0.0
3791,4.76486407272,1.29061115186,44.0528566479,1.10767362645,0.549058802176,23.5123178341,-0.347268723156,0.331171034634,0.966598430894,3.25508602089,0.0,0.0,0.0
3792,4.76612096116,1.28980167379,44.0744006054,1.1079510338,0.548714429626,23.4976915539,-0.347564397297,0.3308356663,0.966593437346,3.25495418777,0.0,0.0,0.0
3793,4.7673778496,1.28899326512,44.0959325819,1.10822878407,0.548370512024,23.4830571534,-0.347859662278,0.330500999118,0.966588628371,3.25482216181,0.0,0.0,0.0
3794,4.76863473804,1.28818592502,44.117452561,1.10850687657,0.548027049015,23.4684146407,-0.348154520158,0.330167031421,0.966584003373,3.25468994506,0.0,0.0,0.0
3795,4.76989162647,1.28737965263,44.1389605262,1.1087853106,0.547684040241,23.4537640236,-0.348448972991,0.329833761547,0.966579561754,3.25455753961,0.0,0.0,0.0
3796,4.77114851491,1.28657444712,44.1604564611,1.10906408547,0.547341485347,23.4391053101,-0.348743022832,0.329501187837,0.966575302915,3.25442494749,0.0,0.0,0.0
3797,4.77240540335,1.28577030766,44.1819403494,1.1093432005,0.546999383973,23.4244385082,-0.349036671735,0.32916930864,0.966571226258,3.25429217075,0.0,0.0,0.0
3798,4.77366229179,1.2849672334,44.2034121747,1.109622655,0.546657735764,23.4097636258,-0.349329921752,0.328838122307,0.966567331184,3.25415921143,0.0,0.0,0.0
3799,4.77491918023,1.28416522349,44.2248719207,1.10990244828,0.546316540359,23.3950806711,-0.349622774935,0.328507627196,0.966563617095,3.25402607154,0.0,0.0,0.0
3800,4.77617606867,1.28336427711,44.246319571,1.11018257966,0.545975797401,23.380389652,-0.349915233334,0.328177821668,0.966560083389,3.25389275311,0.0,0.0,0.0
3801,4.77743295711,1.28256439339,44.2677551095,1.11046304846,0.546919354767,23.3656905765,-0.350207298998,0.328776156327,0.966492861378,3.25403175715,0.0,0.0,0.0
3802,4.77868984555,1.2817655715,44.2891785199,1.110743854,0.546578716004,23.3509834526,-0.350498973975,0.328446443656,0.966489643903,3.25389776515,0.0,0.0,0.0
3803,4.77994673399,1.2809678106,44.3105897858,1.1110249956,0.546238529672,23.3362682884,-0.350790260314,0.328117419059,0.966486605428,3.25376360011,0.0,0.0,0.0
3804,4.78120362243,1.28017110983,44.3319888912,1.11130647258,0.54589879541,23.321545092,-0.35108116006,0.327789080905,0.966483745352,3.25362926402,0.0,0.0,0.0
3805,4.78246051087,1.27937546835,44.3533758199,1.11158828427,0.545559512858,23.3068138713,-0.351371675258,0.32746142757,0.966481063073,3.25349475883,0.0,0.0,0.0
3806,4.7837173993,1.27858088531,44.3747505556,1.11187042999,0.545220681653,23.2920746345,-0.351661807955,0.327134457432,0.966478557989,3.25336008652,0.0,0.0,0.0
3807,4.78497428774,1.27778735987,44.3961130823,1.11215290906,0.544882301433,23.2773273897,-0.351951560192,0.326808168877,0.966476229497,3.25322524903,0.0,0.0,0.0
3808,4.78623117618,1.27699489117,44.4174633838,1.11243572083,0.544544371838,23.2625721448,-0.352240934013,0.326482560292,0.966474076995,3.25309024831,0.0,0.0,0.0
3809,4.78748806462,1.27620347836,44.4388014441,1.11271886461,0.544206892503,23.2478089081,-0.35252993146,0.326157630072,0.966472099879,3.2529550863,0.0,0.0,0.0
3810,4.78874495306,1.2754131206,44.4601272471,1.11300233974,0.543869863067,23.2330376876,-0.352818554573,0.325833376615,0.966470297548,3.25281976491,0.0,0.0,0.0
3811,4.7900018415,1.27462381703,44.4814407767,1.11328614556,0.544809182876,23.2182584915,-0.353106805393,0.326425436796,0.966404462658,3.25295357539,0.0,0.0,0.0
3812,4.79125872994,1.2738355668,44.502742017,1.11357028139,0.544472263108,23.2034713279,-0.353394685959,0.32610128087,0.966402969309,3.25281761397,0.0,0.0,0.0
3813,4.79251561838,1.27304836906,44.524030952,1.11385474658,0.544135793201,23.1886762049,-0.35368219831,0.325777800213,0.966401649343,3.25268149846,0.0,0.0,0.0
3814,4.79377250682,1.27226222294,44.5453075657,1.11413954046,0.543799772791,23.1738731307,-0.353969344483,0.325454993231,0.966400502156,3.25254523076,0.0,0.0,0.0
3815,4.79502939526,1.27147712761,44.5665718422,1.11442466237,0.543464201513,23.1590621134,-0.354256126515,0.325132858336,0.966399527142,3.25240881275,0.0,0.0,0.0
3816,4.7962862837,1.2706930822,44.5878237655,1.11471011165,0.543129079001,23.1442431613,-0.354542546442,0.324811393943,0.966398723698,3.2522722463,0.0,0.0,0.0
3817,4.79754317214,1.26991008586,44.6090633197,1.11499588764,0.542794404889,23.1294162824,-0.3548286063,0.324490598472,0.966398091218,3.25213553328,0.0,0.0,0.0
3818,4.79880006057,1.26912813773,44.6302904891,1.11528198969,0.542460178812,23.114581485,-0.355114308123,0.324170470348,0.966397629098,3.25199867554,0.0,0.0,0.0
3819,4.80005694901,1.26834723696,44.6515052576,1.11556841714,0.542126400403,23.0997387773,-0.355399653945,0.323851008002,0.966397336733,3.25186167493,0.0,0.0,0.0
3820,4.80131383745,1.26756738268,44.6727076096,1.11585516934,0.541793069295,23.0848881675,-0.355684645799,0.323532209866,0.966397213517,3.25172453328,0.0,0.0,0.0
3821,4.80257072589,1.26678857404,44.6938975292,1.11614224564,0.542728241746,23.0700296638,-0.355969285718,0.324118167851,0.966332751048,3.25185328859,0.0,0.0,0.0
3822,4.80382761433,1.26601081018,44.7150750006,1.11642964538,0.542395025599,23.0551632745,-0.356253575734,0.323799471654,0.966332929425,3.25171553927,0.0,0.0,0.0
3823,4.80508450277,1.26523409025,44.7362400081,1.11671736791,0.542062256696,23.0402890078,-0.356537517878,0.323481438191,0.966333275538,3.25157765399,0.0,0.0,0.0
3824,4.80634139121,1.26445841337,44.7573925359,1.1170054126,0.541729934671,23.0254068719,-0.356821114181,0.323164065903,0.966333788781,3.25143963456,0.0,0.0,0.0
3825,4.80759827965,1.26368377869,44.7785325684,1.11729377878,0.541398059153,23.0105168751,-0.357104366671,0.322847353238,0.966334468548,3.25130148277,0.0,0.0,0.0
3826,4.80885516809,1.26291018535,44.7996600899,1.11758246583,0.541066629774,22.9956190258,-0.35738727738,0.322531298646,0.966335314232,3.25116320042,0.0,0.0,0.0
3827,4.81011205653,1.26213763249,44.8207750846,1.11787147308,0.540735646165,22.9807133321,-0.357669848334,0.322215900584,0.966336325229,3.25102478927,0.0,0.0,0.0
3828,4.81136894497,1.26136611924,44.841877537,1.11816079991,0.540405107956,22.9657998024,-0.357952081564,0.321901157511,0.966337500932,3.25088625111,0.0,0.0,0.0
3829,4.8126258334,1.26059564474,44.8629674315,1.11845044566,0.540075014778,22.950878445,-0.358233979095,0.321587067893,0.966338840736,3.25074758769,0.0,0.0,0.0
3830,4.81388272184,1.25982620813,44.8840447524,1.11874040971,0.53974536626,22.9359492682,-0.358515542956,0.321273630198,0.966340344034,3.25060880076,0.0,0.0,0.0
3831,4.81513961028,1.25905780854,44.9051094842,1.11903069141,0.540676480153,22.9210122803,-0.358796775173,0.321853653296,0.966277238165,3.25073263631,0.0,0.0,0.0
3832,4.81639649872,1.25829044512,44.9261616113,1.11932129013,0.540346951714,22.9060674896,-0.359077677771,0.321540321696,0.966279035549,3.25059327292,0.0,0.0,0.0
3833,4.81765338716,1.25752411698,44.9472011183,1.11961220523,0.540017867861,22.8911149046,-0.359358252776,0.32122764056,0.966280995005,3.2504537909,0.0,0.0,0.0
3834,4.8189102756,1.25675882328,44.9682279895,1.11990343607,0.539689228222,22.8761545336,-0.359638502214,0.320915608364,0.966283115927,3.25031419197,0.0,0.0,0.0
3835,4.82016716404,1.25599456314,44.9892422096,1.12019498203,0.539361032425,22.861186385,-0.359918428109,0.32060422359,0.966285397708,3.25017447784,0.0,0.0,0.0
3836,4.82142405248,1.25523133569,45.0102437631,1.12048684248,0.539033280098,22.846210467,-0.360198032485,0.320293484725,0.966287839742,3.25003465022,0.0,0.0,0.0
3837,4.82268094092,1.25446914007,45.0312326346,1.12077901678,0.538705970868,22.8312267882,-0.360477317366,0.319983390258,0.966290441425,3.2498947108,0.0,0.0,0.0
3838,4.82393782936,1.25370797541,45.0522088086,1.12107150431,0.538379104364,22.8162353569,-0.360756284775,0.319673938685,0.96629320215,3.24975466127,0.0,0.0,0.0
3839,4.8251947178,1.25294784085,45.0731722697,1.12136430445,0.538052680211,22.8012361816,-0.361034936735,0.319365128504,0.966296121312,3.24961450332,0.0,0.0,0.0
3840,4.82645160624,1.25218873551,45.0941230026,1.12165741655,0.537726698038,22.7862292707,-0.361313275269,0.31905695822,0.966299198307,3.24947423861,0.0,0.0,0.0
3841,4.82770849467,1.25143065852,45.115060992,1.12195084001,0.537401157472,22.7712146325,-0.361591302399,0.318749426339,0.96630243253,3.2493338688,0.0,0.0,0.0
3842,4.82896538311,1.25067360903,45.1359862225,1.12224457419,0.538327983666,22.7561922756,-0.361869020146,0.319323148674,0.966240795665,3.24945247576,0.0,0.0,0.0
3843,4.83022227155,1.24991758615,45.1568986789,1.12253861849,0.538002568412,22.7411622085,-0.362146430532,0.319015726859,0.966244315544,3.2493115626,0.0,0.0,0.0
3844,4.83147915999,1.24916258901,45.1777983458,1.12283297227,0.537677594671,22.7261244395,-0.362423535579,0.31870894201,0.966247991222,3.249170549,0.0,0.0,0.0
3845,4.83273604843,1.24840861676,45.198685208,1.12312763492,0.537353062068,22.7110789772,-0.362700337307,0.318402792643,0.966251822092,3.24902943659,0.0,0.0,0.0
3846,4.83399293687,1.2476556685,45.2195592503,1.12342260582,0.537028970228,22.69602583,-0.362976837737,0.318097277277,0.966255807551,3.24888822699,0.0,0.0,0.0
3847,4.83524982531,1.24690374339,45.2404204574,1.12371788436,0.536705318775,22.6809650065,-0.363253038889,0.317792394436,0.966259946994,3.24874692183,0.0,0.0,0.0
3848,4.83650671375,1.24615284053,45.2612688143,1.12401346992,0.536382107336,22.6658965152,-0.363528942783,0.317488142651,0.966264239817,3.24860552271,0.0,0.0,0.0
3849,4.83776360219,1.24540295906,45.2821043056,1.12430936189,0.536059335533,22.6508203646,-0.36380455144,0.317184520453,0.966268685417,3.24846403122,0.0,0.0,0.0
3850,4.83902049063,1.24465409811,45.3029269164,1.12460555966,0.535737002993,22.6357365632,-0.364079866879,0.31688152638,0.966273283191,3.24832244897,0.0,0.0,0.0
3851,4.84027737907,1.24390625681,45.3237366314,1.12490206261,0.535415109339,22.6206451196,-0.364354891119,0.316579158974,0.966278032536,3.24818077754,0.0,0.0,0.0
3852,4.8415342675,1.24315943428,45.3445334355,1.12519887014,0.536338058026,22.6055460424,-0.36462962618,0.317147282259,0.966217715603,3.2482947398,0.0,0.0,0.0
3853,4.84279115594,1.24241362965,45.3653173137,1.12549598164,0.536016294466,22.59043934,-0.364904074081,0.316845028602,0.966222742919,3.24815255392,0.0,0.0,0.0
3854,4.84404804438,1.24166884204,45.386088251,1.1257933965,0.535694969681,22.5753250212,-0.365178236841,0.316543400191,0.966227920373,3.2480102833,0.0,0.0,0.0
3855,4.84530493282,1.24092507058,45.4068462323,1.12609111412,0.535374083296,22.5602030945,-0.365452116478,0.316242395576,0.966233247363,3.24786792953,0.0,0.0,0.0
3856,4.84656182126,1.24018231439,45.4275912425,1.1263891339,0.535053634933,22.5450735684,-0.365725715013,0.315942013311,0.966238723286,3.24772549413,0.0,0.0,0.0
3857,4.8478187097,1.23944057261,45.4483232668,1.12668745523,0.534733624214,22.5299364517,-0.365999034462,0.315642251952,0.96624434754,3.24758297864,0.0,0.0,0.0
3858,4.84907559814,1.23869984436,45.4690422901,1.1269860775,0.534414050762,22.5147917529,-0.366272076846,0.315343110062,0.966250119526,3.24744038461,0.0,0.0,0.0
3859,4.85033248658,1.23796012875,45.4897482975,1.12728500013,0.5340949142,22.4996394807,-0.366544844182,0.315044586208,0.966256038641,3.24729771356,0.0,0.0,0.0
3860,4.85158937502,1.23722142492,45.510441274,1.12758422251,0.533776214149,22.4844796437,-0.366817338489,0.314746678959,0.966262104286,3.247154967,0.0,0.0,0.0
3861,4.85284626346,1.23648373199,45.5311212048,1.12788374405,0.533457950232,22.4693122505,-0.367089561786,0.314449386889,0.966268315859,3.24701214643,0.0,0.0,0.0
3862,4.8541031519,1.23574704908,45.551788075,1.12818356415,0.533140122071,22.45413731,-0.367361516091,0.314152708578,0.966274672763,3.24686925336,0.0,0.0,0.0
3863,4.85536004034,1.23501137532,45.5724418698,1.1284836822,0.534058976904,22.4389548307,-0.367633203422,0.314714889255,0.966215781936,3.24697828314,0.0,0.0,0.0
3864,4.85661692877,1.23427670983,45.5930825742,1.12878409764,0.533741283719,22.4237648213,-0.367904625798,0.31441832819,0.966222408236,3.24683490623,0.0,0.0,0.0
3865,4.85787381721,1.23354305174,45.6137101735,1.12908480985,0.533424026164,22.4085672906,-0.368175785238,0.314122379486,0.966229178434,3.24669146109,0.0,0.0,0.0
3866,4.85913070565,1.23281040016,45.6343246529,1.12938581824,0.533107203859,22.3933622473,-0.36844668376,0.313827041729,0.966236091931,3.24654794916,0.0,0.0,0.0
3867,4.86038759409,1.23207875422,45.6549259976,1.12968712224,0.532790816425,22.3781497,-0.368717323382,0.313532313509,0.966243148129,3.24640437193,0.0,0.0,0.0
3868,4.86164448253,1.23134811304,45.6755141929,1.12998872125,0.532474863482,22.3629296577,-0.368987706125,0.313238193422,0.96625034643,3.24626073084,0.0,0.0,0.0
3869,4.86290137097,1.23061847574,45.696089224,1.13029061468,0.532159344651,22.3477021289,-0.369257834006,0.312944680066,0.966257686238,3.24611702736,0.0,0.0,0.0
3870,4.86415825941,1.22988984145,45.7166510763,1.13059280195,0.531844259553,22.3324671224,-0.369527709045,0.312651772042,0.966265166955,3.24597326291,0.0,0.0,0.0
3871,4.86541514785,1.22916220929,45.7371997349,1.13089528247,0.531529607807,22.3172246471,-0.36979733326,0.312359467958,0.966272787986,3.24582943894,0.0,0.0,0.0
3872,4.86667203629,1.22843557837,45.7577351854,1.13119805566,0.531215389034,22.3019747118,-0.370066708672,0.312067766425,0.966280548735,3.24568555687,0.0,0.0,0.0
3873,4.86792892473,1.22770994783,45.778257413,1.13150112094,0.530901602854,22.2867173252,-0.3703358373,0.311776666057,0.966288448607,3.24554161812,0.0,0.0,0.0
3874,4.86918581317,1.22698531678,45.798766403,1.13180447773,0.53181646241,22.2714524961,-0.370604721163,0.312333083188,0.966230959805,3.24564586494,0.0,0.0,0.0
3875,4.8704427016,1.22626168435,45.819262141,1.13210812545,0.531502815919,22.2561802334,-0.370873362281,0.312042103343,0.966239120457,3.24550147173,0.0,0.0,0.0
3876,4.87169959004,1.22553904965,45.8397446123,1.13241206351,0.531189601879,22.240900546,-0.371141762675,0.311751723289,0.966247418805,3.24535702589,0.0,0.0,0.0
3877,4.87295647848,1.2248174118,45.8602138024,1.13271629136,0.53087681991,22.2256134425,-0.371409924366,0.311461941648,0.966255854253,3.24521252882,0.0,0.0,0.0
3878,4.87421336692,1.22409676993,45.8806696967,1.13302080839,0.53056446963,22.2103189321,-0.371677849373,0.311172757046,0.96626442621,3.24506798191,0.0,0.0,0.0
3879,4.87547025536,1.22337712316,45.9011122807,1.13332561405,0.530252550659,22.1950170234,-0.371945539717,0.310884168114,0.966273134082,3.24492338654,0.0,0.0,0.0
3880,4.8767271438,1.2226584706,45.9215415399,1.13363070777,0.529941062615,22.1797077254,-0.372212997421,0.310596173486,0.966281977278,3.24477874407,0.0,0.0,0.0
3881,4.87798403224,1.22194081139,45.9419574598,1.13393608896,0.529630005117,22.164391047,-0.372480224506,0.3103087718,0.966290955207,3.24463405586,0.0,0.0,0.0
3882,4.87924092068,1.22122414463,45.962360026,1.13424175705,0.529319377783,22.1490669971,-0.372747222993,0.310021961699,0.966300067278,3.24448932329,0.0,0.0,0.0
3883,4.88049780912,1.22050846945,45.9827492241,1.13454771149,0.529009180233,22.1337355846,-0.373013994905,0.309735741828,0.9663093129,3.24434454769,0.0,0.0,0.0
3884,4.88175469756,1.21979378497,46.0031250396,1.13485395169,0.528699412085,22.1183968185,-0.373280542265,0.309450110837,0.966318691486,3.24419973041,0.0,0.0,0.0
3885,4.883011586,1.21908009031,46.0234874581,1.1351604771,0.529610373341,22.1030507076,-0.373546867096,0.310000937953,0.966262579737,3.24429933994,0.0,0.0,0.0
3886,4.88426847443,1.21836738459,46.0438364653,1.13546728714,0.529300749433,22.0876972611,-0.373812971421,0.309715430558,0.966272210467,3.24415409635,0.0,0.0,0.0
3887,4.88552536287,1.21765566692,46.0641720468,1.13577438126,0.528991554772,22.0723364877,-0.374078857264,0.309430510692,0.966281972738,3.24400881494,0.0,0.0,0.0
3888,4.88678225131,1.21694493643,46.0844941882,1.13608175889,0.528682788976,22.0569683966,-0.37434452665,0.309146177013,0.966291865963,3.24386349704,0.0,0.0,0.0
3889,4.88803913975,1.21623519225,46.1048028754,1.13638941946,0.528374451661,22.0415929967,-0.374609981604,0.308862428182,0.966301889554,3.24371814393,0.0,0.0,0.0
3890,4.88929602819,1.21552643348,46.1250980939,1.13669736242,0.528066542446,22.026210297,-0.37487522415,0.308579262865,0.966312042925,3.24357275694,0.0,0.0,0.0
3891,4.89055291663,1.21481865925,46.1453798295,1.1370055872,0.527759060947,22.0108203066,-0.375140256315,0.30829667973,0.966322325491,3.24342733735,0.0,0.0,0.0
3892,4.89180980507,1.21411186867,46.165648068,1.13731409325,0.527452006784,21.9954230345,-0.375405080125,0.308014677451,0.966332736667,3.24328188646,0.0,0.0,0.0
3893,4.89306669351,1.21340606087,46.1859027951,1.13762288001,0.527145379572,21.9800184896,-0.375669697606,0.307733254705,0.966343275869,3.24313640554,0.0,0.0,0.0
3894,4.89432358195,1.21270123497,46.2061439966,1.13793194693,0.526839178931,21.9646066812,-0.375934110787,0.307452410171,0.966353942512,3.24299089587,0.0,0.0,0.0
3895,4.89558047039,1.21199739009,46.2263716583,1.13824129344,0.526533404476,21.9491876182,-0.376198321696,0.307172142534,0.966364736016,3.24284535872,0.0,0.0,0.0
3896,4.89683735883,1.21129452534,46.2465857662,1.138550919,0.527440562852,21.9337613098,-0.37646233236,0.307717547853,0.966309975559,3.24294047282,0.0,0.0,0.0
3897,4.89809424727,1.21059263984,46.2667863059,1.13886082305,0.527134937037,21.918327765,-0.376726144809,0.307437406694,0.966321012571,3.24279453636,0.0,0.0,0.0
3898,4.8993511357,1.20989173273,46.2869732635,1.13917100504,0.52682973724,21.902886993,-0.376989761073,0.307157841105,0.966332175031,3.24264857608,0.0,0.0,0.0
3899,4.90060802414,1.2091918031,46.3071466247,1.13948146443,0.52652496308,21.8874390028,-0.377253183183,0.306878849779,0.966343462357,3.24250259325,0.0,0.0,0.0
3900,4.90186491258,1.20849285009,46.3273063755,1.13979220065,0.526220614172,21.8719838037,-0.377516413169,0.306600431409,0.96635487397,3.24235658909,0.0,0.0,0.0
3901,4.90312180102,1.20779487282,46.3474525018,1.14010321317,0.525916690133,21.8565214047,-0.377779453064,0.306322584697,0.966366409291,3.24221056484,0.0,0.0,0.0
3902,4.90437868946,1.20709787039,46.3675849897,1.14041450143,0.52561319058,21.841051815,-0.3780423049,0.306045308344,0.966378067741,3.24206452171,0.0,0.0,0.0
3903,4.9056355779,1.20640184195,46.387703825,1.1407260649,0.525310115129,21.8255750438,-0.37830497071,0.305768601058,0.966389848743,3.24191846093,0.0,0.0,0.0
3904,4.90689246634,1.20570678659,46.4078089937,1.14103790302,0.525007463398,21.8100911003,-0.378567452527,0.305492461549,0.96640175172,3.2417723837,0.0,0.0,0.0
3905,4.90814935478,1.20501270345,46.4279004819,1.14135001525,0.524705235002,21.7945999937,-0.378829752388,0.305216888532,0.966413776095,3.24162629123,0.0,0.0,0.0
3906,4.90940624322,1.20431959164,46.4479782756,1.14166240106,0.52440342956,21.7791017332,-0.379091872328,0.304941880725,0.966425921295,3.24148018471,0.0,0.0,0.0
3907,4.91066313166,1.20362745028,46.4680423609,1.1419750599,0.524102046687,21.763596328,-0.379353814382,0.304667436848,0.966438186744,3.24133406534,0.0,0.0,0.0
3908,4.9119200201,1.2029362785,46.4880927237,1.14228799122,0.525005226412,21.7480837874,-0.379615580588,0.305207148738,0.966384865761,3.24142446153,0.0,0.0,0.0
3909,4.91317690853,1.20224607541,46.5081293503,1.1426011945,0.524703996635,21.7325641205,-0.379877172983,0.304932834021,0.966397365275,3.241277971,0.0,0.0,0.0
3910,4.91443379697,1.20155684013,46.5281522268,1.1429146692,0.524403189246,21.7170373368,-0.380138593608,0.304659081934,0.96640998364,3.24113147109,0.0,0.0,0.0
3911,4.91569068541,1.20086857179,46.5481613392,1.14322841477,0.524102803863,21.7015034454,-0.3803998445,0.304385891209,0.966422720283,3.24098496298,0.0,0.0,0.0
3912,4.91694757385,1.2001812695,46.5681566737,1.14354243068,0.523802840101,21.6859624557,-0.380660927701,0.304113260576,0.966435574634,3.24083844781,0.0,0.0,0.0
3913,4.91820446229,1.19949493238,46.5881382165,1.1438567164,0.523503297576,21.670414377,-0.380921845253,0.303841188772,0.966448546123,3.24069192675,0.0,0.0,0.0
3914,4.91946135073,1.19880955956,46.6081059538,1.1441712714,0.523204175904,21.6548592185,-0.381182599197,0.303569674538,0.966461634178,3.24054540094,0.0,0.0,0.0
3915,4.92071823917,1.19812515015,46.6280598718,1.14448609513,0.522905474702,21.6392969896,-0.381443191577,0.303298716616,0.966474838233,3.24039887152,0.0,0.0,0.0
3916,4.92197512761,1.19744170329,46.6479999567,1.14480118709,0.522607193587,21.6237276997,-0.381703624438,0.303028313754,0.96648815772,3.24025233963,0.0,0.0,0.0
3917,4.92323201605,1.19675921808,46.6679261947,1.14511654672,0.522309332174,21.6081513581,-0.381963899823,0.302758464702,0.96650159207,3.24010580638,0.0,0.0,0.0
3918,4.92448890449,1.19607769364,46.6878385723,1.14543217351,0.522011890079,21.5925679742,-0.382224019781,0.302489168216,0.966515140719,3.23995927291,0.0,0.0,0.0
3919,4.92574579293,1.19539712911,46.7077370755,1.14574806693,0.522911460636,21.5769775573,-0.382483986358,0.303023793552,0.966463114868,3.24004545836,0.0,0.0,0.0
3920,4.92700268137,1.1947175236,46.7276216909,1.14606422644,0.522614175743,21.561380117,-0.382743801602,0.302754628758,0.966476889005,3.23989857839,0.0,0.0,0.0
3921,4.9282595698,1.19403887623,46.7474924046,1.14638065153,0.522317309977,21.5457756625,-0.383003467562,0.302486015253,0.966490776056,3.23975170151,0.0,0.0,0.0
3922,4.92951645824,1.19336118613,46.767349203,1.14669734168,0.522020862955,21.5301642034,-0.38326298629,0.302217951799,0.966504775458,3.23960482881,0.0,0.0,0.0
3923,4.93077334668,1.19268445241,46.7871920725,1.14701429635,0.521724834293,21.514545749,-0.383522359837,0.301950437161,0.966518886648,3.23945796138,0.0,0.0,0.0
3924,4.93203023512,1.1920086742,46.8070209995,1.14733151503,0.521429223605,21.4989203088,-0.383781590255,0.301683470107,0.966533109065,3.23931110032,0.0,0.0,0.0
3925,4.93328712356,1.19133385063,46.8268359704,1.14764899719,0.521134030509,21.4832878923,-0.384040679598,0.301417049409,0.966547442148,3.23916424669,0.0,0.0,0.0
3926,4.934544012,1.1906599808,46.8466369716,1.14796674232,0.520839254619,21.4676485089,-0.384299629921,0.301151173843,0.966561885337,3.23901740158,0.0,0.0,0.0
3927,4.93580090044,1.18998706385,46.8664239895,1.1482847499,0.520544895554,21.4520021683,-0.38455844328,0.300885842188,0.966576438074,3.23887056606,0.0,0.0,0.0
3928,4.93705778888,1.18931509891,46.8861970107,1.1486030194,0.520250952928,21.4363488797,-0.384817121733,0.300621053227,0.9665910998,3.23872374118,0.0,0.0,0.0
3929,4.93831467732,1.18864408508,46.9059560216,1.14892155032,0.519957426359,21.4206886529,-0.385075667338,0.300356805746,0.96660586996,3.23857692799,0.0,0.0,0.0
3930,4.93957156576,1.18797402149,46.9257010087,1.14924034214,0.519664315462,21.4050214973,-0.385334082155,0.300093098535,0.966620747996,3.23843012756,0.0,0.0,0.0
3931,4.9408284542,1.18730490728,46.9454319585,1.14955939434,0.520560113248,21.3893474225,-0.385592368245,0.300622384207,0.966570098732,3.23851189708,0.0,0.0,0.0
3932,4.94208534263,1.18663674155,46.9651488576,1.14987870641,0.520267163712,21.3736664381,-0.38585052767,0.300358811032,0.966585192918,3.23836477585,0.0,0.0,0.0
3933,4.94334223107,1.18596952345,46.9848516925,1.15019827784,0.519974629647,21.3579785536,-0.386108562493,0.300095776878,0.966600393615,3.23821767049,0.0,0.0,0.0
3934,4.94459911951,1.18530325208,47.0045404499,1.15051810811,0.519682510668,21.3422837786,-0.38636647478,0.299833280542,0.96661570027,3.23807058205,0.0,0.0,0.0
3935,4.94585600795,1.18463792657,47.0242151162,1.15083819673,0.519390806393,21.3265821227,-0.386624266597,0.299571320825,0.96663111233,3.23792351153,0.0,0.0,0.0
3936,4.94711289639,1.18397354606,47.0438756782,1.15115854317,0.519099516437,21.3108735956,-0.386881940011,0.299309896529,0.966646629245,3.23777645996,0.0,0.0,0.0
3937,4.94836978483,1.18331010966,47.0635221224,1.15147914693,0.518808640417,21.2951582069,-0.387139497091,0.299049006463,0.966662250464,3.23762942834,0.0,0.0,0.0
3938,4.94962667327,1.18264761649,47.0831544356,1.15180000751,0.518518177949,21.2794359663,-0.387396939908,0.298788649436,0.966677975438,3.23748241769,0.0,0.0,0.0
3939,4.95088356171,1.18198606569,47.1027726044,1.15212112439,0.518228128649,21.2637068833,-0.387654270534,0.298528824262,0.96669380362,3.23733542899,0.0,0.0,0.0
3940,4.95214045015,1.18132545638,47.1223766154,1.15244249708,0.517938492135,21.2479709678,-0.38791149104,0.298269529759,0.966709734461,3.23718846324,0.0,0.0,0.0
3941,4.95339733859,1.18066578769,47.1419664555,1.15276412506,0.517649268022,21.2322282293,-0.388168603503,0.298010764747,0.966725767416,3.23704152143,0.0,0.0,0.0
3942,4.95465422703,1.18000705873,47.1615421113,1.15308600785,0.517360455928,21.2164786777,-0.388425609997,0.29775252805,0.96674190194,3.23689460453,0.0,0.0,0.0
3943,4.95591111546,1.17934926865,47.1811035696,1.15340814492,0.518252585261,21.2007223225,-0.388682512602,0.298276649817,0.966692595538,3.23697210886,0.0,0.0,0.0
3944,4.9571680039,1.17869241655,47.2006508171,1.1537305358,0.517963938546,21.1849591736,-0.388939313395,0.298018549346,0.966708936956,3.23682489564,0.0,0.0,0.0
3945,4.95842489234,1.17803650158,47.2201838406,1.15405317996,0.517675703638,21.1691892408,-0.389196014457,0.29776097597,0.966725378597,3.2366777103,0.0,0.0,0.0
3946,4.95968178078,1.17738152286,47.239702627,1.15437607693,0.517387880155,21.1534125337,-0.389452617871,0.29750392852,0.966741919919,3.23653055379,0.0,0.0,0.0
3947,4.96093866922,1.17672747951,47.2592071631,1.15469922619,0.517100467713,21.1376290622,-0.389709125721,0.297247405829,0.966758560381,3.23638342707,0.0,0.0,0.0
3948,4.96219555766,1.17607437067,47.2786974357,1.15502262726,0.516813465929,21.121838836,-0.38996554009,0.296991406735,0.966775299442,3.23623633109,0.0,0.0,0.0
3949,4.9634524461,1.17542219546,47.2981734316,1.15534627963,0.51652687442,21.1060418651,-0.390221863068,0.29673593008,0.966792136564,3.2360892668,0.0,0.0,0.0
3950,4.96470933454,1.174770953,47.3176351378,1.15567018282,0.516240692802,21.0902381591,-0.390478096741,0.296480974707,0.966809071209,3.23594223512,0.0,0.0,0.0
3951,4.96596622298,1.17412064244,47.3370825411,1.15599433633,0.515954920693,21.074427728,-0.390734243201,0.296226539464,0.96682610284,3.235795237,0.0,0.0,0.0
3952,4.96722311142,1.1734712629,47.3565156286,1.15631873967,0.51566955771,21.0586105816,-0.390990304539,0.295972623202,0.966843230921,3.23564827335,0.0,0.0,0.0
3953,4.96847999986,1.1728228135,47.375934387,1.15664339234,0.515384603471,21.0427867297,-0.391246282848,0.295719224775,0.966860454917,3.2355013451,0.0,0.0,0.0
3954,4.9697368883,1.17217529338,47.3953388033,1.15696829386,0.515100057593,21.0269561824,-0.391502180225,0.29546634304,0.966877774296,3.23535445317,0.0,0.0,0.0
3955,4.97099377673,1.17152870167,47.4147288647,1.15729344373,0.514815919693,21.0111189494,-0.391757998766,0.295213976858,0.966895188523,3.23520759847,0.0,0.0,0.0
3956,4.97225066517,1.1708830375,47.4341045579,1.15761884148,0.515704244477,20.9952750407,-0.39201374057,0.29573272758,0.966847293709,3.23528067347,0.0,0.0,0.0
3957,4.97350755361,1.17023829999,47.45346587,1.1579444866,0.515420276006,20.9794244662,-0.392269407737,0.295480499622,0.966864904884,3.23513354762,0.0,0.0,0.0
3958,4.97476444205,1.16959448829,47.4728127882,1.15827037862,0.515136715295,20.9635672358,-0.392525002371,0.295228786028,0.966882609586,3.23498646177,0.0,0.0,0.0
3959,4.97602133049,1.16895160151,47.4921452993,1.15859651706,0.514853561961,20.9477033596,-0.392780526574,0.294977585664,0.966900407287,3.23483941682,0.0,0.0,0.0
3960,4.97727821893,1.1683096388,47.5114633905,1.15892290141,0.514570815622,20.9318328476,-0.393035982454,0.294726897402,0.966918297458,3.23469241364,0.0,0.0,0.0
3961,4.97853510737,1.16766859929,47.5307670488,1.15924953121,0.514288475895,20.9159557096,-0.393291372118,0.294476720116,0.966936279572,3.23454545312,0.0,0.0,0.0
3962,4.97979199581,1.1670284821,47.5500562614,1.15957640597,0.514006542399,20.9000719557,-0.393546697675,0.294227052681,0.966954353103,3.23439853613,0.0,0.0,0.0
3963,4.98104888425,1.16638928637,47.5693310154,1.15990352521,0.513725014752,20.884181596,-0.393801961239,0.293977893979,0.966972517526,3.23425166354,0.0,0.0,0.0
3964,4.98230577269,1.16575101124,47.5885912978,1.16023088845,0.513443892571,20.8682846405,-0.394057164922,0.293729242893,0.966990772317,3.23410483621,0.0,0.0,0.0
3965,4.98356266113,1.16511365583,47.607837096,1.16055849521,0.513163175476,20.8523810992,-0.394312310839,0.29348109831,0.967009116953,3.23395805501,0.0,0.0,0.0
3966,4.98481954956,1.16447721929,47.627068397,1.16088634501,0.512882863085,20.8364709822,-0.394567401109,0.293233459119,0.967027550913,3.23381132078,0.0,0.0,0.0
3967,4.986076438,1.16384170075,47.646285188,1.16121443738,0.512602955017,20.8205542996,-0.394822437851,0.292986324214,0.967046073676,3.23366463437,0.0,0.0,0.0
3968,4.98733332644,1.16320709933,47.6654874562,1.16154277183,0.513487822355,20.8046310616,-0.395077423187,0.293500259121,0.966999450057,3.23373374352,0.0,0.0,0.0
3969,4.98859021488,1.16257341418,47.6846751889,1.16187134789,0.51320808747,20.7887012781,-0.395332359239,0.293253264359,0.967018160736,3.23358680804,0.0,0.0,0.0
3970,4.98984710332,1.16194064444,47.7038483734,1.1622001651,0.512928756681,20.7727649595,-0.395587248135,0.293006772722,0.967036958921,3.233439923,0.0,0.0,0.0
3971,4.99110399176,1.16130878923,47.7230069968,1.16252922296,0.512649829608,20.7568221157,-0.395842092001,0.292760783108,0.967055844094,3.23329308923,0.0,0.0,0.0
3972,4.9923608802,1.1606778477,47.7421510465,1.16285852102,0.512371305869,20.740872757,-0.396096892968,0.292515294419,0.96707481574,3.23314630756,0.0,0.0,0.0
3973,4.99361776864,1.16004781898,47.7612805097,1.1631880588,0.512093185084,20.7249168936,-0.396351653167,0.292270305562,0.967093873343,3.2329995788,0.0,0.0,0.0
3974,4.99487465708,1.15941870221,47.7803953738,1.16351783584,0.51181546687,20.7089545357,-0.396606374732,0.292025815445,0.96711301639,3.23285290376,0.0,0.0,0.0
3975,4.99613154552,1.15879049653,47.7994956261,1.16384785165,0.511538150849,20.6929856934,-0.396861059801,0.291781822981,0.967132244369,3.23270628327,0.0,0.0,0.0
3976,4.99738843396,1.15816320108,47.818581254,1.16417810577,0.511261236638,20.6770103771,-0.39711571051,0.291538327085,0.967151556767,3.23255971811,0.0,0.0,0.0
3977,4.9986453224,1.15753681498,47.8376522448,1.16450859774,0.510984723859,20.6610285969,-0.397370329002,0.291295326674,0.967170953075,3.23241320909,0.0,0.0,0.0
3978,4.99990221083,1.1569113374,47.856708586,1.16483932709,0.510708612131,20.6450403632,-0.397624917419,0.291052820671,0.967190432783,3.23226675699,0.0,0.0,0.0
3979,5.00115909927,1.15628676745,47.8757502648,1.16517029335,0.510432901074,20.6290456862,-0.397879477906,0.290810808,0.967209995383,3.23212036262,0.0,0.0,0.0
3980,5.00241598771,1.15566310429,47.8947772689,1.16550149605,0.510157590309,20.6130445761,-0.39813401261,0.290569287588,0.967229640369,3.23197402675,0.0,0.0,0.0
3981,5.00367287615,1.15504034705,47.9137895855,1.16583293474,0.511038875993,20.5970370435,-0.398388523682,0.291078215558,0.967184349799,3.2320390203,0.0,0.0,0.0
3982,5.00492976459,1.15441849488,47.9327872022,1.16616460895,0.510763742199,20.5810230984,-0.398643013274,0.290836837034,0.967204173033,3.23189245803,0.0,0.0,0.0
3983,5.00618665303,1.15379754691,47.9517701064,1.16649651822,0.510489008464,20.5650027514,-0.398897483539,0.290595949638,0.967224077382,3.23174595671,0.0,0.0,0.0
3984,5.00744354147,1.15317750229,47.9707382857,1.16682866209,0.510214674408,20.5489760128,-0.399151936636,0.290355552303,0.967244062344,3.23159951712,0.0,0.0,0.0
3985,5.00870042991,1.15255836016,47.9896917275,1.16716104009,0.509940739652,20.5329428929,-0.399406374722,0.290115643967,0.967264127416,3.23145314001,0.0,0.0,0.0
3986,5.00995731835,1.15194011967,48.0086304194,1.16749365178,0.509667203817,20.5169034022,-0.39966079996,0.28987622357,0.967284272098,3.23130682615,0.0,0.0,0.0
3987,5.01121420679,1.15132277995,48.0275543489,1.16782649668,0.509394066524,20.500857551,-0.399915214514,0.289637290054,0.967304495889,3.23116057627,0.0,0.0,0.0
3988,5.01247109523,1.15070634015,48.0464635036,1.16815957434,0.509121327394,20.4848053498,-0.40016962055,0.289398842366,0.967324798292,3.23101439112,0.0,0.0,0.0
3989,5.01372798366,1.15009079941,48.065357871,1.16849288432,0.508848986048,20.4687468091,-0.400424020238,0.289160879454,0.967345178807,3.23086827146,0.0,0.0,0.0
3990,5.0149848721,1.14947615689,48.0842374388,1.16882642614,0.508577042108,20.4526819393,-0.400678415749,0.288923400271,0.96736563694,3.23072221801,0.0,0.0,0.0
3991,5.01624176054,1.14886241172,48.1031021947,1.16916019936,0.508305495196,20.4366107509,-0.400932809256,0.288686403771,0.967386172196,3.23057623151,0.0,0.0,0.0
3992,5.01749864898,1.14824956305,48.1219521261,1.16949420352,0.508034344934,20.4205332543,-0.40118720295,0.288449888912,0.967406784077,3.23043031268,0.0,0.0,0.0
3993,5.01875553742,1.14763761003,48.1407872208,1.16982843818,0.507763590943,20.4044494602,-0.400494178266,0.288213854656,0.967575169429,3.23010804758,0.0,0.0,0.0
3994,5.02001242586,1.1470265518,48.1596074665,1.17016290287,0.507493232848,20.3883593791,-0.399570848315,0.287978299965,0.967778677622,3.22974370556,0.0,0.0,0.0
3995,5.0212693143,1.14641638751,48.1784128508,1.17049759715,0.508370834215,20.3722630214,-0.39864705247,0.288482064858,0.967917678796,3.22958509705,0.0,0.0,0.0
3996,5.02252620274,1.14580711631,48.1972033615,1.17083252056,0.508100656896,20.3561603978,-0.397722789441,0.288246653625,0.968119974463,3.22922146565,0.0,0.0,0.0
3997,5.02378309118,1.14519873735,48.2159789862,1.17116767267,0.507830875234,20.3400515189,-0.39679805794,0.28801172086,0.968321472175,3.22885863392,0.0,0.0,0.0
3998,5.02503997962,1.14459124977,48.2347397127,1.17150305301,0.507561488851,20.3239363953,-0.39587285667,0.287777265534,0.968522173317,3.22849660077,0.0,0.0,0.0
3999,5.02629686806,1.14398465273,48.2534855287,1.17183866115,0.50729249737,20.3078150375,-0.394947184329,0.287543286618,0.968722079273,3.2281353651,0.0,0.0,0.0
4000,5.02755375649,1.14337894537,48.2722164221,1.17217449664,0.507023900414,20.2916874562,-0.394021039614,0.28730978309,0.968921191429,3.22777492582,0.0,0.0,0.0
4001,5.02881064493,1.14277412685,48.2909323807,1.17251055903,0.506755697607,20.2755536622,-0.393094421213,0.287076753928,0.969119511171,3.22741528186,0.0,0.0,0.0
4002,5.03006753337,1.14217019632,48.3096333921,1.17284684787,0.506487888572,20.2594136659,-0.392167327813,0.286844198113,0.969317039885,3.22705643212,0.0,0.0,0.0
4003,5.03132442181,1.14156715292,48.3283194443,1.17318336273,0.506220472932,20.2432674783,-0.391239758094,0.28661211463,0.96951377896,3.22669837552,0.0,0.0,0.0
4004,5.03258131025,1.14096499582,48.3469905252,1.17352010315,0.505953450312,20.2271151099,-0.390311710733,0.286380502468,0.969709729782,3.226341111,0.0,0.0,0.0
4005,5.03383819869,1.14036372416,48.3656466224,1.17385706871,0.505686820336,20.2109565715,-0.389383184402,0.286149360615,0.969904893741,3.22598463748,0.0,0.0,0.0
4006,5.03509508713,1.13976333709,48.384287724,1.17419425895,0.505420582628,20.1947918738,-0.388454177767,0.285918688066,0.970099272225,3.22562895388,0.0,0.0,0.0
4007,5.03635197557,1.13916383378,48.4029138179,1.17453167344,0.505154736813,20.1786210276,-0.387524689492,0.285688483817,0.970292866625,3.22527405916,0.0,0.0,0.0
4008,5.03760886401,1.13856521336,48.4215248919,1.17486931174,0.506028987428,20.1624440437,-0.386594718233,0.28618760843,0.970426905071,3.22511355789,0.0,0.0,0.0
4009,5.03886575245,1.13796747501,48.4401209339,1.17520717341,0.505763325938,20.1462609329,-0.385664262644,0.285957549172,0.970619302549,3.22475938048,0.0,0.0,0.0
4010,5.04012264089,1.13737061787,48.458701932,1.17554525801,0.505498056099,20.130071706,-0.384733321373,0.285727957146,0.970810918783,3.22440599105,0.0,0.0,0.0
4011,5.04137952933,1.13677464111,48.477267874,1.1758835651,0.505233177536,20.1138763738,-0.383801893063,0.285498831354,0.971001755163,3.22405338854,0.0,0.0,0.0
4012,5.04263641776,1.13617954387,48.495818748,1.17622209426,0.504968689874,20.0976749473,-0.382869976354,0.285270170801,0.971191813084,3.22370157192,0.0,0.0,0.0
4013,5.0438933062,1.13558532531,48.514354542,1.17656084504,0.504704592738,20.0814674372,-0.381937569878,0.285041974494,0.97138109394,3.22335054012,0.0,0.0,0.0
4014,5.04515019464,1.1349919846,48.5328752439,1.17689981701,0.504440885754,20.0652538545,-0.381004672266,0.284814241444,0.971569599125,3.2230002921,0.0,0.0,0.0
4015,5.04640708308,1.13439952088,48.5513808418,1.17723900974,0.504177568548,20.0490342101,-0.38007128214,0.284586970665,0.971757330033,3.22265082682,0.0,0.0,0.0
4016,5.04766397152,1.13380793333,48.5698713238,1.17757842279,0.503914640747,20.0328085148,-0.379137398121,0.284360161173,0.97194428806,3.22230214324,0.0,0.0,0.0
4017,5.04892085996,1.1332172211,48.5883466778,1.17791805574,0.503652101976,20.0165767798,-0.378203018824,0.284133811986,0.972130474602,3.22195424033,0.0,0.0,0.0
4018,5.0501777484,1.13262738334,48.606806892,1.17825790815,0.503389951862,20.0003390158,-0.377268142856,0.283907922127,0.972315891055,3.22160711705,0.0,0.0,0.0
4019,5.05143463684,1.13203841922,48.6252519546,1.17859797959,0.503128190033,19.984095234,-0.376332768824,0.28368249062,0.972500538816,3.22126077237,0.0,0.0,0.0
4020,5.05269152528,1.13145032791,48.6436818535,1.17893826964,0.502866816115,19.9678454453,-0.375396895326,0.283457516493,0.972684419282,3.22091520528,0.0,0.0,0.0
4021,5.05394841372,1.13086310856,48.6620965769,1.17927877786,0.502605829736,19.9515896608,-0.374460520958,0.283232998775,0.97286753385,3.22057041474,0.0,0.0,0.0
4022,5.05520530216,1.13027676033,48.680496113,1.17961950384,0.503476638686,19.9353278914,-0.373523644308,0.283727340982,0.972996161096,3.22040823044,0.0,0.0,0.0
4023,5.05646219059,1.12969128239,48.69888045,1.17996044714,0.503215840205,19.9190601483,-0.372586263963,0.283502969638,0.973178096307,3.22006416405,0.0,0.0,0.0
4024,5.05771907903,1.12910667391,48.7172495759,1.18030160733,0.502955429018,19.9027864426,-0.371648378501,0.283279053667,0.973359268502,3.21972087338,0.0,0.0,0.0
4025,5.05897596747,1.12852293404,48.7356034791,1.180642984,0.502695404752,19.8865067853,-0.370709986496,0.283055592108,0.973539679082,3.21937835742,0.0,0.0,0.0
4026,5.06023285591,1.12794006195,48.7539421477,1.18098457672,0.502435767035,19.8702211875,-0.369771086519,0.282832583997,0.973719329448,3.21903661517,0.0,0.0,0.0
4027,5.06148974435,1.12735805681,48.7722655699,1.18132638506,0.502176515496,19.8539296604,-0.368831677134,0.282610028377,0.973898221,3.21869564561,0.0,0.0,0.0
4028,5.06274663279,1.12677691778,48.7905737341,1.18166840861,0.501917649763,19.8376322152,-0.367891756899,0.282387924291,0.974076355141,3.21835544774,0.0,0.0,0.0
4029,5.06400352123,1.12619664404,48.8088666284,1.18201064694,0.501659169466,19.8213288631,-0.36695132437,0.282166270787,0.974253733274,3.21801602055,0.0,0.0,0.0
4030,5.06526040967,1.12561723474,48.8271442412,1.18235309963,0.501401074233,19.8050196152,-0.366010378095,0.281945066914,0.9744303568,3.21767736306,0.0,0.0,0.0
4031,5.06651729811,1.12503868906,48.8454065607,1.18269576627,0.501143363694,19.7887044827,-0.365068916617,0.281724311724,0.974606227122,3.21733947427,0.0,0.0,0.0
4032,5.06777418655,1.12446100616,48.8636535753,1.18303864643,0.500886037478,19.772383477,-0.364126938476,0.281504004272,0.974781345645,3.21700235318,0.0,0.0,0.0
4033,5.06903107499,1.12388418521,48.8818852733,1.18338173969,0.500629095216,19.7560566092,-0.363184442204,0.281284143616,0.974955713772,3.2166659988,0.0,0.0,0.0
4034,5.07028796343,1.12330822539,48.900101643,1.18372504564,0.500372536537,19.7397238906,-0.362241426329,0.281064728816,0.975129332907,3.21633041017,0.0,0.0,0.0
4035,5.07154485186,1.12273312587,48.9183026728,1.18406856387,0.500116361074,19.7233853326,-0.361297889375,0.280845758935,0.975302204454,3.21599558628,0.0,0.0,0.0
4036,5.0728017403,1.12215888581,48.936488351,1.18441229395,0.500983850616,19.7070409464,-0.360353829858,0.281335505917,0.975425391578,3.2158320105,0.0,0.0,0.0
4037,5.07405862874,1.12158550439,48.9546586662,1.18475623548,0.500727866519,19.6906907435,-0.359409246291,0.281116683714,0.97559710186,3.21549791755,0.0,0.0,0.0
4038,5.07531551718,1.12101298078,48.9728136066,1.18510038803,0.500472265388,19.6743347351,-0.35846413718,0.280898305427,0.975768067474,3.21516458857,0.0,0.0,0.0
4039,5.07657240562,1.12044131416,48.9909531607,1.18544475119,0.500217046855,19.6579729326,-0.357518501027,0.280680370125,0.975938289829,3.21483202258,0.0,0.0,0.0
4040,5.07782929406,1.11987050369,49.009077317,1.18578932456,0.499962210551,19.6416053475,-0.356572336328,0.280462876878,0.976107770331,3.2145002186,0.0,0.0,0.0
4041,5.0790861825,1.11930054856,49.0271860639,1.18613410772,0.499707756107,19.6252319911,-0.355625641573,0.280245824761,0.976276510388,3.21416917568,0.0,0.0,0.0
4042,5.08034307094,1.11873144794,49.0452793898,1.18647910026,0.499453683156,19.6088528749,-0.354678415247,0.280029212849,0.97644451141,3.21383889284,0.0,0.0,0.0
4043,5.08159995938,1.11816320099,49.0633572834,1.18682430177,0.499199991329,19.5924680104,-0.35373065583,0.279813040223,0.976611774803,3.21350936912,0.0,0.0,0.0
4044,5.08285684782,1.11759580692,49.0814197331,1.18716971185,0.498946680258,19.576077409,-0.352782361796,0.279597305964,0.976778301976,3.21318060357,0.0,0.0,0.0
4045,5.08411373626,1.11702926487,49.0994667273,1.18751533007,0.498693749577,19.5596810823,-0.351833531614,0.279382009156,0.97694409434,3.21285259522,0.0,0.0,0.0
4046,5.08537062469,1.11646357405,49.1174982548,1.18786115604,0.498441198919,19.5432790418,-0.350884163746,0.279167148886,0.977109153302,3.21252534313,0.0,0.0,0.0
4047,5.08662751313,1.11589873362,49.1355143039,1.18820718935,0.498189027916,19.5268712989,-0.34993425665,0.278952724244,0.977273480273,3.21219884634,0.0,0.0,0.0
4048,5.08788440157,1.11533474277,49.1535148634,1.1885534296,0.497937236203,19.5104578654,-0.348983808778,0.278738734322,0.977437076663,3.21187310391,0.0,0.0,0.0
4049,5.08914129001,1.11477160066,49.1714999217,1.18889987637,0.497685823413,19.4940387527,-0.348032818576,0.278525178213,0.977599943881,3.21154811489,0.0,0.0,0.0
4050,5.09039817845,1.1142093065,49.1894694675,1.18924652926,0.497434789182,19.4776139725,-0.347081284485,0.278312055016,0.977762083338,3.21122387834,0.0,0.0,0.0
4051,5.09165506689,1.11364785945,49.2074234894,1.18959338788,0.498298895757,19.4611835364,-0.346129204939,0.278797103571,0.977879392891,3.21105917992,0.0,0.0,0.0
4052,5.09291195533,1.1130872587,49.2253619761,1.18994045181,0.498048056383,19.4447474561,-0.345176578368,0.278584129224,0.978040391234,3.21073568126,0.0,0.0,0.0
4053,5.09416884377,1.11252750343,49.2432849162,1.19028772066,0.497797595318,19.4283057432,-0.344223403196,0.27837158682,0.978200664775,3.21041293433,0.0,0.0,0.0
4054,5.09542573221,1.11196859283,49.2611922983,1.19063519402,0.497547512196,19.4118584095,-0.34326967784,0.278159475462,0.978360214927,3.2100909382,0.0,0.0,0.0
4055,5.09668262065,1.11141052608,49.2790841113,1.19098287149,0.497297806652,19.3954054666,-0.342315400711,0.277947794254,0.978519043103,3.20976969193,0.0,0.0,0.0
4056,5.09793950909,1.11085330236,49.2969603436,1.19133075268,0.497048478322,19.3789469263,-0.341360570217,0.277736542305,0.978677150717,3.2094491946,0.0,0.0,0.0
4057,5.09919639753,1.11029692087,49.3148209842,1.19167883718,0.496799526841,19.3624828004,-0.340405184758,0.277525718725,0.978834539182,3.20912944527,0.0,0.0,0.0
4058,5.10045328596,1.10974138078,49.3326660217,1.1920271246,0.496550951846,19.3460131005,-0.339449242728,0.277315322627,0.978991209912,3.20881044302,0.0,0.0,0.0
4059,5.1017101744,1.10918668128,49.3504954448,1.19237561454,0.496302752972,19.3295378386,-0.338492742516,0.277105353125,0.97914716432,3.20849218694,0.0,0.0,0.0
4060,5.10296706284,1.10863282157,49.3683092424,1.19272430661,0.496054929857,19.3130570265,-0.337535682504,0.276895809338,0.97930240382,3.20817467611,0.0,0.0,0.0
4061,5.10422395128,1.10807980082,49.3861074032,1.1930732004,0.495807482137,19.296570676,-0.33657806107,0.276686690386,0.979456929828,3.2078579096,0.0,0.0,0.0
4062,5.10548083972,1.10752761824,49.403889916,1.19342229552,0.495560409449,19.2800787989,-0.335619876584,0.276477995391,0.979610743756,3.20754188652,0.0,0.0,0.0
4063,5.10673772816,1.106976273,49.4216567696,1.19377159158,0.495313711431,19.2635814073,-0.334661127411,0.276269723479,0.979763847021,3.20722660594,0.0,0.0,0.0
4064,5.1079946166,1.10642576431,49.4394079529,1.19412108818,0.49506738772,19.2470785129,-0.33370181191,0.276061873777,0.979916241036,3.20691206697,0.0,0.0,0.0
4065,5.10925150504,1.10587609135,49.4571434546,1.19447078494,0.495928421024,19.2305701277,-0.332741928434,0.276542694506,0.980028072328,3.20674655427,0.0,0.0,0.0
4066,5.11050839348,1.10532725331,49.4748632638,1.19482068146,0.495682295457,19.2140562637,-0.33178147533,0.276334994842,0.980179344361,3.20643275989,0.0,0.0,0.0
4067,5.11176528192,1.10477924938,49.4925673692,1.19517077734,0.495436543948,19.1975369329,-0.330820450939,0.276127716451,0.980329910139,3.20611970641,0.0,0.0,0.0
4068,5.11302217036,1.10423207877,49.5102557597,1.1955210722,0.495191166137,19.1810121473,-0.329858853594,0.275920858466,0.980479771079,3.20580739293,0.0,0.0,0.0
4069,5.11427905879,1.10368574067,49.5279284243,1.19587156565,0.494946161661,19.1644819188,-0.328896681625,0.275714420022,0.980628928597,3.20549581855,0.0,0.0,0.0
4070,5.11553594723,1.10314023426,49.5455853518,1.1962222573,0.494701530159,19.1479462597,-0.327933933353,0.275508400258,0.980777384112,3.20518498237,0.0,0.0,0.0
4071,5.11679283567,1.10259555875,49.5632265312,1.19657314676,0.494457271271,19.1314051818,-0.326970607095,0.275302798314,0.98092513904,3.20487488351,0.0,0.0,0.0
4072,5.11804972411,1.10205171333,49.5808519515,1.19692423364,0.494213384637,19.1148586974,-0.326006701162,0.275097613332,0.981072194798,3.20456552107,0.0,0.0,0.0
4073,5.11930661255,1.1015086972,49.5984616017,1.19727551756,0.493969869897,19.0983068185,-0.325042213855,0.274892844458,0.981218552805,3.20425689416,0.0,0.0,0.0
4074,5.12056350099,1.10096650956,49.6160554706,1.19762699813,0.493726726692,19.0817495573,-0.324077143473,0.274688490839,0.981364214479,3.20394900191,0.0,0.0,0.0
4075,5.12182038943,1.10042514961,49.6336335474,1.19797867497,0.493483954661,19.065186926,-0.323111488306,0.274484551625,0.981509181236,3.20364184342,0.0,0.0,0.0
4076,5.12307727787,1.09988461654,49.651195821,1.19833054769,0.493241553446,19.0486189367,-0.32214524664,0.274281025969,0.981653454495,3.20333541781,0.0,0.0,0.0
4077,5.12433416631,1.09934490956,49.6687422805,1.1986826159,0.492999522688,19.0320456017,-0.321178416753,0.274077913025,0.981797035675,3.20302972422,0.0,0.0,0.0
4078,5.12559105475,1.09880602787,49.6862729149,1.19903487922,0.49275786203,19.0154669331,-0.320210996916,0.27387521195,0.981939926192,3.20272476177,0.0,0.0,0.0
4079,5.12684794319,1.09826797067,49.7037877134,1.19938733728,0.492516571112,18.9988829434,-0.319242985396,0.273672921904,0.982082127466,3.20242052958,0.0,0.0,0.0
4080,5.12810483162,1.09773073716,49.7212866648,1.19973998969,0.492275649579,18.9822936447,-0.31827438045,0.273471042048,0.982223640915,3.20211702678,0.0,0.0,0.0
4081,5.12936172006,1.09719432655,49.7387697585,1.20009283606,0.493133389685,18.9656990494,-0.317305180332,0.273947284588,0.982329158484,3.20195101113,0.0,0.0,0.0
4082,5.1306186085,1.09665873804,49.7562369834,1.20044587603,0.492892669723,18.9490991698,-0.316335383288,0.273745555782,0.982469572785,3.20164825997,0.0,0.0,0.0
4083,5.13187549694,1.09612397083,49.7736883287,1.2007991092,0.492652318896,18.9324940182,-0.315364987558,0.273544236265,0.982609302291,3.20134623755,0.0,0.0,0.0
4084,5.13313238538,1.09559002414,49.7911237836,1.2011525352,0.492412336847,18.915883607,-0.314393991373,0.273343325205,0.982748348422,3.20104494299,0.0,0.0,0.0
4085,5.13438927382,1.09505689716,49.8085433372,1.20150615366,0.49217272322,18.8992679488,-0.313422392962,0.27314282177,0.982886712599,3.20074437544,0.0,0.0,0.0
4086,5.13564616226,1.0945245891,49.8259469786,1.20185996419,0.491933477659,18.8826470557,-0.312450190543,0.272942725134,0.983024396241,3.20044453404,1.0,615.205211768,1.51278572118
4087,5.1369030507,1.09399309918,49.8433346971,1.20221396642,0.491694599806,18.8660209405,-0.311477382329,0.272743034468,0.983161400769,3.20014541793,1.0,615.20327722,1.46078470016
4088,5.13815993914,1.0934624266,49.8607064819,1.20256815997,0.491456089308,18.8493896154,-0.310503966527,0.272543748951,0.983297727603,3.19984702625,1.0,615.201343764,1.42643836585
4089,5.13941682758,1.09293257058,49.8780623222,1.20292254447,0.491217945808,18.8327530931,-0.309529941337,0.27234486776,0.983433378164,3.19954935816,1.0,615.199411404,1.39882185818
4090,5.14067371602,1.09240353031,49.8954022072,1.20327711954,0.490980168952,18.816111386,-0.308555304951,0.272146390077,0.983568353872,3.1992524128,1.0,615.197480143,1.37506552261
4091,5.14193060446,1.09187530502,49.9127261262,1.20363188481,0.490742758385,18.7994645068,-0.307580055555,0.271948315084,0.983702656147,3.19895618933,1.0,615.195549984,1.35389725062
4092,5.14318749289,1.09134789391,49.9300340684,1.2039868399,0.490505713753,18.7828124679,-0.30660419133,0.271750641967,0.98383628641,3.1986606869,1.0,615.193620929,1.3346201187
4093,5.14444438133,1.0908212962,49.9473260232,1.20434198445,0.490269034702,18.766155282,-0.305627710447,0.271553369915,0.983969246082,3.19836590467,1.0,615.191692983,1.31680317225
4094,5.14570126977,1.0902955111,49.9646019797,1.20469731808,0.490032720879,18.7494929618,-0.304650611072,0.271356498116,0.984101536583,3.19807184181,1.0,615.189766147,1.30015787444
4095,5.14695815821,1.08977053783,49.9818619274,1.20505284042,0.489796771931,18.7328255198,-0.303672891364,0.271160025764,0.984233159333,3.19777849746,1.0,615.187840426,1.28447980955
4096,5.14821504665,1.0892463756,49.9991058555,1.2054085511,0.49065152421,18.7161529688,-0.302694549475,0.271632146991,0.984332777814,3.1976122701,1.0,615.192463211,1.2768374135
4097,5.14947193509,1.08872302362,50.0163337535,1.20576444976,0.490415780077,18.6994753215,-0.301715583549,0.271435826738,0.984463323199,3.19731968417,1.0,615.190542894,1.26232341534
4098,5.15072882353,1.08820048112,50.0335456106,1.20612053601,0.490180400572,18.6827925906,-0.300735991724,0.271239905062,0.984593203895,3.19702781613,1.0,615.188623699,1.24846331739
4099,5.15198571197,1.08767874731,50.0507414162,1.2064768095,0.489945385342,18.6661047888,-0.299755772131,0.271044381163,0.984722421324,3.19673666515,1.0,615.186705629,1.23517609939
4100,5.15324260041,1.08715782141,50.0679211597,1.20683326986,0.489710734035,18.6494119291,-0.298774922894,0.270849254238,0.984850976908,3.19644623039,1.0,615.184788686,1.2223962118
4101,5.15449948885,1.08663770264,50.0850848305,1.20718991671,0.4894764463,18.6327140241,-0.297793442129,0.270654523491,0.984978872071,3.19615651104,1.0,615.182872873,1.21006973092
4102,5.15575637729,1.08611839022,50.1022324181,1.2075467497,0.489242521785,18.6160110867,-0.296811327946,0.270460188124,0.985106108232,3.19586750627,1.0,615.180958194,1.19815166185
4103,5.15701326572,1.08559988336,50.1193639118,1.20790376846,0.48900896014,18.5993031297,-0.295828578448,0.270266247345,0.985232686816,3.19557921524,1.0,615.179044652,1.18660399619
4104,5.15827015416,1.0850821813,50.1364793012,1.20826097262,0.488775761012,18.5825901662,-0.294845191728,0.270072700361,0.985358609242,3.19529163715,1.0,615.177132249,1.17539428146
4105,5.1595270426,1.08456528325,50.1535785756,1.20861836182,0.488542924054,18.5658722089,-0.293861165877,0.269879546385,0.985483876934,3.19500477116,1.0,615.175220989,1.16449454646
4106,5.16078393104,1.08404918844,50.1706617246,1.2089759357,0.488310448913,18.5491492708,-0.292876498973,0.269686784628,0.985608491313,3.19471861647,1.0,615.173310874,1.15388047994
4107,5.16204081948,1.08353389609,50.1877287376,1.20933369389,0.488078335241,18.532421365,-0.29189118909,0.269494414306,0.985732453801,3.19443317226,1.0,615.171401908,1.14353079329
4108,5.16329770792,1.08301940542,50.2047796042,1.20969163603,0.487846582689,18.5156885043,-0.290905234296,0.269302434636,0.985855765819,3.19414843771,1.0,615.169494094,1.13342671915
4109,5.16455459636,1.08250571567,50.2218143138,1.21004976176,0.487615190908,18.4989507018,-0.289918632647,0.269110844838,0.98597842879,3.19386441202,1.0,615.167587435,1.12355161217
4110,5.1658114848,1.08199282605,50.2388328561,1.21040807072,0.487384159549,18.4822079706,-0.288931382196,0.268919644133,0.986100444134,3.19358109437,1.0,615.165681933,1.11389062756
4111,5.16706837324,1.0814807358,50.2558352205,1.21076656255,0.487153488265,18.4654603238,-0.287943480986,0.268728831746,0.986221813273,3.19329848397,1.0,615.163777592,1.10443045962
4112,5.16832526168,1.08096944414,50.2728213967,1.21112523689,0.488005228196,18.4487077744,-0.286954927054,0.269196775736,0.986315131924,3.19313238987,1.0,615.168442937,1.09947075057
4113,5.16958215012,1.08045895031,50.2897913742,1.21148409338,0.487774765013,18.4319503356,-0.285965718429,0.269006116417,0.986435447659,3.19285054476,1.0,615.16654405,1.09028199159
4114,5.17083903856,1.07994925352,50.3067451426,1.21184313166,0.48754466166,18.4151880206,-0.284975853132,0.268815844581,0.986555120282,3.19256940629,1.0,615.164646332,1.08126636283
4115,5.17209592699,1.07944035302,50.3236826915,1.21220235138,0.48731491779,18.3984208425,-0.283985329177,0.268625959459,0.986674151215,3.19228897366,1.0,615.162749784,1.07241446988
4116,5.17335281543,1.07893224803,50.3406040106,1.21256175218,0.487085533057,18.3816488145,-0.282994144571,0.268436460279,0.986792541883,3.19200924607,1.0,615.160854411,1.06371773916
4117,5.17460970387,1.07842493779,50.3575090895,1.2129213337,0.486856507112,18.3648719499,-0.282002297311,0.268247346276,0.986910293706,3.19173022272,1.0,615.158960214,1.05516832087
4118,5.17586659231,1.07791842153,50.3743979178,1.21328109559,0.486627839612,18.3480902621,-0.281009785389,0.268058616686,0.987027408108,3.19145190282,1.0,615.157067197,1.04675900628
4119,5.17712348075,1.07741269849,50.3912704853,1.2136410375,0.486399530208,18.3313037641,-0.280016606789,0.267870270744,0.987143886511,3.19117428557,1.0,615.155175364,1.03848315669
4120,5.17838036919,1.07690776789,50.4081267816,1.21400115906,0.486171578556,18.3145124695,-0.279022759485,0.267682307691,0.987259730338,3.19089737018,1.0,615.153284716,1.03033464228
4121,5.17963725763,1.07640362897,50.4249667964,1.21436145993,0.485943984312,18.2977163916,-0.278028241445,0.267494726768,0.987374941009,3.19062115586,1.0,615.151395257,1.02230778908
4122,5.18089414607,1.07590028098,50.4417905194,1.21472193975,0.485716747129,18.2809155437,-0.27703305063,0.267307527219,0.987489519948,3.19034564182,1.0,615.14950699,1.01439733293
4123,5.18215103451,1.07539772314,50.4585979404,1.21508259817,0.485489866665,18.2641099392,-0.276037184991,0.26712070829,0.987603468576,3.19007082728,1.0,615.147619918,1.00659837915
4124,5.18340792295,1.0748959547,50.4753890491,1.21544343484,0.485263342575,18.2472995917,-0.275040642473,0.266934269229,0.987716788315,3.18979671146,1.0,615.145734044,0.998906367228
4125,5.18466481139,1.0743949749,50.4921638353,1.21580444941,0.485037174514,18.2304845145,-0.274043421011,0.266748209286,0.987829480586,3.18952329356,1.0,615.143849371,0.991317039751
4126,5.18592169982,1.07389478297,50.5089222888,1.21616564153,0.484811362142,18.2136647212,-0.273045518535,0.266562527713,0.98794154681,3.18925057282,1.0,615.141965902,0.983826414905
4127,5.18717858826,1.07339537816,50.5256643992,1.21652701085,0.484585905114,18.1968402253,-0.272046932964,0.266377223764,0.98805298841,3.18897854845,1.0,615.14008364,0.976430762134
4128,5.1884354767,1.0728967597,50.5423901566,1.21688855701,0.484360803087,18.1800110404,-0.271047662211,0.266192296696,0.988163806805,3.18870721967,1.0,615.138202588,0.969126580487
4129,5.18969236514,1.07239892684,50.5590995506,1.21725027968,0.485209528114,18.16317718,-0.270047704181,0.266656036525,0.9882504412,3.18854164899,1.0,615.142914742,0.965082400093
4130,5.19094925358,1.07190187883,50.575792571,1.21761217851,0.484984637521,18.1463386578,-0.269047056768,0.266471263432,0.988360232402,3.1882710925,1.0,615.141039195,0.957903539546
4131,5.19220614202,1.0714056149,50.5924692079,1.21797425314,0.48476010169,18.1294954874,-0.268045717862,0.266286866424,0.988469403523,3.18800123103,1.0,615.139164865,0.950808343338
4132,5.19346303046,1.0709101343,50.6091294509,1.21833650323,0.484535920279,18.1126476826,-0.267043685341,0.266102844759,0.988577955985,3.18773206382,1.0,615.137291755,0.943793972381
4133,5.1947199189,1.07041543629,50.6257732901,1.21869892844,0.484312092948,18.0957952569,-0.266040957078,0.265919197702,0.988685891209,3.18746359009,1.0,615.135419868,0.936857744903
4134,5.19597680734,1.06992152009,50.6424007152,1.21906152841,0.484088619355,18.0789382242,-0.265037530936,0.265735924518,0.988793210618,3.18719580908,1.0,615.133549206,0.929997124509
4135,5.19723369578,1.06942838497,50.6590117162,1.21942430282,0.483865499161,18.0620765982,-0.26403340477,0.265553024473,0.988899915633,3.18692872002,1.0,615.131679773,0.923209709378
4136,5.19849058422,1.06893603017,50.6756062831,1.2197872513,0.483642732024,18.0452103927,-0.263028576427,0.265370496837,0.989006007675,3.18666232214,1.0,615.129811572,0.916493222478
4137,5.19974747265,1.06844445494,50.6921844056,1.22015037353,0.483420317605,18.0283396216,-0.262023043745,0.265188340881,0.989111488166,3.18639661469,1.0,615.127944606,0.909845502673
4138,5.20100436109,1.06795365853,50.7087460739,1.22051366915,0.483198255565,18.0114642987,-0.261016804553,0.265006555879,0.989216358527,3.1861315969,1.0,615.126078877,0.903264496625
4139,5.20226124953,1.06746364019,50.7252912779,1.22087713782,0.482976545566,17.9945844379,-0.260009856674,0.264825141105,0.989320620177,3.18586726802,1.0,615.124214388,0.896748251418
4140,5.20351813797,1.06697439918,50.7418200075,1.22124077921,0.482755187268,17.977700053,-0.25900219792,0.264644095837,0.989424274539,3.18560362727,1.0,615.122351143,0.890294907815
4141,5.20477502641,1.06648593473,50.7583322527,1.22160459297,0.482534180334,17.9608111582,-0.257993826096,0.264463419355,0.989527323031,3.18534067392,1.0,615.120489145,0.88390269408
4142,5.20603191485,1.06599824612,50.7748280037,1.22196857877,0.482313524425,17.9439177673,-0.256984738998,0.26428311094,0.989629767075,3.1850784072,1.0,615.118628396,0.877569920324
4143,5.20728880329,1.06551133259,50.7913072502,1.22233273626,0.482093219205,17.9270198944,-0.255974934413,0.264103169874,0.989731608089,3.18481682637,1.0,615.1167689,0.871294973308
4144,5.20854569173,1.0650251934,50.8077699825,1.2226970651,0.481873264336,17.9101175535,-0.254964410119,0.263923595444,0.989832847494,3.18455593066,1.0,615.114910659,0.865076311658
4145,5.20980258017,1.06453982781,50.8242161906,1.22306156495,0.481653659483,17.8932107586,-0.253953163887,0.263744386937,0.989933486708,3.18429571934,1.0,615.113053676,0.858912461468
4146,5.21105946861,1.06405523507,50.8406458645,1.22342623549,0.482499524657,17.876299524,-0.252941193477,0.264204134811,0.990013474343,3.18413101202,1.0,615.117812576,0.855326036596
4147,5.21231635705,1.06357141444,50.8570589944,1.22379107637,0.482280134521,17.8593838638,-0.251928496643,0.264025081201,0.990113113162,3.18387157982,1.0,615.115961147,0.849236893654
4148,5.21357324549,1.06308836517,50.8734555702,1.22415608725,0.482061094165,17.842463792,-0.250915071127,0.263846392752,0.99021215494,3.18361283146,1.0,615.114110984,0.843199180016
4149,5.21483013392,1.06260608654,50.8898355822,1.2245212678,0.481842403253,17.825539323,-0.249900914665,0.263668068756,0.990310601098,3.18335476618,1.0,615.112262088,0.837211626934
4150,5.21608702236,1.0621245778,50.9061990204,1.22488661769,0.48162406145,17.8086104709,-0.248886024982,0.263490108507,0.990408453055,3.18309738326,1.0,615.110414464,0.831273017142
4151,5.2173439108,1.0616438382,50.922545875,1.22525213657,0.481406068422,17.79167725,-0.247870399796,0.263312511299,0.990505712232,3.18284068194,1.0,615.108568113,0.825382181974
4152,5.21860079924,1.06116386702,50.9388761362,1.22561782412,0.481188423833,17.7747396747,-0.246854036813,0.263135276432,0.990602380048,3.18258466149,1.0,615.106723039,0.819537998695
4153,5.21985768768,1.06068466352,50.955189794,1.22598368001,0.480971127349,17.7577977593,-0.245836933734,0.262958403205,0.990698457921,3.18232932117,1.0,615.104879244,0.81373938801
4154,5.22111457612,1.06020622696,50.9714868388,1.22634970389,0.480754178638,17.7408515181,-0.244819088248,0.262781890919,0.990793947271,3.18207466024,1.0,615.103036733,0.807985311748
4155,5.22237146456,1.0597285566,50.9877672607,1.22671589544,0.480537577365,17.7239009655,-0.243800498035,0.262605738878,0.990888849516,3.18182067796,1.0,615.101195506,0.802274770703
4156,5.223628353,1.05925165172,51.0040310498,1.22708225433,0.480321323198,17.706946116,-0.242781160768,0.262429946387,0.990983166074,3.18156737361,1.0,615.099355569,0.796606802616
4157,5.22488524144,1.05877551157,51.0202781965,1.22744878022,0.480105415805,17.6899869841,-0.241761074108,0.262254512755,0.991076898363,3.18131474644,1.0,615.097516922,0.790980480292
4158,5.22614212988,1.05830013543,51.036508691,1.22781547279,0.479889854853,17.6730235842,-0.240740235709,0.262079437289,0.991170047802,3.18106279573,1.0,615.09567957,0.785401416965
4159,5.22739901832,1.05782552257,51.0527225235,1.2281823317,0.47967464001,17.6560559308,-0.239718643215,0.261904719303,0.991262615806,3.18081152075,1.0,615.093843515,0.790947097788
4160,5.22865590675,1.05735167225,51.0689196842,1.22854935663,0.479459770945,17.6390840387,-0.238696294261,0.261730358108,0.991354603794,3.18056092077,1.0,615.092008761,0.796453721131
4161,5.22991279519,1.05687858374,51.0851001636,1.22891654724,0.479245247328,17.6221079222,-0.23767318647,0.26155635302,0.991446013181,3.18031099506,1.0,615.090175309,0.801922090472
4162,5.23116968363,1.05640625632,51.1012639518,1.22928390321,0.479031068829,17.6051275962,-0.23664931746,0.261382703357,0.991536845384,3.18006174291,1.0,615.088343163,0.807352982005
4163,5.23242657207,1.05593468926,51.1174110392,1.22965142422,0.478817235116,17.5881430752,-0.235624684836,0.261209408436,0.99162710182,3.17981316358,1.0,615.086512327,0.812747145912
4164,5.23368346051,1.05546388183,51.1335414161,1.23001910993,0.479660266256,17.571154374,-0.234599286196,0.261665170018,0.99170009353,3.17964976234,1.0,615.091322175,0.816045824042
4165,5.23494034895,1.0549938333,51.1496550728,1.23038696001,0.479446650609,17.5541615073,-0.233573119126,0.261492030893,0.991789378688,3.179401969,1.0,615.089496943,0.821390594175
4166,5.23619723739,1.05452454295,51.1657519997,1.23075497416,0.479233379521,17.5371644899,-0.232546181205,0.261319245786,0.991878091253,3.17915484796,1.0,615.087673025,0.826700386015
4167,5.23745412583,1.05405601006,51.1818321872,1.23112315202,0.479020452661,17.5201633366,-0.23151847,0.261146814021,0.991966232642,3.1789083985,1.0,615.085850426,0.831975868173
4168,5.23871101427,1.0535882339,51.1978956257,1.2314914933,0.478807869702,17.5031580622,-0.230489983069,0.260974734922,0.992053804271,3.17866261991,1.0,615.084029149,0.837217688126
4169,5.23996790271,1.05312121376,51.2139423055,1.23185999765,0.478595630315,17.4861486816,-0.229460717962,0.260803007816,0.992140807557,3.17841751146,1.0,615.082209195,0.842426473142
4170,5.24122479115,1.05265494889,51.229972217,1.23222866475,0.478383734172,17.4691352098,-0.228430672216,0.260631632033,0.992227243914,3.17817307244,1.0,615.080390569,0.847602831148
4171,5.24248167959,1.0521894386,51.2459853507,1.23259749429,0.478172180946,17.4521176616,-0.227399843362,0.260460606903,0.992313114759,3.17792930214,1.0,615.078573272,0.852747351556
4172,5.24373856802,1.05172468216,51.261981697,1.23296648595,0.477960970309,17.4350960521,-0.226368228917,0.260289931758,0.992398421506,3.17768619985,1.0,615.076757308,0.85786060604
4173,5.24499545646,1.05126067884,51.2779612464,1.23333563939,0.477750101935,17.4180703963,-0.225335826392,0.260119605934,0.992483165569,3.17744376484,1.0,615.07494268,0.862943149279
4174,5.2462523449,1.05079742793,51.2939239894,1.2337049543,0.477539575498,17.4010407093,-0.224302633286,0.259949628766,0.992567348363,3.17720199642,1.0,615.07312939,0.867995519649
4175,5.24750923334,1.05033492872,51.3098699163,1.23407443035,0.477329390671,17.3840070061,-0.223268647087,0.259779999593,0.992650971301,3.17696089388,1.0,615.071317441,0.873018239891
4176,5.24876612178,1.04987318049,51.3257990177,1.23444406724,0.477119547129,17.3669693019,-0.222233865276,0.259610717754,0.992734035798,3.17672045649,1.0,615.069506837,0.878011817736
4177,5.25002301022,1.04941218252,51.3417112842,1.23481386463,0.476910044547,17.3499276118,-0.22119828532,0.259441782592,0.992816543265,3.17648068357,1.0,615.06769758,0.882976746499
4178,5.25127989866,1.04895193409,51.3576067061,1.23518382221,0.476700882601,17.3328819511,-0.22016190468,0.25927319345,0.992898495115,3.17624157441,1.0,615.065889673,0.88791350565
4179,5.2525367871,1.04849243451,51.3734852742,1.23555393967,0.476492060966,17.315832335,-0.219124720803,0.259104949674,0.992979892761,3.1760031283,1.0,615.064083118,0.892822561348
4180,5.25379367554,1.04803368304,51.3893469789,1.23592421668,0.476283579319,17.2987787788,-0.218086731128,0.25893705061,0.993060737615,3.17576534454,1.0,615.06227792,0.897704366952
4181,5.25505056398,1.04757567898,51.4051918107,1.23629465292,0.476075437336,17.2817212977,-0.217047933083,0.258769495609,0.993141031087,3.17552822243,1.0,615.06047408,0.902559363509
4182,5.25630745242,1.04711842163,51.4210197603,1.23666524809,0.476915801276,17.2646599072,-0.216008324087,0.259221490918,0.993207095723,3.1753664819,1.0,615.065334756,0.905673773274
4183,5.25756434085,1.04666191026,51.4368308183,1.23703600185,0.476707880684,17.2475946227,-0.214967901545,0.259054092653,0.993286447627,3.17513015243,1.0,615.063536567,0.910493358675
4184,5.25882122929,1.04620614418,51.4526249753,1.23740691391,0.476500299535,17.2305254595,-0.213926662856,0.258887037761,0.993365251347,3.1748944841,1.0,615.061739744,0.915287173641
4185,5.26007811773,1.04575112267,51.4684022218,1.23777798394,0.476293057506,17.2134524331,-0.212884605406,0.258720325596,0.993443508296,3.17465947621,1.0,615.059944288,0.920055619875
4186,5.26133500617,1.04529684503,51.4841625485,1.23814921163,0.476086154275,17.1963755591,-0.211841726571,0.258553955512,0.993521219884,3.17442512807,1.0,615.058150203,0.924799088675
4187,5.26259189461,1.04484331054,51.4999059461,1.23852059667,0.47587958952,17.1792948529,-0.210798023715,0.258387926866,0.993598387523,3.17419143897,1.0,615.056357492,0.929517961306
4188,5.26384878305,1.04439051851,51.5156324052,1.23889213874,0.475673362921,17.1622103302,-0.209753494194,0.258222239017,0.993675012623,3.17395840824,1.0,615.054566156,0.934212609361
4189,5.26510567149,1.04393846824,51.5313419165,1.23926383752,0.475467474156,17.1451220066,-0.208708135351,0.258056891325,0.993751096595,3.17372603516,1.0,615.0527762,0.938883395097
4190,5.26636255993,1.04348715901,51.5470344707,1.23963569272,0.475261922905,17.1280298978,-0.20766194452,0.257891883152,0.993826640847,3.17349431906,1.0,615.050987626,0.943530671757
4191,5.26761944837,1.04303659012,51.5627100585,1.24000770401,0.475056708849,17.1109340193,-0.206614919023,0.257727213863,0.993901646789,3.17326325924,1.0,615.049200437,0.948154783888
4192,5.26887633681,1.04258676088,51.5783686706,1.24037987108,0.474851831667,17.0938343871,-0.205567056171,0.257562882822,0.993976115831,3.17303285501,1.0,615.047414636,0.952756067629
4193,5.27013322525,1.04213767059,51.5940102977,1.24075219363,0.474647291041,17.0767310168,-0.204518353265,0.257398889398,0.994050049379,3.17280310569,1.0,615.045630225,0.957334850999
4194,5.27139011368,1.04168931853,51.6096349306,1.24112467135,0.474443086652,17.0596239243,-0.203468807595,0.25723523296,0.994123448842,3.17257401058,1.0,615.043847208,0.96189145417
4195,5.27264700212,1.04124170402,51.6252425601,1.24149730392,0.474239218181,17.0425131254,-0.202418416438,0.257071912878,0.994196315628,3.17234556901,1.0,615.042065586,0.966426189722
4196,5.27390389056,1.04079482636,51.6408331768,1.24187009103,0.474035685312,17.0253986361,-0.201367177063,0.256908928526,0.994268651143,3.17211778028,1.0,615.040285364,0.970939362897
4197,5.275160779,1.04034868485,51.6564067717,1.24224303238,0.473832487726,17.0082804722,-0.200315086727,0.256746279278,0.994340456794,3.17189064372,1.0,615.038506544,0.975431271834
4198,5.27641766744,1.03990327879,51.6719633354,1.24261612766,0.473629625107,16.9911586498,-0.199262142673,0.25658396451,0.994411733987,3.17166415864,1.0,615.036729128,0.979902207799
4199,5.27767455588,1.03945860749,51.6875028589,1.24298937657,0.473427097137,16.9740331848,-0.198208342137,0.2564219836,0.994482484127,3.17143832437,1.0,615.03495312,0.984352455404
4200,5.27893144432,1.03901467025,51.7030253329,1.24336277879,0.47426495822,16.9569040934,-0.19715368234,0.256870424725,0.994541702756,3.17127858789,1.0,615.03986447,0.987342514008
4201,5.28018833276,1.03857146639,51.7185307483,1.24373633402,0.474062654955,16.9397713915,-0.196098160494,0.256708601545,0.994611541601,3.17105355265,1.0,615.038094157,0.991766015349
4202,5.2814452212,1.03812899521,51.7340190959,1.24411004195,0.473860686126,16.9226350954,-0.1950417738,0.256547111569,0.994680856611,3.1708291677,1.0,615.036325259,0.996169503132
4203,5.28270210964,1.03768725601,51.7494903666,1.24448390228,0.473659051418,16.9054952213,-0.193984519445,0.256385954179,0.99474964919,3.17060543237,1.0,615.034557777,1.00055324044
4204,5.28395899808,1.03724624811,51.7649445513,1.2448579147,0.473457750516,16.8883517854,-0.192926394606,0.256225128758,0.994817920745,3.17038234599,1.0,615.032791714,1.00491748458
4205,5.28521588652,1.03680597082,51.7803816408,1.24523207892,0.473256783104,16.8712048038,-0.19186739645,0.256064634692,0.99488567268,3.17015990788,1.0,615.031027073,1.00926248726
4206,5.28647277495,1.03636642345,51.7958016261,1.24560639462,0.473056148869,16.8540542931,-0.190807522129,0.255904471367,0.9949529064,3.16993811735,1.0,615.029263857,1.01358849475
4207,5.28772966339,1.03592760531,51.8112044982,1.2459808615,0.472855847497,16.8369002694,-0.189746768786,0.255744638174,0.995019623307,3.16971697374,1.0,615.027502068,1.01789574808
4208,5.28898655183,1.03548951572,51.8265902479,1.24635547926,0.472655878673,16.8197427492,-0.188685133551,0.255585134501,0.995085824806,3.16949647638,1.0,615.02574171,1.02218448312
4209,5.29024344027,1.03505215399,51.8419588662,1.2467302476,0.472456242086,16.8025817489,-0.187622613542,0.255425959741,0.995151512298,3.16927662458,1.0,615.023982786,1.02645493083
4210,5.29150032871,1.03461551943,51.857310344,1.24710516622,0.472256937423,16.785417285,-0.186559205868,0.255267113289,0.995216687187,3.16905741769,1.0,615.022225297,1.03070731731
4211,5.29275721715,1.03417961136,51.8726446723,1.24748023481,0.472057964371,16.768249374,-0.185494907621,0.255108594538,0.995281350872,3.16883885502,1.0,615.020469247,1.03494186399
4212,5.29401410559,1.0337444291,51.8879618422,1.24785545308,0.471859322619,16.7510780326,-0.184429715885,0.254950402888,0.995345504757,3.16862093592,1.0,615.018714639,1.03915878778
4213,5.29527099403,1.03330997197,51.9032618446,1.24823082073,0.471661011855,16.7339032772,-0.183363627732,0.254792537736,0.995409150241,3.16840365971,1.0,615.016961475,1.04335830115
4214,5.29652788247,1.03287623928,51.9185446706,1.24860633745,0.471463031769,16.7167251245,-0.182296640219,0.254634998482,0.995472288723,3.16818702572,1.0,615.015209759,1.04754061228
4215,5.29778477091,1.03244323035,51.9338103111,1.24898200294,0.47126538205,16.6995435913,-0.181228750393,0.25447778453,0.995534921605,3.16797103329,1.0,615.013459492,1.05170592517
4216,5.29904165935,1.03201094452,51.9490587573,1.24935781692,0.471068062388,16.6823586943,-0.180159955289,0.254320895283,0.995597050284,3.16775568175,1.0,615.011710678,1.0558544398
4217,5.30029854778,1.03157938108,51.9642900001,1.24973377907,0.470871072473,16.6651704502,-0.179090251929,0.254164330147,0.99565867616,3.16754097044,1.0,615.00996332,1.05998635216
4218,5.30155543622,1.03114853938,51.9795040307,1.25010988911,0.470674411997,16.647978876,-0.178019637322,0.254008088527,0.995719800629,3.1673268987,1.0,615.00821742,1.06410185443
4219,5.30281232466,1.03071841874,51.9947008401,1.25048614674,0.470478080651,16.6307839884,-0.176948108467,0.253852169835,0.995780425089,3.16711346587,1.0,615.006472981,1.06820113505
4220,5.3040692131,1.03028901847,52.0098804195,1.25086255165,0.471313398457,16.6135858044,-0.175875662347,0.254296932559,0.995832133146,3.16695639765,1.0,615.01144338,1.07109615155
4221,5.30532610154,1.0298603379,52.0250427599,1.25123910356,0.471117295336,16.5963843409,-0.174802295936,0.254141172595,0.995891880793,3.16674377026,1.0,615.009704685,1.07517503324
4222,5.30658298998,1.02943237636,52.0401878524,1.25161580217,0.47092152114,16.579179615,-0.173728006194,0.253985734942,0.995951131667,3.16653178129,1.0,615.007967457,1.07923814263
4223,5.30783987842,1.02900513319,52.0553156883,1.25199264718,0.470726075562,16.5619716437,-0.172652790068,0.253830619011,0.996009887163,3.16632043006,1.0,615.006231699,1.08328565597
4224,5.30909676686,1.02857860769,52.0704262586,1.25236963829,0.470530958294,16.5447604441,-0.171576644492,0.253675824217,0.99606814868,3.16610971591,1.0,615.004497413,1.0873177462
4225,5.3103536553,1.02815279922,52.0855195546,1.25274677523,0.470336169031,16.5275460333,-0.170499566388,0.253521349977,0.996125917613,3.1658996382,1.0,615.002764602,1.09133458301
4226,5.31161054374,1.02772770708,52.1005955674,1.25312405768,0.470141707465,16.5103284287,-0.169421552666,0.253367195707,0.996183195358,3.16569019625,1.0,615.00103327,1.09533633298
4227,5.31286743218,1.02730333063,52.1156542882,1.25350148537,0.46994757329,16.4931076473,-0.168342600222,0.253213360827,0.996239983309,3.16548138941,1.0,614.999303418,1.09932315962
4228,5.31412432062,1.02687966918,52.1306957081,1.25387905799,0.469753766202,16.4758837065,-0.167262705938,0.253059844756,0.996296282861,3.16527321703,1.0,614.997575049,1.10329522344
4229,5.31538120905,1.02645672208,52.1457198186,1.25425677525,0.469560285894,16.4586566236,-0.166181866685,0.252906646919,0.996352095407,3.16506567844,1.0,614.995848167,1.10725268206
4230,5.31663809749,1.02603448864,52.1607266106,1.25463463687,0.469367132063,16.4414264159,-0.165100079321,0.252753766737,0.996407422341,3.16485877301,1.0,614.994122774,1.11119569027
4231,5.31789498593,1.02561296822,52.1757160756,1.25501264255,0.469174304403,16.424193101,-0.16401734069,0.252601203638,0.996462265055,3.16465250006,1.0,614.992398873,1.11512440007
4232,5.31915187437,1.02519216015,52.1906882047,1.255390792,0.468981802611,16.4069566964,-0.162933647621,0.252448957047,0.996516624941,3.16444685895,1.0,614.990676466,1.1190389608
4233,5.32040876281,1.02477206376,52.2056429893,1.25576908494,0.468789626385,16.3897172194,-0.161848996934,0.252297026394,0.996570503391,3.16424184903,1.0,614.988955556,1.12293951912
4234,5.32166565125,1.02435267839,52.2205804206,1.25614752106,0.46859777542,16.3724746877,-0.160763385431,0.252145411108,0.996623901795,3.16403746965,1.0,614.987236146,1.12682621917
4235,5.32292253969,1.02393400338,52.23550049,1.25652610009,0.468406249414,16.3552291189,-0.159676809905,0.251994110622,0.996676821543,3.16383372015,1.0,614.985518239,1.13069920257
4236,5.32417942813,1.02351603807,52.2504031886,1.25690482174,0.468215048065,16.3379805307,-0.158589267132,0.25184312437,0.996729264025,3.16363059988,1.0,614.983801837,1.13455860847
4237,5.32543631657,1.0230987818,52.265288508,1.25728368571,0.468024171072,16.3207289409,-0.157500753876,0.251692451785,0.996781230629,3.1634281082,1.0,614.982086943,1.13840457368
4238,5.32669320501,1.02268223391,52.2801564393,1.25766269172,0.467833618133,16.3034743671,-0.156411266889,0.251542092304,0.996832722745,3.16322624447,1.0,614.980373561,1.14223723264
4239,5.32795009345,1.02226639374,52.295006974,1.25804183948,0.467643388948,16.2862168271,-0.155320802906,0.251392045366,0.996883741759,3.16302500802,1.0,614.978661691,1.14605671753
4240,5.32920698188,1.02185126064,52.3098401034,1.2584211287,0.468476357344,16.268956339,-0.15422935865,0.251833371226,0.996928074986,3.16287099684,1.0,614.983690893,1.14888822936
4241,5.33046387032,1.02143683395,52.3246558189,1.25880055911,0.468286359923,16.2516929205,-0.153136930831,0.251683484112,0.996978252268,3.16267057187,1.0,614.981984812,1.15269166014
4242,5.33172075876,1.02102311302,52.3394541119,1.25918013041,0.468096686063,16.2344265896,-0.152043516143,0.251533908961,0.997027959698,3.16247077368,1.0,614.98028025,1.15648223361
4243,5.3329776472,1.02061009719,52.3542349738,1.25955984232,0.467907335463,16.2171573644,-0.150949111269,0.251384645215,0.997077198663,3.16227160165,1.0,614.978577211,1.16026007448
4244,5.33423453564,1.02019778582,52.368998396,1.25993969455,0.467718307825,16.1998852629,-0.149853712875,0.251235692318,0.997125970549,3.16207305511,1.0,614.976875696,1.16402530539
4245,5.33549142408,1.01978617824,52.38374437,1.26031968682,0.467529602849,16.1826103033,-0.148757317616,0.251087049715,0.997174276743,3.16187513344,1.0,614.975175708,1.16777804698
4246,5.33674831252,1.01937527381,52.3984728872,1.26069981885,0.467341220237,16.1653325037,-0.147659922129,0.250938716851,0.997222118631,3.16167783597,1.0,614.97347725,1.17151841794
4247,5.33800520096,1.01896507187,52.413183939,1.26108009035,0.467153159691,16.1480518824,-0.14656152304,0.250790693175,0.997269497595,3.16148116207,1.0,614.971780325,1.17524653503
4248,5.3392620894,1.01855557179,52.427877517,1.26146050104,0.466965420914,16.1307684575,-0.145462116961,0.250642978135,0.997316415022,3.16128511109,1.0,614.970084936,1.17896251317
4249,5.34051897784,1.01814677291,52.4425536125,1.26184105063,0.466778003608,16.1134822475,-0.144361700486,0.250495571184,0.997362872293,3.1610896824,1.0,614.968391084,1.1826664654
4250,5.34177586628,1.01773867458,52.4572122172,1.26222173886,0.466590907477,16.0961932707,-0.143260270198,0.250348471773,0.997408870792,3.16089487536,1.0,614.966698774,1.18635850301
4251,5.34303275472,1.01733127615,52.4718533225,1.26260256542,0.466404132224,16.0789015456,-0.142157822665,0.250201679357,0.997454411901,3.16070068931,1.0,614.965008006,1.19003873553
4252,5.34428964315,1.016924577,52.48647692,1.26298353005,0.466217677555,16.0616070906,-0.141054354439,0.25005519339,0.997499497001,3.16050712363,1.0,614.963318786,1.19370727077
4253,5.34554653159,1.01651857645,52.5010830011,1.26336463247,0.466031543173,16.0443099243,-0.139949862058,0.24990901333,0.997544127472,3.16031417767,1.0,614.961631114,1.19736421485
4254,5.34680342003,1.01611327389,52.5156715575,1.26374587238,0.465845728783,16.0270100652,-0.138844342046,0.249763138636,0.997588304696,3.1601218508,1.0,614.959944993,1.20100967228
4255,5.34806030847,1.01570866866,52.5302425806,1.26412724952,0.465660234092,16.0097075321,-0.137737790913,0.249617568767,0.99763203005,3.15993014237,1.0,614.958260427,1.20464374594
4256,5.34931719691,1.01530476011,52.5447960622,1.26450876361,0.465475058805,15.9924023435,-0.136630205151,0.249472303185,0.997675304914,3.15973905175,1.0,614.956577418,1.20826653715
4257,5.35057408535,1.01490154762,52.5593319937,1.26489041435,0.465290202628,15.9750945184,-0.135521581239,0.249327341353,0.997718130665,3.15954857831,1.0,614.954895968,1.21187814568
4258,5.35183097379,1.01449903055,52.5738503667,1.26527220149,0.465105665268,15.9577840754,-0.134411915643,0.249182682735,0.997760508682,3.1593587214,1.0,614.95321608,1.2154786698
4259,5.35308786223,1.01409720824,52.588351173,1.26565412474,0.464921446434,15.9404710334,-0.133301204809,0.249038326797,0.997802440339,3.1591694804,1.0,614.951537758,1.2190682063
4260,5.35434475067,1.01369608007,52.602834404,1.26603618382,0.464737545831,15.9231554114,-0.132189445173,0.248894273007,0.997843927014,3.15898085466,1.0,614.949861003,1.22264685053
4261,5.35560163911,1.0132956454,52.6173000516,1.26641837845,0.465568273118,15.9058372283,-0.131076633153,0.249332253694,0.997880675787,3.15883047646,1.0,614.954952979,1.2254349204
4262,5.35685852755,1.01289590359,52.6317481072,1.26680070836,0.465384607963,15.8885165031,-0.129962765151,0.249188360915,0.997921358254,3.15864266787,1.0,614.953282057,1.22900077742
4263,5.35811541598,1.01249685401,52.6461785626,1.26718317328,0.46520126086,15.871193255,-0.128847837557,0.249044769744,0.997961598999,3.15845547404,1.0,614.951612707,1.23255597182
4264,5.35937230442,1.01209849603,52.6605914095,1.26756577293,0.465018231516,15.8538675031,-0.127731846741,0.24890147965,0.998001399396,3.15826889433,1.0,614.949944933,1.23610059418
4265,5.36062919286,1.01170082901,52.6749866395,1.26794850703,0.464835519642,15.8365392666,-0.126614789061,0.248758490106,0.99804076082,3.15808292811,1.0,614.948278737,1.23963473374
4266,5.3618860813,1.01130385232,52.6893642444,1.2683313753,0.464653124946,15.8192085647,-0.125496660859,0.248615800585,0.998079684645,3.15789757474,1.0,614.946614122,1.24315847847
4267,5.36314296974,1.01090756533,52.7037242159,1.26871437748,0.46447104714,15.8018754167,-0.124377458458,0.248473410564,0.998118172243,3.1577128336,1.0,614.944951091,1.24667191504
4268,5.36439985818,1.01051196741,52.7180665457,1.26909751329,0.464289285933,15.784539842,-0.123257178171,0.248331319518,0.998156224988,3.15752870405,1.0,614.943289646,1.25017512891
4269,5.36565674662,1.01011705793,52.7323912255,1.26948078246,0.464107841037,15.7672018601,-0.122135816289,0.248189526927,0.99819384425,3.15734518546,1.0,614.941629789,1.25366820431
4270,5.36691363506,1.00972283626,52.7466982472,1.26986418472,0.463926712163,15.7498614904,-0.121013369092,0.248048032269,0.9982310314,3.1571622772,1.0,614.939971525,1.25715122427
4271,5.3681705235,1.00932930178,52.7609876025,1.27024771978,0.463745899024,15.7325187525,-0.119889832841,0.247906835025,0.99826778781,3.15697997864,1.0,614.938314854,1.26062427066
4272,5.36942741194,1.00893645386,52.7752592832,1.27063138739,0.463565401331,15.7151736659,-0.118765203782,0.247765934679,0.998304114847,3.15679828915,1.0,614.936659781,1.26408742419
4273,5.37068430038,1.00854429188,52.789513281,1.27101518727,0.463385218797,15.6978262504,-0.117639478144,0.247625330714,0.998340013881,3.1566172081,1.0,614.935006307,1.26754076445
4274,5.37194118881,1.0081528152,52.8037495878,1.27139911914,0.463205351135,15.6804765256,-0.116512652142,0.247485022616,0.998375486279,3.15643673485,1.0,614.933354434,1.27098436993
4275,5.37319807725,1.00776202321,52.8179681955,1.27178318274,0.46302579806,15.6631245114,-0.115384721972,0.247345009871,0.998410533408,3.15625686879,1.0,614.931704167,1.27441831803
4276,5.37445496569,1.00737191529,52.8321690957,1.2721673778,0.462846559285,15.6457702275,-0.114255683815,0.247205291968,0.998445156636,3.15607760929,1.0,614.930055507,1.27784268508
4277,5.37571185413,1.00698249082,52.8463522805,1.27255170405,0.462667634525,15.628413694,-0.113125533836,0.247065868396,0.998479357327,3.15589895571,1.0,614.928408456,1.28125754638
4278,5.37696874257,1.00659374916,52.8605177417,1.27293616121,0.462489023495,15.6110549306,-0.111994268181,0.246926738646,0.998513136847,3.15572090742,1.0,614.926763018,1.28466297619
4279,5.37822563101,1.00620568971,52.8746654711,1.27332074903,0.462310725911,15.5936939575,-0.110861882982,0.246787902212,0.998546496558,3.15554346381,1.0,614.925119196,1.28805904778
4280,5.37948251945,1.00581831185,52.8887954606,1.27370546722,0.462132741487,15.5763307948,-0.109728374353,0.246649358586,0.998579437826,3.15536662425,1.0,614.923476991,1.29144583343
4281,5.38073940789,1.00543161496,52.9029077021,1.27409031553,0.461955069941,15.5589654625,-0.108593738392,0.246511107264,0.998611962011,3.15519038811,1.0,614.921836406,1.29482340444
4282,5.38199629633,1.00504559841,52.9170021876,1.27447529369,0.462783762633,15.5415979809,-0.107457971178,0.246945989332,0.998641313052,3.15504403572,1.0,614.9269908,1.29758580276
4283,5.38325318477,1.00466026161,52.931078909,1.27486040142,0.46260633027,15.5242283703,-0.106321068776,0.246807900338,0.998673071113,3.15486862181,1.0,614.925356088,1.30095300121
4284,5.38451007321,1.00427560393,52.9451378582,1.27524563846,0.462429210617,15.506856651,-0.105183027232,0.246670103144,0.998704415359,3.15469381079,1.0,614.923723001,1.30431115772
4285,5.38576696165,1.00389162475,52.9591790271,1.27563100455,0.462252403389,15.4894828434,-0.104043842574,0.246532597248,0.998735347152,3.15451960204,1.0,614.922091542,1.30766034037
4286,5.38702385008,1.00350832347,52.9732024078,1.27601649942,0.462075908306,15.4721069679,-0.102903510816,0.24639538215,0.998765867853,3.15434599494,1.0,614.920461714,1.31100061637
4287,5.38828073852,1.00312569948,52.9872079921,1.27640212281,0.461899725086,15.4547290451,-0.101762027951,0.246258457351,0.998795978821,3.15417298885,1.0,614.918833519,1.31433205205
4288,5.38953762696,1.00274375216,53.0011957722,1.27678787444,0.461723853447,15.4373490955,-0.100619389957,0.246121822355,0.998825681417,3.15400058315,1.0,614.91720696,1.31765471286
4289,5.3907945154,1.00236248091,53.01516574,1.27717375406,0.461548293109,15.4199671399,-0.0994755927937,0.245985476665,0.998854976998,3.15382877722,1.0,614.91558204,1.32096866343
4290,5.39205140384,1.0019818851,53.0291178875,1.2775597614,0.461373043792,15.4025831988,-0.0983306324026,0.245849419787,0.998883866922,3.15365757044,1.0,614.913958761,1.32427396752
4291,5.39330829228,1.00160196415,53.0430522067,1.2779458962,0.461198105215,15.3851972932,-0.0971845047083,0.245713651228,0.998912352546,3.15348696217,1.0,614.912337125,1.32757068812
4292,5.39456518072,1.00122271744,53.0569686898,1.27833215819,0.461023477099,15.3678094438,-0.0960372056174,0.245578170496,0.998940435226,3.1533169518,1.0,614.910717135,1.33085888738
4293,5.39582206916,1.00084414436,53.0708673286,1.27871854711,0.460849159165,15.3504196716,-0.0948887310185,0.2454429771,0.998968116317,3.15314753871,1.0,614.909098795,1.33413862667
4294,5.3970789576,1.00046624431,53.0847481154,1.2791050627,0.460675151135,15.3330279974,-0.0937390767825,0.245308070553,0.998995397173,3.15297872227,1.0,614.907482105,1.33740996661
4295,5.39833584604,1.00008901669,53.0986110422,1.2794917047,0.460501452731,15.3156344425,-0.0925882387619,0.245173450365,0.999022279149,3.15281050186,1.0,614.90586707,1.34067296701
4296,5.39959273448,0.999712460892,53.1124561011,1.27987847284,0.460328063674,15.2982390278,-0.0914362127912,0.245039116051,0.999048763596,3.15264287686,1.0,614.904253691,1.34392768697
4297,5.40084962291,0.999336576313,53.1262832842,1.28026536686,0.460154983687,15.2808417746,-0.0902829946868,0.244905067126,0.999074851867,3.15247584664,1.0,614.902641971,1.34717418484
4298,5.40210651135,0.998961362354,53.1400925835,1.28065238651,0.459982212495,15.2634427041,-0.0891285802465,0.244771303106,0.999100545313,3.15230941058,1.0,614.901031913,1.35041251824
4299,5.40336339979,0.998586818414,53.1538839914,1.28103953151,0.45980974982,15.2460418376,-0.0879729652499,0.244637823509,0.999125845284,3.15214356808,1.0,614.899423519,1.35364274408
4300,5.40462028823,0.998212943895,53.1676574998,1.28142680163,0.459637595387,15.2286391965,-0.0868161454579,0.244504627855,0.999150753129,3.15197831849,1.0,614.897816792,1.35686491858
4301,5.40587717667,0.997839738198,53.1814131009,1.28181419658,0.45946574892,15.2112348022,-0.0856581166129,0.244371715662,0.999175270197,3.15181366121,1.0,614.896211734,1.36007909725
4302,5.40713406511,0.997467200725,53.195150787,1.28220171612,0.459294210144,15.1938286763,-0.0844988744386,0.244239086454,0.999199397836,3.15164959561,1.0,614.894608348,1.36328533494
4303,5.40839095355,0.997095330882,53.2088705502,1.28258935998,0.459122978784,15.1764208403,-0.0833384146398,0.244106739753,0.999223137392,3.15148612107,1.0,614.893006636,1.36648368583
4304,5.40964784199,0.996724128072,53.2225723827,1.28297712791,0.458952054567,15.1590113159,-0.0821767329025,0.243974675084,0.999246490212,3.15132323698,1.0,614.891406601,1.36967420345
4305,5.41090473043,0.9963535917,53.2362562766,1.28336501964,0.459778788155,15.1416001249,-0.0810138248936,0.244406459559,0.999267969234,3.15118175826,1.0,614.896631473,1.37242313994
4306,5.41216161887,0.995983721174,53.2499222243,1.28375303493,0.459608107162,15.124187289,-0.0798496862611,0.244274558686,0.999290598367,3.15101970096,1.0,614.895037351,1.37560528932
4307,5.41341850731,0.995614515902,53.2635702179,1.28414117351,0.459437733157,15.10677283,-0.0786843126335,0.244142939379,0.999312844033,3.15085823355,1.0,614.893444911,1.37877973594
4308,5.41467539575,0.995245975291,53.2772002498,1.28452943513,0.459267665868,15.08935677,-0.0775176996203,0.244011601165,0.999334707577,3.15069735541,1.0,614.891854155,1.38194653113
4309,5.41593228418,0.994878098751,53.2908123121,1.28491781953,0.459097905022,15.071939131,-0.0763498428115,0.243880543574,0.999356190343,3.15053706592,1.0,614.890265086,1.38510572562
4310,5.41718917262,0.994510885693,53.3044063971,1.28530632645,0.458928450348,15.054519935,-0.0751807377776,0.243749766136,0.999377293674,3.15037736445,1.0,614.888677707,1.38825736955
4311,5.41844606106,0.994144335527,53.3179824971,1.28569495564,0.458759301573,15.0370992041,-0.0740103800696,0.243619268382,0.999398018912,3.1502182504,1.0,614.887092019,1.39140151245
4312,5.4197029495,0.993778447667,53.3315406044,1.28608370685,0.458590458426,15.0196769607,-0.0728387652188,0.243489049844,0.999418367398,3.15005972314,1.0,614.885508026,1.39453820328
4313,5.42095983794,0.993413221526,53.3450807114,1.28647257982,0.458421920637,15.0022532269,-0.0716658887366,0.243359110058,0.999438340474,3.14990178205,1.0,614.88392573,1.39766749043
4314,5.42221672638,0.993048656518,53.3586028102,1.28686157429,0.458253687936,14.9848280253,-0.0704917461146,0.243229448559,0.999457939478,3.14974442652,1.0,614.882345134,1.40078942171
4315,5.42347361482,0.992684752058,53.3721068934,1.28725069001,0.458085760052,14.9674013782,-0.0693163328245,0.243100064882,0.999477165749,3.14958765591,1.0,614.880766239,1.4039040444
4316,5.42473050326,0.992321507563,53.3855929532,1.28763992672,0.457918136716,14.9499733081,-0.0681396443178,0.242970958566,0.999496020625,3.14943146962,1.0,614.879189049,1.40701140522
4317,5.4259873917,0.991958922449,53.3990609819,1.28802928419,0.45775081766,14.9325438377,-0.0669616760258,0.242842129151,0.999514505443,3.14927586703,1.0,614.877613566,1.41011155034
4318,5.42724428014,0.991596996135,53.412510972,1.28841876214,0.457583802614,14.9151129897,-0.0657824233596,0.242713576177,0.999532621538,3.14912084752,1.0,614.876039793,1.41320452543
4319,5.42850116858,0.99123572804,53.4259429158,1.28880836033,0.457417091311,14.8976807867,-0.0646018817099,0.242585299185,0.999550370247,3.14896641046,1.0,614.874467731,1.41629037561
4320,5.42975805701,0.990875117584,53.4393568057,1.28919807851,0.457250683483,14.8802472516,-0.0634200464469,0.242457297719,0.999567752902,3.14881255525,1.0,614.872897384,1.41936914549
4321,5.43101494545,0.990515164188,53.4527526342,1.28958791643,0.457084578863,14.8628124073,-0.0622369129202,0.242329571323,0.999584770837,3.14865928126,1.0,614.871328754,1.42244087919
4322,5.43227183389,0.990155867274,53.4661303936,1.28997787383,0.456918777184,14.8453762768,-0.0610524764585,0.242202119543,0.999601425386,3.14850658788,1.0,614.869761844,1.42550562032
4323,5.43352872233,0.989797226264,53.4794900764,1.29036795046,0.456753278179,14.8279388831,-0.05986673237,0.242074941925,0.999617717878,3.14835447448,1.0,614.868196655,1.428563412
4324,5.43478561077,0.989439240584,53.4928316751,1.29075814607,0.456588081584,14.8105002494,-0.0586796759417,0.241948038019,0.999633649644,3.14820294046,1.0,614.866633191,1.43161429687
4325,5.43604249921,0.989081909658,53.5061551821,1.29114846042,0.456423187132,14.7930603989,-0.0574913024399,0.241821407372,0.999649222014,3.14805198519,1.0,614.865071454,1.43465831708
4326,5.43729938765,0.988725232911,53.5194605898,1.29153889325,0.45625859456,14.7756193549,-0.0563016071095,0.241695049536,0.999664436318,3.14790160806,1.0,614.863511446,1.43769551432
4327,5.43855627609,0.98836920977,53.5327478907,1.29192944431,0.456094303601,14.7581771408,-0.0551105851742,0.241568964063,0.999679293881,3.14775180844,1.0,614.861953171,1.44072592982
4328,5.43981316453,0.988013839663,53.5460170774,1.29232011336,0.455930313992,14.7407337799,-0.0539182318365,0.241443150505,0.999693796031,3.14760258573,1.0,614.860396629,1.44374960436
4329,5.44107005297,0.987659122019,53.5592681424,1.29271090015,0.456755273233,14.7232892958,-0.0527245422773,0.241872004446,0.99970734791,3.14746665724,1.0,614.865695665,1.44649753326
4330,5.44232694141,0.987305056268,53.5725010782,1.29310180442,0.456591531114,14.7058437122,-0.0515295116559,0.241746356352,0.999721171273,3.14731826502,1.0,614.864145075,1.44951444204
4331,5.44358382984,0.98695164184,53.5857158772,1.29349282593,0.456428090207,14.6883970527,-0.05033313511,0.241620979747,0.99973464249,3.14717044912,1.0,614.862596224,1.45252471013
4332,5.44484071828,0.986598878167,53.5989125321,1.29388396443,0.45626495025,14.6709493412,-0.0491354077557,0.241495874188,0.999747762887,3.14702320892,1.0,614.861049114,1.45552837677
4333,5.44609760672,0.98624676468,53.6120910355,1.29427521969,0.45610211098,14.6535006013,-0.0479363246868,0.241371039232,0.999760533787,3.14687654379,1.0,614.859503749,1.45852548079
4334,5.44735449516,0.985895300815,53.6252513798,1.29466659143,0.455939572135,14.6360508572,-0.0467358809755,0.241246474437,0.999772956514,3.14673045311,1.0,614.85796013,1.46151606059
4335,5.4486113836,0.985544486005,53.6383935577,1.29505807944,0.455777333454,14.6186001328,-0.0455340716715,0.241122179365,0.999785032391,3.14658493627,1.0,614.856418259,1.46450015416
4336,5.44986827204,0.985194319686,53.6515175617,1.29544968345,0.455615394676,14.6011484522,-0.0443308918025,0.240998153575,0.999796762739,3.14643999266,1.0,614.85487814,1.46747779906
4337,5.45112516048,0.984844801294,53.6646233845,1.29584140322,0.45545375554,14.5836958396,-0.0431263363739,0.24087439663,0.999808148879,3.14629562165,1.0,614.853339775,1.47044903248
4338,5.45238204892,0.984495930266,53.6777110187,1.2962332385,0.455292415785,14.5662423193,-0.0419204003684,0.240750908094,0.999819192129,3.14615182262,1.0,614.851803166,1.47341389118
4339,5.45363893736,0.984147706041,53.690780457,1.29662518906,0.455131375153,14.5487879156,-0.0407130787464,0.240627687531,0.999829893809,3.14600859495,1.0,614.850268315,1.47637241153
4340,5.4548958258,0.983800128058,53.7038316919,1.29701725464,0.454970633383,14.5313326529,-0.0395043664453,0.240504734507,0.999840255237,3.14586593804,1.0,614.848735226,1.47932462954
4341,5.45615271424,0.983453195757,53.7168647162,1.29740943501,0.454810190217,14.5138765559,-0.0382942583801,0.24038204859,0.999850277728,3.14572385125,1.0,614.8472039,1.48227058081
4342,5.45740960268,0.98310690858,53.7298795224,1.29780172991,0.454650045396,14.4964196491,-0.0370827494424,0.240259629347,0.999859962599,3.14558233397,1.0,614.84567434,1.48521030057
4343,5.45866649111,0.982761265969,53.7428761034,1.29819413911,0.454490198663,14.4789619571,-0.035869834501,0.24013747635,0.999869311164,3.14544138559,1.0,614.844146548,1.48814382367
4344,5.45992337955,0.982416267366,53.7558544517,1.29858666237,0.45433064976,14.4615035049,-0.0346555084017,0.240015589167,0.999878324736,3.14530100549,1.0,614.842620528,1.49107118461
4345,5.46118026799,0.982071912217,53.7688145601,1.29897929943,0.454171398429,14.4440443172,-0.0334397659667,0.239893967371,0.99988700463,3.14516119304,1.0,614.84109628,1.49399241753
4346,5.46243715643,0.981728199965,53.7817564213,1.29937205006,0.454012444415,14.4265844191,-0.0322226019951,0.239772610536,0.999895352155,3.14502194763,1.0,614.839573808,1.49690755618
4347,5.46369404487,0.981385130057,53.794680028,1.29976491402,0.45385378746,14.4091238355,-0.0310040112622,0.239651518236,0.999903368623,3.14488326864,1.0,614.838053114,1.499816634
4348,5.46495093331,0.98104270194,53.807585373,1.30015789106,0.45369542731,14.3916625916,-0.0297839885198,0.239530690046,0.999911055344,3.14474515545,1.0,614.8365342,1.50271968404
4349,5.46620782175,0.980700915062,53.8204724491,1.30055098094,0.453537363709,14.3742007127,-0.0285625284959,0.239410125543,0.999918413626,3.14460760744,1.0,614.83501707,1.50561673905
4350,5.46746471019,0.980359768871,53.833341249,1.30094418343,0.453379596401,14.3567382241,-0.0273396258948,0.239289824305,0.999925444777,3.144470624,1.0,614.833501724,1.5085078314
4351,5.46872159863,0.980019262818,53.8461917654,1.30133749828,0.453222125133,14.3392751511,-0.0261152753966,0.239169785911,0.999932150104,3.14433420451,1.0,614.831988167,1.51139299316
4352,5.46997848707,0.979679396353,53.8590239913,1.30173092525,0.453064949651,14.3218115193,-0.0248894716572,0.239050009941,0.999938530911,3.14419834835,1.0,614.830476399,1.51427225605
4353,5.47123537551,0.979340168928,53.8718379193,1.3021244641,0.452908069701,14.3043473542,-0.0236622093086,0.238930495978,0.999944588505,3.14406305489,1.0,614.828966424,1.51714565146
4354,5.47249226394,0.979001579996,53.8846335423,1.30251811459,0.453731466584,14.2868826816,-0.022433482958,0.239356611176,0.999950222581,3.14393337934,1.0,614.834343177,1.51990376582
4355,5.47374915238,0.97866362901,53.8974108532,1.30291187649,0.45357483865,14.2694175273,-0.0212032871884,0.239237264581,0.999955648717,3.143798919,1.0,614.832839189,1.52277169663
4356,5.47500604082,0.978326315425,53.9101698448,1.30330574955,0.453418506128,14.251951917,-0.019971616558,0.239118179605,0.999960754896,3.14366502073,1.0,614.831336997,1.52563383807
4357,5.47626292926,0.977989638696,53.9229105098,1.30369973354,0.453262468765,14.2344858768,-0.0187384656005,0.238999355833,0.999965542422,3.14353168392,1.0,614.829836605,1.52849022046
4358,5.4775198177,0.977653598281,53.9356328413,1.30409382822,0.45310672631,14.2170194327,-0.0175038288244,0.238880792849,0.999970012597,3.14339890793,1.0,614.828338014,1.53134087378
4359,5.47877670614,0.977318193637,53.9483368321,1.30448803335,0.452951278512,14.1995526108,-0.0162677007134,0.238762490241,0.999974166721,3.14326669216,1.0,614.826841227,1.53418582776
4360,5.48003359458,0.976983424221,53.961022475,1.30488234869,0.452796125119,14.1820854375,-0.015030075726,0.238644447597,0.999978006095,3.14313503597,1.0,614.825346247,1.53702511179
4361,5.48129048302,0.976649289494,53.973689763,1.30527677401,0.452641265881,14.1646179391,-0.0137909482955,0.238526664505,0.999981532016,3.14300393876,1.0,614.823853075,1.53985875498
4362,5.48254737146,0.976315788915,53.986338689,1.30567130907,0.452486700548,14.147150142,-0.0125503128297,0.238409140555,0.999984745782,3.14287339989,1.0,614.822361714,1.54268678613
4363,5.4838042599,0.975982921947,53.9989692459,1.30606595364,0.45233242887,14.1296820727,-0.0113081637111,0.238291875339,0.99998764869,3.14274341874,1.0,614.820872167,1.54550923379
4364,5.48506114834,0.975650688051,54.0115814267,1.30646070747,0.452178450598,14.1122137579,-0.0100644952962,0.238174868449,0.999990242036,3.1426139947,1.0,614.819384436,1.54832612618
4365,5.48631803678,0.975319086691,54.0241752243,1.30685557033,0.452024765483,14.0947452243,-0.00881930191605,0.238058119479,0.999992527114,3.14248512715,1.0,614.817898522,1.55113749126
4366,5.48757492521,0.97498811733,54.0367506316,1.30725054199,0.451871373277,14.0772764988,-0.00757257787563,0.237941628023,0.999994505217,3.14235681545,1.0,614.81641443,1.55394335671
4367,5.48883181365,0.974657779434,54.0493076417,1.30764562222,0.451718273732,14.0598076082,-0.00632431745388,0.237825393677,0.999996177637,3.142229059,1.0,614.81493216,1.55674374995
4368,5.49008870209,0.97432807247,54.0618462476,1.30804081077,0.4515654666,14.0423385797,-0.00507451490358,0.237709416038,0.999997545667,3.14210185716,1.0,614.813451716,1.55953869809
4369,5.49134559053,0.973998995903,54.0743664422,1.30843610742,0.451412951635,14.0248694403,-0.00382316445123,0.237593694705,0.999998610596,3.14197520931,1.0,614.811973099,1.56232822801
4370,5.49260247897,0.973670549203,54.0868682186,1.30883151192,0.451260728589,14.0074002173,-0.00257026029681,0.237478229275,0.999999373713,3.14184911484,1.0,614.810496312,1.56511236631
4371,5.49385936741,0.973342731838,54.0993515697,1.30922702406,0.451108797218,13.989930938,-0.00131579661376,0.237363019351,0.999999836306,3.14172357312,1.0,614.809021358,1.56789113932
4372,5.49511625585,0.973015543277,54.1118164887,1.30962264358,0.450957157275,13.9724616298,-5.97675488061e-05,0.237248064532,0.999999999663,3.14159858353,1.0,614.807548238,1.57066457313
4373,5.49637314429,0.972688982993,54.1242629685,1.31001837027,0.450805808514,13.9549923204,0.00119783277819,0.237133364423,0.999999865069,3.14147414544,1.0,614.806076955,1.56815996006
4374,5.49763003273,0.972363050456,54.1366910023,1.31041420389,0.450654750692,13.9375230373,0.00245701027437,0.237018918625,0.999999433809,3.14135025823,1.0,614.804607512,1.56539712746
4375,5.49888692117,0.97203774514,54.149100583,1.3108101442,0.450503983563,13.9200538083,0.00371777087399,0.236904726745,0.999998707167,3.14122692128,1.0,614.80313991,1.56263955736
4376,5.50014380961,0.971713066517,54.1614917039,1.31120619097,0.450353506884,13.9025846612,0.0049801205386,0.236790788388,0.999997686424,3.14110413396,1.0,614.801674152,1.55988722468
4377,5.50140069804,0.971389014064,54.173864358,1.31160234398,0.450203320412,13.885115624,0.00624406525713,0.236677103161,0.999996372864,3.14098189566,1.0,614.800210241,1.55714010459
4378,5.50265758648,0.971065587255,54.1862185383,1.31199860299,0.450053423903,13.8676467248,0.00750961104609,0.236563670672,0.999994767766,3.14086020574,1.0,614.798748178,1.55439817251
4379,5.50391447492,0.970742785567,54.1985542381,1.31239496777,0.449903817115,13.8501779918,0.00877676394965,0.236450490531,0.999992872409,3.14073906358,1.0,614.797287966,1.55166140408
4380,5.50517136336,0.970420608478,54.2108714505,1.31279143809,0.450725891799,13.8327094531,0.0100455300398,0.236874083427,0.999990668987,3.14061636446,1.0,614.802745839,1.54888278623
4381,5.5064282518,0.970099055466,54.2231701685,1.31318801372,0.450576541851,13.8152411373,0.0113159154166,0.236761072841,0.999988191877,3.14049605666,1.0,614.801291645,1.54615041186
4382,5.50768514024,0.969778126011,54.2354503854,1.31358469443,0.450427481524,13.7977730727,0.0125879262082,0.236648314254,0.99998542775,3.14037629592,1.0,614.799839306,1.54342313969
4383,5.50894202868,0.969457819592,54.2477120944,1.31398148,0.450278710575,13.7803052881,0.0138615685708,0.236535807281,0.999982377884,3.14025708162,1.0,614.798388824,1.54070094615
4384,5.51019891712,0.969138135692,54.2599552886,1.31437837018,0.450130228763,13.762837812,0.0151368486893,0.236423551532,0.999979043555,3.14013841314,1.0,614.796940202,1.53798380792
4385,5.51145580556,0.968819073793,54.2721799612,1.31477536476,0.449982035849,13.7453706734,0.016413772777,0.236311546624,0.999975426039,3.14002028983,1.0,614.795493442,1.53527170188
4386,5.512712694,0.968500633377,54.2843861054,1.3151724635,0.449834131592,13.7279039012,0.0176923470759,0.23619979217,0.999971526608,3.13990271108,1.0,614.794048546,1.53256460517
4387,5.51396958244,0.968182813929,54.2965737145,1.31556966618,0.449686515752,13.7104375244,0.018972577857,0.236088287787,0.999967346536,3.13978567625,1.0,614.792605517,1.52986249511
4388,5.51522647087,0.967865614935,54.3087427816,1.31596697256,0.449539188091,13.6929715721,0.0202544714199,0.235977033093,0.999962887094,3.13966918473,1.0,614.791164356,1.52716534926
4389,5.51648335931,0.96754903588,54.3208933001,1.31636438243,0.44939214837,13.6755060737,0.0215380340938,0.235866027705,0.999958149552,3.13955323587,1.0,614.789725067,1.52447314538
4390,5.51774024775,0.967233076252,54.3330252631,1.31676189555,0.44924539635,13.6580410586,0.0228232722369,0.235755271245,0.99995313518,3.13943782906,1.0,614.788287651,1.52178586146
4391,5.51899713619,0.966917735538,54.345138664,1.3171595117,0.449098931794,13.6405765561,0.024110192237,0.235644763331,0.999947845246,3.13932296366,1.0,614.78685211,1.51910347568
4392,5.52025402463,0.966603013227,54.357233496,1.31755723065,0.448952754465,13.6231125961,0.0253988005113,0.235534503586,0.999942281016,3.13920863904,1.0,614.785418448,1.51642596643
4393,5.52151091307,0.96628890881,54.3693097524,1.31795505217,0.448806864125,13.6056492081,0.0266891035068,0.235424491632,0.999936443758,3.13909485457,1.0,614.783986665,1.51375331233
4394,5.52276780151,0.965975421776,54.3813674266,1.31835297604,0.448661260538,13.588186422,0.0279811077005,0.235314727094,0.999930334734,3.13898160963,1.0,614.782556766,1.51108549216
4395,5.52402468995,0.965662551619,54.3934065117,1.31875100203,0.448515943468,13.5707242678,0.0292748195994,0.235205209596,0.99992395521,3.13886890358,1.0,614.781128751,1.50842248495
4396,5.52528157839,0.965350297831,54.4054270012,1.31914912992,0.448370912679,13.5532627756,0.0305702457406,0.235095938764,0.999917306446,3.13875673579,1.0,614.779702623,1.50576426989
4397,5.52653846683,0.965038659904,54.4174288885,1.31954735949,0.448226167937,13.5358019756,0.0318673926917,0.234986914225,0.999910389705,3.13864510563,1.0,614.778278384,1.50311082638
4398,5.52779535527,0.964727637335,54.4294121667,1.3199456905,0.448081709006,13.518341898,0.0331662670506,0.234878135608,0.999903206247,3.13853401247,1.0,614.776856037,1.50046213401
4399,5.52905224371,0.964417229619,54.4413768294,1.32034412273,0.447937535652,13.5008825734,0.0344668754459,0.23476960254,0.999895757329,3.13842345568,1.0,614.775435584,1.49781817258
4400,5.53030913214,0.964107436252,54.4533228699,1.32074265596,0.447793647642,13.4834240323,0.0357692245373,0.234661314653,0.99988804421,3.13831343462,1.0,614.774017027,1.49517892207
4401,5.53156602058,0.963798256731,54.4652502816,1.32114128997,0.447650044741,13.4659663053,0.0370733210151,0.234553271577,0.999880068147,3.13820394866,1.0,614.772600368,1.49254436263
4402,5.53282290902,0.963489690556,54.4771590578,1.32154002453,0.447506726718,13.4485094233,0.0383791716009,0.234445472945,0.999871830394,3.13809499718,1.0,614.77118561,1.48991447462
4403,5.53407979746,0.963181737225,54.489049192,1.32193885942,0.447363693339,13.4310534173,0.0396867830475,0.23433791839,0.999863332206,3.13798657953,1.0,614.769772754,1.48728923859
4404,5.5353366859,0.962874396239,54.5009206777,1.32233779442,0.447220944372,13.4135983181,0.0409961621393,0.234230607547,0.999854574836,3.13787869508,1.0,614.768361804,1.48466863524
4405,5.53659357434,0.962567667099,54.5127735081,1.3227368293,0.447078479587,13.3961441571,0.0423073156922,0.23412354005,0.999845559535,3.1377713432,1.0,614.766952761,1.48205264548
4406,5.53785046278,0.962261549307,54.5246076769,1.32313596384,0.446936298751,13.3786909656,0.0436202505538,0.234016715536,0.999836287554,3.13766452325,1.0,614.765545628,1.4794412504
4407,5.53910735122,0.961956042367,54.5364231775,1.32353519782,0.446794401633,13.3612387748,0.0449349736038,0.233910133642,0.999826760142,3.1375582346,1.0,614.764140406,1.47683443124
4408,5.54036423966,0.961651145783,54.5482200032,1.32393453102,0.447615401757,13.3437876165,0.0462514917538,0.234331374807,0.999816602616,3.13744355221,1.0,614.769686755,1.47402450304
4409,5.5416211281,0.961346859059,54.5599981477,1.32433396322,0.447473766796,13.3263375223,0.0475698119477,0.234224965033,0.999806547413,3.13733809734,1.0,614.768287579,1.47142115761
4410,5.54287801654,0.961043181703,54.5717576044,1.32473349419,0.447332415474,13.3088885239,0.0488899411618,0.234118797575,0.999796239997,3.137233173,1.0,614.766890319,1.46882233982
4411,5.54413490497,0.960740113219,54.5834983668,1.32513312372,0.447191347561,13.2914406534,0.0502118864052,0.234012872071,0.999785681614,3.13712877854,1.0,614.765494976,1.46622803152
4412,5.54539179341,0.960437653118,54.5952204284,1.32553285158,0.447050562829,13.2739939428,0.0515356547195,0.233907188163,0.999774873511,3.13702491333,1.0,614.764101553,1.46363821473
4413,5.54664868185,0.960135800906,54.6069237828,1.32593267756,0.446910061049,13.2565484242,0.0528612531792,0.233801745492,0.999763816931,3.13692157673,1.0,614.762710053,1.46105287163
4414,5.54790557029,0.959834556095,54.6186084235,1.32633260144,0.446769841993,13.2391041301,0.054188688892,0.233696543703,0.999752513118,3.13681876811,1.0,614.761320476,1.45847198457
4415,5.54916245873,0.959533918195,54.630274344,1.32673262299,0.446629905433,13.2216610928,0.0555179689987,0.233591582439,0.999740963313,3.13671648681,1.0,614.759932827,1.45589553608
4416,5.55041934717,0.959233886717,54.641921538,1.327132742,0.446490251141,13.204219345,0.0568491006737,0.233486861345,0.999729168758,3.13661473221,1.0,614.758547106,1.45332350882
4417,5.55167623561,0.958934461175,54.653549999,1.32753295825,0.446350878892,13.1867789194,0.0581820911248,0.233382380067,0.999717130692,3.13651350366,1.0,614.757163316,1.45075588564
4418,5.55293312405,0.958635641081,54.6651597206,1.32793327151,0.446211788458,13.1693398488,0.0595169475937,0.233278138253,0.999704850354,3.13641280051,1.0,614.755781459,1.44819264955
4419,5.55419001249,0.95833742595,54.6767506963,1.32833368158,0.446072979613,13.1519021663,0.0608536773558,0.23317413555,0.999692328979,3.13631262214,1.0,614.754401537,1.44563378369
4420,5.55544690093,0.958039815299,54.6883229199,1.32873418824,0.445934452132,13.1344659049,0.0621922877208,0.233070371607,0.999679567805,3.13621296789,1.0,614.753023553,1.44307927139
4421,5.55670378937,0.957742808642,54.6998763849,1.32913479125,0.445796205791,13.117031098,0.0635327860325,0.232966846075,0.999666568066,3.13611383712,1.0,614.751647509,1.44052909613
4422,5.55796067781,0.957446405497,54.711411085,1.32953549042,0.445658240363,13.0995977789,0.0648751796693,0.232863558604,0.999653330994,3.13601522919,1.0,614.750273406,1.43798324151
4423,5.55921756624,0.957150605383,54.7229270138,1.32993628552,0.445520555625,13.0821659812,0.0662194760441,0.232760508847,0.999639857823,3.13591714347,1.0,614.748901248,1.43544169133
4424,5.56047445468,0.956855407819,54.734424165,1.33033717633,0.445383151354,13.0647357386,0.0675656826046,0.232657696457,0.999626149782,3.13581957929,1.0,614.747531036,1.43290442952
4425,5.56173134312,0.956560812325,54.7459025323,1.33073816265,0.445246027325,13.0473070849,0.0689138068333,0.232555121088,0.999612208102,3.13572253602,1.0,614.746162772,1.43037144015
4426,5.56298823156,0.956266818421,54.7573621093,1.33113924424,0.445109183316,13.029880054,0.0702638562482,0.232452782395,0.99959803401,3.13562601301,1.0,614.744796459,1.42784270745
4427,5.56424512,0.955973425631,54.7688028898,1.3315404209,0.444972619104,13.0124546801,0.0716158384022,0.232350680034,0.999583628734,3.13553000963,1.0,614.743432099,1.4253182158
4428,5.56550200844,0.955680633477,54.7802248673,1.33194169242,0.444836334468,12.9950309975,0.0729697608839,0.232248813662,0.9995689935,3.13543452521,1.0,614.742069694,1.42279794972
4429,5.56675889688,0.955388441483,54.7916280358,1.33234305856,0.444700329185,12.9776090404,0.0743256313176,0.232147182937,0.999554129531,3.13533955912,1.0,614.740709246,1.42028189388
4430,5.56801578532,0.955096849173,54.8030123889,1.33274451913,0.444564603035,12.9601888435,0.0756834573633,0.232045787518,0.999539038052,3.13524511071,1.0,614.739350757,1.41777003309
4431,5.56927267376,0.954805856074,54.8143779203,1.33314607391,0.444429155797,12.9427704413,0.077043246717,0.231944627064,0.999523720284,3.13515117932,1.0,614.73799423,1.4152623523
4432,5.5705295622,0.954515461712,54.8257246238,1.33354772268,0.44429398725,12.9253538689,0.078405007111,0.231843701238,0.999508177447,3.13505776432,1.0,614.736639666,1.41275883659
4433,5.57178645064,0.954225665614,54.8370524932,1.33394946522,0.444159097174,12.9079391611,0.079768746314,0.2317430097,0.999492410761,3.13496486506,1.0,614.735287068,1.41025947122
4434,5.57304333907,0.953936467311,54.8483615223,1.33435130133,0.444024485351,12.890526353,0.0811344721312,0.231642552114,0.999476421445,3.13487248088,1.0,614.733936438,1.40776424153
4435,5.57430022751,0.95364786633,54.8596517047,1.33475323079,0.443890151561,12.87311548,0.0825021924045,0.231542328144,0.999460210714,3.13478061113,1.0,614.732587778,1.40527313305
4436,5.57555711595,0.953359862202,54.8709230345,1.33515525338,0.443756095586,12.8557065774,0.0838719150127,0.231442337453,0.999443779785,3.13468925516,1.0,614.73124109,1.40278613141
4437,5.57681400439,0.953072454459,54.8821755053,1.33555736891,0.444576343681,12.8382996809,0.085243647872,0.231861517064,0.999425950607,3.13458336244,1.0,614.736878865,1.39993492422
4438,5.57807089283,0.952785642633,54.8934091109,1.33595957714,0.444442555582,12.8208948261,0.0866173989354,0.231761701455,0.999409048017,3.13449283747,1.0,614.735538245,1.39745063171
4439,5.57932778127,0.952499426258,54.9046238453,1.33636187787,0.444309045241,12.8034920489,0.0879931761938,0.231662118863,0.999391928412,3.13440282542,1.0,614.7341996,1.39497040801
4440,5.58058466971,0.952213804867,54.9158197023,1.33676427088,0.44417581244,12.7860913854,0.0893709876756,0.231562768954,0.999374593003,3.13431332564,1.0,614.732862934,1.39249423923
4441,5.58184155815,0.951928777995,54.9269966757,1.33716675598,0.444042856963,12.7686928718,0.0907508414471,0.231463651396,0.999357043001,3.13422433747,1.0,614.731528247,1.39002211158
4442,5.58309844659,0.95164434518,54.9381547595,1.33756933293,0.443910178592,12.7512965443,0.0921327456124,0.231364765859,0.999339279618,3.13413586026,1.0,614.730195542,1.38755401144
4443,5.58435533503,0.951360505957,54.9492939474,1.33797200154,0.443777777113,12.7339024395,0.0935167083142,0.231266112013,0.999321304061,3.13404789335,1.0,614.72886482,1.38508992527
4444,5.58561222347,0.951077259864,54.9604142334,1.33837476159,0.443645652309,12.7165105941,0.0949027377333,0.231167689528,0.999303117537,3.13396043608,1.0,614.727536085,1.3826298397
4445,5.58686911191,0.950794606441,54.9715156114,1.33877761287,0.443513803965,12.6991210448,0.0962908420894,0.231069498077,0.999284721254,3.13387348781,1.0,614.726209339,1.38017374147
4446,5.58812600034,0.950512545228,54.9825980754,1.33918055517,0.443382231868,12.6817338287,0.0976810296407,0.230971537333,0.999266116414,3.13378704787,1.0,614.724884582,1.37772161744
4447,5.58938288878,0.950231075764,54.9936616192,1.33958358828,0.443250935802,12.6643489828,0.0990733086845,0.230873806969,0.999247304222,3.13370111559,1.0,614.723561818,1.3752734546
4448,5.59063977722,0.949950197592,55.0047062368,1.33998671199,0.443119915553,12.6469665445,0.100467687557,0.230776306661,0.99922828588,3.13361569034,1.0,614.722241049,1.37282924006
4449,5.59189666566,0.949669910255,55.0157319221,1.34038992609,0.442989170909,12.6295865512,0.101864174635,0.230679036084,0.999209062589,3.13353077144,1.0,614.720922276,1.37038896107
4450,5.5931535541,0.949390213295,55.0267386692,1.34079323037,0.442858701657,12.6122090405,0.103262778333,0.230581994915,0.999189635546,3.13344635823,1.0,614.719605501,1.36795260498
4451,5.59441044254,0.949111106257,55.037726472,1.34119662462,0.442728507583,12.5948340503,0.104663507107,0.230485182831,0.999170005952,3.13336245005,1.0,614.718290728,1.36552015927
4452,5.59566733098,0.948832588687,55.0486953245,1.34160010864,0.442598588476,12.5774616185,0.106066369451,0.230388599512,0.999150175001,3.13327904625,1.0,614.716977958,1.36309161154
4453,5.59692421942,0.94855466013,55.0596452206,1.34200368221,0.442468944125,12.5600917831,0.107471373901,0.230292244636,0.99913014389,3.13319614616,1.0,614.715667192,1.36066694951
4454,5.59818110786,0.948277320135,55.0705761545,1.34240734513,0.442339574317,12.5427245825,0.108878529033,0.230196117884,0.999109913813,3.13311374912,1.0,614.714358434,1.35824616102
4455,5.5994379963,0.948000568249,55.0814881201,1.34281109718,0.442210478843,12.5253600552,0.110287843462,0.230100218937,0.999089485961,3.13303185446,1.0,614.713051685,1.35582923401
4456,5.60069488474,0.947724404022,55.0923811115,1.34321493817,0.442081657491,12.5079982397,0.111699325846,0.230004547478,0.999068861526,3.13295046153,1.0,614.711746947,1.35341615656
4457,5.60195177317,0.947448827003,55.1032551227,1.34361886788,0.441953110053,12.4906391749,0.113112984882,0.22990910319,0.999048041699,3.13286956965,1.0,614.710444222,1.35100691686
4458,5.60320866161,0.947173836743,55.1141101478,1.34402288611,0.441824836318,12.4732828996,0.11452882931,0.229813885756,0.999027027666,3.13278917816,1.0,614.709143513,1.3486015032
4459,5.60446555005,0.946899432794,55.1249461809,1.34442699264,0.441696836078,12.4559294531,0.11594686791,0.229718894863,0.999005820616,3.1327092864,1.0,614.707844821,1.34619990399
4460,5.60572243849,0.94662561471,55.135763216,1.34483118728,0.441569109124,12.4385788747,0.117367109503,0.229624130195,0.998984421734,3.13262989369,1.0,614.706548149,1.34380210777
4461,5.60697932693,0.946352382043,55.1465612472,1.34523546981,0.441441655247,12.4212312038,0.118789562953,0.22952959144,0.998962832205,3.13255099938,1.0,614.705253498,1.34140810317
4462,5.60823621537,0.946079734349,55.1573402687,1.34563984003,0.441314474241,12.4038864802,0.120214237165,0.229435278285,0.998941053211,3.13247260279,1.0,614.703960871,1.33901787894
4463,5.60949310381,0.945807671183,55.1681002746,1.34604429774,0.441187565897,12.3865447436,0.121641141088,0.22934119042,0.998919085934,3.13239470326,1.0,614.702670269,1.33663142394
4464,5.61074999225,0.945536192101,55.1788412589,1.34644884273,0.441060930009,12.369206034,0.123070283711,0.229247327532,0.998896931553,3.13231730012,1.0,614.701381696,1.33424872714
4465,5.61200688069,0.945265296662,55.1895632159,1.34685347479,0.440934566371,12.3518703917,0.124501674067,0.229153689314,0.998874591249,3.13224039269,1.0,614.700095152,1.33186977762
4466,5.61326376913,0.944994984422,55.2002661397,1.34725819372,0.440808474775,12.3345378571,0.125935321231,0.229060275457,0.998852066198,3.1321639803,1.0,614.69881064,1.32949456457
4467,5.61452065757,0.944725254943,55.2109500244,1.34766299931,0.440682655018,12.3172084706,0.127371234322,0.228967085652,0.998829357576,3.13208806229,1.0,614.697528162,1.32712307728
4468,5.615777546,0.944456107783,55.2216148643,1.34806789136,0.441502508396,12.2998822731,0.1288094225,0.229384473686,0.998804004011,3.13199205571,1.0,614.703264117,1.3242192381
4469,5.61703443444,0.944187542504,55.2322606535,1.34847286966,0.441376962865,12.2825593054,0.130249894971,0.229291462457,0.998780883808,3.13191696297,1.0,614.701987723,1.32184980288
4470,5.61829132288,0.943919558668,55.2428873862,1.34887793402,0.44125168914,12.2652396088,0.131692660982,0.229198675059,0.998757583169,3.13184236363,1.0,614.700713366,1.31948406389
4471,5.61954821132,0.943652155839,55.2534950566,1.34928308422,0.441126687017,12.2479232243,0.133137729827,0.229106111187,0.998734103267,3.13176825702,1.0,614.699441047,1.31712201079
4472,5.62080509976,0.943385333579,55.2640836591,1.34968832006,0.441001956291,12.2306101937,0.13458511084,0.229013770536,0.998710445272,3.13169464246,1.0,614.69817077,1.31476363333
4473,5.6220619882,0.943119091454,55.2746531877,1.35009364135,0.440877496759,12.2133005584,0.136034813403,0.228921652802,0.998686610356,3.13162151928,1.0,614.696902535,1.31240892136
4474,5.62331887664,0.942853429029,55.2852036367,1.35049904787,0.440753308218,12.1959943605,0.137486846941,0.228829757683,0.998662599685,3.13154888679,1.0,614.695636345,1.31005786486
4475,5.62457576508,0.942588345871,55.2957350005,1.35090453943,0.440629390466,12.1786916418,0.138941220922,0.228738084877,0.998638414427,3.13147674432,1.0,614.694372202,1.30771045389
4476,5.62583265352,0.942323841549,55.3062472732,1.35131011582,0.4405057433,12.1613924448,0.14039794486,0.228646634083,0.998614055747,3.13140509118,1.0,614.693110108,1.3053666786
4477,5.62708954196,0.942059915629,55.3167404492,1.35171577684,0.440382366518,12.1440968117,0.141857028316,0.228555405,0.99858952481,3.13133392671,1.0,614.691850065,1.30302652927
4478,5.6283464304,0.941796567682,55.3272145228,1.35212152228,0.440259259921,12.1268047853,0.143318480893,0.22846439733,0.998564822779,3.13126325021,1.0,614.690592075,1.30068999626
4479,5.62960331884,0.941533797279,55.3376694881,1.35252735196,0.440136423306,12.1095164084,0.144782312242,0.228373610774,0.998539950813,3.13119306101,1.0,614.689336139,1.29835707004
4480,5.63086020727,0.941271603989,55.3481053397,1.35293326565,0.440013856472,12.0922317239,0.146248532057,0.228283045035,0.998514910073,3.13112335842,1.0,614.688082261,1.29602774117
4481,5.63211709571,0.941009987386,55.3585220718,1.35333926317,0.439891559222,12.0749507752,0.147717150081,0.228192699816,0.998489701718,3.13105414176,1.0,614.686830441,1.29370200032
4482,5.63337398415,0.940748947043,55.3689196787,1.35374534432,0.439769531353,12.0576736056,0.149188176102,0.228102574821,0.998464326904,3.13098541035,1.0,614.685580683,1.29137983825
4483,5.63463087259,0.940488482533,55.3792981547,1.35415150888,0.439647772669,12.0404002588,0.150661619953,0.228012669756,0.998438786787,3.1309171635,1.0,614.684332987,1.28906124581
4484,5.63588776103,0.940228593432,55.3896574944,1.35455775667,0.439526282969,12.0231307785,0.152137491514,0.227922984326,0.99841308252,3.13084940053,1.0,614.683087356,1.28674621396
4485,5.63714464947,0.939969279315,55.3999976919,1.35496408747,0.439405062055,12.0058652089,0.153615800713,0.227833518239,0.998387215256,3.13078212075,1.0,614.681843792,1.28443473375
4486,5.63840153791,0.93971053976,55.4103187418,1.3553705011,0.439284109731,11.9886035941,0.155096557525,0.227744271201,0.998361186145,3.13071532347,1.0,614.680602296,1.28212679632
4487,5.63965842635,0.939452374343,55.4206206384,1.35577699735,0.439163425797,11.9713459785,0.15657977197,0.227655242923,0.998334996339,3.13064900801,1.0,614.679362872,1.27982239292
4488,5.64091531479,0.939194782644,55.4309033761,1.35618357602,0.439043010058,11.9540924069,0.158065454117,0.227566433112,0.998308646984,3.13058317368,1.0,614.67812552,1.27752151488
4489,5.64217220323,0.938937764241,55.4411669493,1.35659023691,0.438922862316,11.936842924,0.159553614083,0.22747784148,0.998282139227,3.13051781978,1.0,614.676890243,1.27522415362
4490,5.64342909167,0.938681318717,55.4514113525,1.35699697983,0.438802982376,11.919597575,0.161044262033,0.227389467738,0.998255474213,3.13045294564,1.0,614.675657042,1.27293030068
4491,5.6446859801,0.938425445651,55.4616365801,1.35740380457,0.438683370042,11.902356405,0.162537408177,0.227301311597,0.998228653086,3.13038855055,1.0,614.67442592,1.27063994766
4492,5.64594286854,0.938170144626,55.4718426266,1.35781071094,0.438564025119,11.8851194596,0.164033062778,0.227213372771,0.998201676988,3.13032463383,1.0,614.673196879,1.26835308627
4493,5.64719975698,0.937915415225,55.4820294865,1.35821769874,0.438444947411,11.8678867846,0.165531236144,0.227125650973,0.99817454706,3.13026119478,1.0,614.67196992,1.26606970831
4494,5.64845664542,0.937661257033,55.4921971541,1.35862476776,0.438326136724,11.8506584257,0.167031938634,0.227038145917,0.99814726444,3.13019823271,1.0,614.670745046,1.26378980567
4495,5.64971353386,0.937407669634,55.502345624,1.35903191782,0.438207592865,11.8334344291,0.168535180653,0.22695085732,0.998119830267,3.13013574693,1.0,614.669522258,1.26151337032
4496,5.6509704223,0.937154652615,55.5124748908,1.35943914872,0.43808931564,11.8162148412,0.170040972657,0.226863784897,0.998092245677,3.13007373674,1.0,614.668301559,1.25924039434
4497,5.65222731074,0.936902205562,55.5225849488,1.35984646025,0.437971304855,11.7989997085,0.171549325153,0.226776928366,0.998064511803,3.13001220144,1.0,614.66708295,1.25697086989
4498,5.65348419918,0.936650328062,55.5326757927,1.36025385222,0.437853560318,11.7817890778,0.173060248695,0.226690287445,0.998036629781,3.12995114034,1.0,614.665866433,1.25470478921
4499,5.65474108762,0.936399019705,55.542747417,1.36066132444,0.437736081837,11.7645829961,0.174573753888,0.226603861851,0.99800860074,3.12989055275,1.0,614.664652011,1.25244214464
4500,5.65599797606,0.93614828008,55.5527998162,1.3610688767,0.43761886922,11.7473815107,0.176089851386,0.226517651305,0.997980425811,3.12983043796,1.0,614.663439684,1.25018292861
4501,5.6572548645,0.935898108778,55.5628329849,1.36147650881,0.437501922275,11.730184669,0.177608551895,0.226431655528,0.997952106123,3.12977079527,1.0,614.662229456,1.24792713363
4502,5.65851175294,0.935648505389,55.5728469176,1.36188422058,0.438321825895,11.7129925187,0.17912986617,0.226847554133,0.997919348099,3.12968613036,1.0,614.66807391,1.24495673583
4503,5.65976864137,0.935399469507,55.582841609,1.36229201181,0.438205160436,11.6958051076,0.180653805018,0.226761741161,0.997890682518,3.12962730309,1.0,614.666869775,1.2427024217
4504,5.66102552981,0.935151000725,55.5928170536,1.3626998823,0.438088760646,11.678622484,0.182180379295,0.22667614278,0.997861875247,3.12956894683,1.0,614.665667741,1.24045150659
4505,5.66228241825,0.934903098636,55.602773246,1.36310783186,0.437972626334,11.6614446962,0.183709599911,0.226590758713,0.997832927412,3.12951106085,1.0,614.664467809,1.23820398331
4506,5.66353930669,0.934655762835,55.6127101808,1.36351586029,0.437856757311,11.6442717928,0.185241477824,0.226505588685,0.997803840134,3.12945364447,1.0,614.663269981,1.23595984476
4507,5.66479619513,0.934408992919,55.6226278528,1.3639239674,0.437741153386,11.6271038226,0.186776024048,0.226420632418,0.997774614536,3.12939669697,1.0,614.66207426,1.23371908391
4508,5.66605308357,0.934162788485,55.6325262564,1.364332153,0.437625814372,11.6099408347,0.188313249643,0.226335889639,0.997745251738,3.12934021766,1.0,614.660880647,1.23148169383
4509,5.66730997201,0.93391714913,55.6424053864,1.36474041688,0.437510740079,11.5927828784,0.189853165727,0.226251360072,0.997715752858,3.12928420581,1.0,614.659689144,1.22924766766
4510,5.66856686045,0.933672074452,55.6522652375,1.36514875885,0.43739593032,11.5756300032,0.191395783467,0.226167043446,0.997686119014,3.12922866072,1.0,614.658499752,1.22701699864
4511,5.66982374889,0.933427564052,55.6621058042,1.36555717873,0.437281384908,11.558482259,0.192941114082,0.226082939487,0.99765635132,3.12917358169,1.0,614.657312475,1.22478968009
4512,5.67108063733,0.93318361753,55.6719270813,1.36596567631,0.437167103654,11.5413396956,0.194489168846,0.225999047924,0.997626450892,3.129118968,1.0,614.656127313,1.22256570541
4513,5.67233752577,0.932940234486,55.6817290635,1.36637425141,0.437053086372,11.5242023635,0.196039959085,0.225915368485,0.997596418841,3.12906481895,1.0,614.654944269,1.22034506808
4514,5.6735944142,0.932697414525,55.6915117454,1.36678290383,0.436939332877,11.5070703131,0.197593496177,0.225831900902,0.997566256278,3.12901113382,1.0,614.653763345,1.21812776167
4515,5.67485130264,0.932455157248,55.7012751219,1.36719163337,0.436825842981,11.4899435951,0.199149791555,0.225748644905,0.997535964313,3.12895791189,1.0,614.652584542,1.21591377982
4516,5.67610819108,0.93221346226,55.7110191876,1.36760043985,0.4367126165,11.4728222606,0.200708856705,0.225665600225,0.997505544052,3.12890515246,1.0,614.651407862,1.21370311627
4517,5.67736507952,0.931972329165,55.7207439372,1.36800932306,0.436599653249,11.4557063607,0.202270703168,0.225582766595,0.997474996603,3.12885285481,1.0,614.650233307,1.21149576484
4518,5.67862196796,0.93173175757,55.7304493656,1.36841828283,0.436486953042,11.4385959471,0.203835342537,0.225500143748,0.99744432307,3.12880101822,1.0,614.649060879,1.20929171941
4519,5.6798788564,0.931491747082,55.7401354675,1.36882731896,0.436374515696,11.4214910714,0.205402786461,0.225417731418,0.997413524555,3.12874964198,1.0,614.64789058,1.20709097397
4520,5.68113574484,0.931252297308,55.7498022377,1.36923643125,0.436262341027,11.4043917856,0.206973046643,0.225335529341,0.99738260216,3.12869872538,1.0,614.646722412,1.20489352256
4521,5.68239263328,0.931013407856,55.7594496709,1.36964561951,0.436150428852,11.387298142,0.20854613484,0.225253537251,0.997351556986,3.12864826768,1.0,614.645556376,1.20269935933
4522,5.68364952172,0.930775078337,55.7690777619,1.37005488355,0.436038778987,11.3702101931,0.210122062865,0.225171754885,0.997320390129,3.12859826819,1.0,614.644392475,1.20050847849
4523,5.68490641016,0.93053730836,55.7786865056,1.37046422319,0.43592739125,11.3531279918,0.211700842587,0.22509018198,0.997289102687,3.12854872616,1.0,614.64323071,1.19832087435
4524,5.6861632986,0.930300097537,55.7882758968,1.37087363822,0.435816265459,11.3360515909,0.213282485929,0.225008818275,0.997257695755,3.12849964089,1.0,614.642071083,1.19613654127
4525,5.68742018703,0.930063445481,55.7978459303,1.37128312846,0.435705401433,11.3189810438,0.214867004869,0.224927663509,0.997226170425,3.12845101165,1.0,614.640913596,1.19395547372
4526,5.68867707547,0.929827351804,55.807396601,1.37169269372,0.43559479899,11.301916404,0.216454411444,0.22484671742,0.997194527791,3.12840283772,1.0,614.639758251,1.19177766623
4527,5.68993396391,0.92959181612,55.8169279037,1.37210233381,0.435484457948,11.2848577255,0.218044717744,0.224765979749,0.997162768942,3.12835511837,1.0,614.63860505,1.18960311341
4528,5.69119085235,0.929356838044,55.8264398333,1.37251204854,0.435374378129,11.2678050622,0.219637935917,0.224685450238,0.997130894966,3.12830785289,1.0,614.637453994,1.18743180995
4529,5.69244774079,0.929122417192,55.8359323846,1.37292183771,0.435264559352,11.2507584684,0.221234078167,0.224605128628,0.997098906952,3.12826104054,1.0,614.636305085,1.18526375063
4530,5.69370462923,0.928888553181,55.8454055526,1.37333170114,0.435155001437,11.233717999,0.222833156755,0.224525014663,0.997066805983,3.12821468059,1.0,614.635158326,1.1830989303
4531,5.69496151767,0.928655245628,55.8548593321,1.37374163864,0.435045704205,11.2166837086,0.224435184,0.224445108085,0.997034593144,3.12816877233,1.0,614.634013717,1.18093734387
4532,5.69621840611,0.928422494152,55.8642937181,1.37415165002,0.434936667477,11.1996556525,0.226040172276,0.224365408639,0.997002269517,3.12812331503,1.0,614.632871262,1.17877898635
4533,5.69747529455,0.928190298373,55.8737087054,1.37456173508,0.434827891076,11.1826338862,0.227648134016,0.224285916071,0.996969836182,3.12807830794,1.0,614.63173096,1.17662385283
4534,5.69873218299,0.927958657909,55.8831042891,1.37497189365,0.434719374823,11.1656184653,0.229259081711,0.224206630125,0.996937294218,3.12803375035,1.0,614.630592816,1.17447193846
4535,5.69998907143,0.927727572384,55.8924804641,1.37538212553,0.43461111854,11.1486094458,0.230873027909,0.22412755055,0.996904644703,3.12798964152,1.0,614.629456829,1.17232323846
4536,5.70124595987,0.927497041418,55.9018372253,1.37579243053,0.434503122052,11.1316068841,0.232489985217,0.224048677091,0.996871888712,3.12794598072,1.0,614.628323002,1.17017774816
4537,5.7025028483,0.927267064635,55.9111745676,1.37620280847,0.434395385181,11.1146108366,0.2341099663,0.223970009498,0.996839027319,3.12790276722,1.0,614.627191338,1.16803546294
4538,5.70375973674,0.927037641658,55.9204924862,1.37661325916,0.43428790775,11.0976213602,0.235732983881,0.22389154752,0.996806061597,3.12786000028,1.0,614.626061837,1.16589637826
4539,5.70501662518,0.926808772113,55.9297909759,1.37702378241,0.435108426087,11.0806385121,0.237359050744,0.224306367192,0.996766300456,3.12778815091,1.0,614.632024404,1.16284411344
4540,5.70627351362,0.926580455624,55.9390700318,1.37743437803,0.435001238466,11.0636623497,0.238988179729,0.224228093148,0.996733059643,3.12774618414,1.0,614.630900996,1.16070603485
4541,5.70753040206,0.92635269182,55.9483296488,1.37784504583,0.434894310314,11.0466929306,0.240620383737,0.224150024589,0.996699717481,3.12770466267,1.0,614.629779753,1.15857114171
4542,5.7087872905,0.926125480326,55.9575698221,1.37825578564,0.434787641454,11.0297303128,0.242255675729,0.224072161267,0.996666275039,3.12766358576,1.0,614.628660677,1.15643942975
4543,5.71004417894,0.925898820772,55.9667905466,1.37866659725,0.434681231713,11.0127745547,0.243894068724,0.223994502933,0.996632733383,3.12762295267,1.0,614.627543771,1.15431089476
4544,5.71130106738,0.925672712786,55.9759918174,1.37907748049,0.434575080917,10.9958257148,0.245535575803,0.223917049339,0.996599093578,3.12758276265,1.0,614.626429036,1.15218553261
4545,5.71255795582,0.925447156,55.9851736296,1.37948843516,0.434469188892,10.9788838521,0.247180210105,0.223839800239,0.996565356686,3.12754301497,1.0,614.625316473,1.15006333925
4546,5.71381484426,0.925222150042,55.9943359781,1.37989946109,0.434363555465,10.9619490256,0.248827984831,0.223762755388,0.996531523768,3.12750370888,1.0,614.624206085,1.14794431069
4547,5.7150717327,0.924997694547,56.0034788582,1.38031055808,0.434258180463,10.9450212948,0.250478913242,0.223685914539,0.996497595884,3.12746484363,1.0,614.623097873,1.14582844304
4548,5.71632862113,0.924773789146,56.0126022649,1.38072172595,0.434153063713,10.9281007196,0.25213300866,0.22360927745,0.996463574092,3.12742641849,1.0,614.62199184,1.14371573245
4549,5.71758550957,0.924550433473,56.0217061933,1.38113296451,0.434048205044,10.91118736,0.253790284468,0.223532843875,0.996429459448,3.1273884327,1.0,614.620887986,1.14160617517
4550,5.71884239801,0.924327627163,56.0307906385,1.38154427358,0.433943604283,10.8942812763,0.25545075411,0.223456613572,0.996395253007,3.12735088551,1.0,614.619786313,1.13949976751
4551,5.72009928645,0.924105369851,56.0398555957,1.38195565298,0.433839261261,10.8773825294,0.257114431091,0.223380586299,0.996360955821,3.12731377619,1.0,614.618686824,1.13739650587
4552,5.72135617489,0.923883661173,56.0489010599,1.38236710251,0.433735175806,10.8604911802,0.258781328978,0.223304761816,0.996326568941,3.12727710398,1.0,614.61758952,1.1352963867
4553,5.72261306333,0.923662500767,56.0579270264,1.38277862199,0.433631347747,10.84360729,0.260451461401,0.22322913988,0.996292093416,3.12724086812,1.0,614.616494402,1.13319940655
4554,5.72386995177,0.923441888271,56.0669334902,1.38319021124,0.433527776916,10.8267309205,0.262124842051,0.223153720252,0.996257530295,3.12720506788,1.0,614.615401474,1.13110556202
4555,5.72512684021,0.923221823324,56.0759204466,1.38360187008,0.433424463142,10.8098621335,0.263801484681,0.223078502694,0.996222880624,3.12716970248,1.0,614.614310735,1.12901484979
4556,5.72638372865,0.923002305566,56.0848878908,1.38401359832,0.433321406257,10.7930009914,0.265481403107,0.223003486966,0.996188145446,3.12713477119,1.0,614.613222189,1.12692726663
4557,5.72764061709,0.922783334638,56.093835818,1.38442539577,0.433218606091,10.7761475568,0.267164611208,0.222928672831,0.996153325804,3.12710027325,1.0,614.612135836,1.12484280934
4558,5.72889750553,0.922564910181,56.1027642232,1.38483726225,0.433116062477,10.7593018925,0.268851122926,0.222854060053,0.996118422739,3.1270662079,1.0,614.611051678,1.12276147485
4559,5.73015439397,0.922347031837,56.1116731019,1.38524919758,0.433013775247,10.7424640618,0.270540952264,0.222779648394,0.99608343729,3.12703257439,1.0,614.609969718,1.12068326011
4560,5.7314112824,0.922129699251,56.1205624491,1.38566120157,0.432911744233,10.7256341282,0.272234113291,0.22270543762,0.996048370495,3.12699937195,1.0,614.608889957,1.11860816218
4561,5.73266817084,0.921912912067,56.1294322602,1.38607327405,0.432809969268,10.7088121557,0.273930620139,0.222631427496,0.996013223389,3.12696659983,1.0,614.607812396,1.11653617816
4562,5.73392505928,0.921696669929,56.1382825304,1.38648541482,0.432708450187,10.6919982083,0.275630487003,0.222557617788,0.995977997006,3.12693425727,1.0,614.606737038,1.11446730526
4563,5.73518194772,0.921480972484,56.1471132549,1.38689762371,0.432607186822,10.6751923508,0.277333728142,0.222484008263,0.995942692379,3.12690234351,1.0,614.605663884,1.11240154073
4564,5.73643883616,0.92126581938,56.1559244291,1.38730990053,0.432506179008,10.6583946479,0.279040357878,0.222410598689,0.995907310537,3.12687085779,1.0,614.604592935,1.1103388819
4565,5.7376957246,0.921051210263,56.1647160481,1.3877222451,0.432405426579,10.6416051649,0.280750390601,0.222337388833,0.99587185251,3.12683979934,1.0,614.603524194,1.10827932617
4566,5.73895261304,0.920837144782,56.1734881074,1.38813465723,0.432304929372,10.6248239673,0.282463840762,0.222264378464,0.995836319324,3.1268091674,1.0,614.602457663,1.10622287103
4567,5.74020950148,0.920623622588,56.1822406022,1.38854713676,0.432204687221,10.6080511211,0.284180722877,0.222191567353,0.995800712005,3.12677896121,1.0,614.601393342,1.10416951403
4568,5.74146638992,0.920410643331,56.1909735278,1.38895968348,0.432104699962,10.5912866924,0.285901051529,0.222118955269,0.995765031577,3.12674918,1.0,614.600331233,1.10211925277
4569,5.74272327836,0.920198206661,56.1996868796,1.38937229723,0.432004967431,10.5745307478,0.287624841364,0.222046541985,0.99572927906,3.126719823,1.0,614.599271339,1.10007208495
4570,5.7439801668,0.919986312232,56.2083806529,1.38978497782,0.431905489466,10.5577833544,0.289352107094,0.221974327271,0.995693455476,3.12669088945,1.0,614.598213661,1.09802800834
4571,5.74523705523,0.919774959696,56.217054843,1.39019772507,0.431806265903,10.5410445792,0.291082863497,0.221902310901,0.995657561842,3.12666237857,1.0,614.5971582,1.09598702076
4572,5.74649394367,0.919564148708,56.2257094454,1.39061053879,0.43170729658,10.52431449,0.292817125416,0.221830492647,0.995621599174,3.1266342896,1.0,614.596104958,1.09394912011
4573,5.74775083211,0.919353878923,56.2343444553,1.39102341881,0.431608581336,10.5075931548,0.29455490776,0.221758872284,0.995585568488,3.12660662177,1.0,614.595053938,1.09191430438
4574,5.74900772055,0.919144149995,56.2429598683,1.39143636495,0.431510120008,10.4908806419,0.296296225503,0.221687449586,0.995549470796,3.1265793743,1.0,614.59400514,1.08988257161
4575,5.75026460899,0.918934961583,56.2515556796,1.39184937703,0.431411912435,10.47417702,0.298041093688,0.22161622433,0.99551330711,3.12655254642,1.0,614.592958567,1.08785391991
4576,5.75152149743,0.918726313343,56.2601318847,1.39226245486,0.431313958456,10.4574823581,0.299789527421,0.221545196291,0.995477078439,3.12652613735,1.0,614.591914219,1.08582834747
4577,5.75277838587,0.918518204934,56.268688479,1.39267559826,0.431216257912,10.4407967257,0.301541541877,0.221474365246,0.99544078579,3.12650014633,1.0,614.590872099,1.08380585255
4578,5.75403527431,0.918310636015,56.2772254579,1.39308880706,0.431118810642,10.4241201925,0.303297152295,0.221403730972,0.995404430169,3.12647457256,1.0,614.589832209,1.08178643348
4579,5.75529216275,0.918103606247,56.2857428169,1.39350208108,0.431940639108,10.4074528287,0.305056373985,0.221817997251,0.99535838127,3.1264169776,1.0,614.595921639,1.07863585801
4580,5.75654905119,0.91789711529,56.2942405514,1.39391542013,0.431843491211,10.3907947049,0.306819222319,0.22174755713,0.995321825738,3.12639218185,1.0,614.594887827,1.07661708644
4581,5.75780593963,0.917691162806,56.302718657,1.39432882404,0.431746596649,10.3741458918,0.308585712741,0.221677313701,0.995285210101,3.12636780191,1.0,614.593856246,1.07460138259
4582,5.75906282806,0.917485748459,56.311177129,1.39474229262,0.431649955264,10.3575064608,0.310355860759,0.221607266744,0.99524853536,3.12634383699,1.0,614.592826897,1.07258874504
4583,5.7603197165,0.917280871912,56.3196159629,1.3951558257,0.431553566898,10.3408764835,0.31212968195,0.221537416039,0.995211802513,3.12632028632,1.0,614.591799783,1.07057917244
4584,5.76157660494,0.917076532829,56.3280351544,1.39556942311,0.431457431394,10.3242560319,0.313907191958,0.221467761367,0.995175012558,3.12629714912,1.0,614.590774904,1.06857266351
4585,5.76283349338,0.916872730875,56.3364346987,1.39598308465,0.431361548593,10.3076451785,0.315688406495,0.221398302509,0.99513816649,3.12627442458,1.0,614.589752262,1.06656921704
4586,5.76409038182,0.916669465718,56.3448145916,1.39639681015,0.431265918339,10.2910439959,0.317473341341,0.221329039249,0.995101265303,3.12625211194,1.0,614.588731859,1.06456883188
4587,5.76534727026,0.916466737025,56.3531748285,1.39681059944,0.431170540475,10.2744525575,0.319262012345,0.221259971368,0.995064309988,3.1262302104,1.0,614.587713697,1.06257150698
4588,5.7666041587,0.916264544463,56.3615154049,1.39722445234,0.431075414845,10.2578709366,0.321054435422,0.221191098652,0.995027301535,3.12620871917,1.0,614.586697777,1.06057724132
4589,5.76786104714,0.916062887701,56.3698363165,1.39763836866,0.430980541294,10.2412992074,0.322850626559,0.221122420884,0.994990240932,3.12618763746,1.0,614.585684101,1.05858603399
4590,5.76911793558,0.915861766409,56.3781375587,1.39805234823,0.430885919665,10.224737444,0.324650601807,0.221053937849,0.994953129166,3.12616696449,1.0,614.58467267,1.05659788411
4591,5.77037482402,0.915661180258,56.3864191272,1.39846639088,0.430791549804,10.2081857213,0.326454377289,0.220985649334,0.99491596722,3.12614669945,1.0,614.583663486,1.05461279092
4592,5.77163171246,0.91546112892,56.3946810175,1.39888049642,0.430697431557,10.1916441144,0.328261969196,0.220917555125,0.994878756078,3.12612684156,1.0,614.582656551,1.05263075368
4593,5.7728886009,0.915261612066,56.4029232253,1.39929466467,0.430603564769,10.1751126987,0.330073393788,0.22084965501,0.994841496719,3.12610739003,1.0,614.581651866,1.05065177176
4594,5.77414548933,0.91506262937,56.4111457461,1.39970889547,0.430509949286,10.1585915504,0.331888667392,0.220781948775,0.994804190124,3.12608834405,1.0,614.580649433,1.04867584458
4595,5.77540237777,0.914864180507,56.4193485756,1.40012318863,0.430416584956,10.1420807455,0.333707806408,0.220714436211,0.994766837268,3.12606970283,1.0,614.579649253,1.04670297163
4596,5.77665926621,0.914666265151,56.4275317093,1.40053754398,0.430323471625,10.1255803611,0.335530827302,0.220647117106,0.994729439127,3.12605146558,1.0,614.578651328,1.04473315247
4597,5.77791615465,0.914468882978,56.4356951431,1.40095196134,0.430230609142,10.1090904741,0.33735774661,0.220579991251,0.994691996674,3.12603363149,1.0,614.57765566,1.04276638675
4598,5.77917304309,0.914272033664,56.4438388724,1.40136644054,0.430137997353,10.0926111621,0.33918858094,0.220513058435,0.994654510882,3.12601619977,1.0,614.576662249,1.04080267417
4599,5.78042993153,0.914075716889,56.451962893,1.40178098139,0.430045636107,10.0761425032,0.341023346966,0.220446318452,0.994616982718,3.12599916961,1.0,614.575671099,1.0388420145
4600,5.78168681997,0.913879932329,56.4600672005,1.40219558372,0.429953525253,10.0596845757,0.342862061434,0.220379771091,0.994579413152,3.12598254021,1.0,614.57468221,1.03688440759
4601,5.78294370841,0.913684679665,56.4681517906,1.40261024737,0.42986166464,10.0432374585,0.344704741158,0.220313416148,0.994541803149,3.12596631077,1.0,614.573695584,1.03492985337
4602,5.78420059685,0.913489958576,56.4762166591,1.40302497214,0.429770054118,10.0268012308,0.346551403024,0.220247253414,0.994504153673,3.12595048049,1.0,614.572711222,1.03297835181
4603,5.78545748529,0.913295768744,56.4842618016,1.40343975787,0.429678693536,10.0103759722,0.348402063988,0.220181282684,0.994466465686,3.12593504855,1.0,614.571729127,1.03102990297
4604,5.78671437373,0.91310210985,56.4922872139,1.40385460437,0.429587582745,9.99396176288,0.350256741073,0.220115503752,0.994428740148,3.12592001416,1.0,614.570749298,1.02908450699
4605,5.78797126216,0.912908981578,56.5002928916,1.40426951149,0.429496721596,9.97755868336,0.352115451374,0.220049916415,0.994390978018,3.12590537651,1.0,614.56977174,1.02714216407
4606,5.7892281506,0.912716383612,56.5082788306,1.40468447903,0.42940610994,9.96116681459,0.353978212058,0.219984520469,0.994353180253,3.12589113478,1.0,614.568796451,1.02520287447
4607,5.79048503904,0.912524315635,56.5162450265,1.40509950683,0.429315747629,9.94478623796,0.35584504036,0.219919315709,0.994315347806,3.12587728817,1.0,614.567823435,1.02326663854
4608,5.79174192748,0.912332777333,56.5241914753,1.40551459471,0.429225634514,9.92841703531,0.357715953586,0.219854301935,0.994277481631,3.12586383586,1.0,614.566852693,1.02133345668
4609,5.79299881592,0.912141768392,56.5321181725,1.40592974249,0.429135770448,9.9120592889,0.359590969111,0.219789478943,0.994239582678,3.12585077706,1.0,614.565884226,1.01940332939
4610,5.79425570436,0.911951288501,56.5400251141,1.40634495001,0.429046155284,9.89571308146,0.361470104384,0.219724846533,0.994201651897,3.12583811093,1.0,614.564918036,1.01747625721
4611,5.7955125928,0.911761337345,56.5479122957,1.40676021709,0.428956788874,9.87937849615,0.36335337692,0.219660404505,0.994163690234,3.12582583667,1.0,614.563954125,1.01555224077
4612,5.79676948124,0.911571914616,56.5557797133,1.40717554355,0.428867671073,9.86305561659,0.365240804308,0.219596152658,0.994125698635,3.12581395346,1.0,614.562992493,1.01363128076
4613,5.79802636968,0.911383020001,56.5636273626,1.40759092922,0.428778801735,9.84674452683,0.367132404206,0.219532090793,0.994087678042,3.12580246049,1.0,614.562033143,1.01171337795
4614,5.79928325812,0.911194653192,56.5714552395,1.40800637393,0.428690180714,9.8304453114,0.369028194343,0.219468218712,0.994049629398,3.12579135693,1.0,614.561076076,1.00979853318
4615,5.80054014656,0.911006813881,56.5792633399,1.4084218775,0.428601807865,9.81415805527,0.370928192518,0.219404536217,0.994011553641,3.12578064198,1.0,614.560121294,1.00788674735
4616,5.801797035,0.910819501759,56.5870516595,1.40883743976,0.428513683043,9.79788284387,0.372832416602,0.219341043111,0.993973451709,3.1257703148,1.0,614.559168797,1.00597802145
4617,5.80305392343,0.91063271652,56.5948201942,1.40925306054,0.428425806104,9.78161976311,0.374740884535,0.219277739198,0.993935324537,3.12576037459,1.0,614.558218589,1.00407235652
4618,5.80431081187,0.910446457858,56.6025689399,1.40966873966,0.428338176903,9.76536889934,0.376653614329,0.219214624281,0.99389717306,3.1257508205,1.0,614.557270669,1.00216975369
4619,5.80556770031,0.910260725467,56.6102978926,1.41008447695,0.428250795298,9.7491303394,0.378570624066,0.219151698165,0.993858998208,3.12574165174,1.0,614.55632504,1.00027021415
4620,5.80682458875,0.910075519044,56.618007048,1.41050027225,0.428163661145,9.73290417058,0.380491931898,0.219088960656,0.993820800912,3.12573286746,1.0,614.555381703,0.998373739169
4621,5.80808147719,0.909890838286,56.6256964022,1.41091612537,0.428076774302,9.71669048067,0.38241755605,0.21902641156,0.9937825821,3.12572446684,1.0,614.554440659,0.996480330075
4622,5.80933836563,0.909706682888,56.633365951,1.41133203614,0.427990134625,9.70048935791,0.384347514815,0.218964050683,0.993744342697,3.12571644906,1.0,614.553501911,0.99458998828
4623,5.81059525407,0.909523052551,56.6410156903,1.4117480044,0.427903741974,9.68430089103,0.386281826557,0.218901877834,0.993706083627,3.12570881329,1.0,614.552565459,0.992702715262
4624,5.81185214251,0.909339946973,56.6486456162,1.41216402997,0.427817596206,9.66812516924,0.388220509712,0.21883989282,0.993667805813,3.1257015587,1.0,614.551631305,0.990818512573
4625,5.81310903095,0.909157365853,56.6562557245,1.41258011268,0.428641764608,9.65196228225,0.390163582786,0.219254295674,0.993616225389,3.1256606431,1.0,614.557866555,0.987544796327
4626,5.81436591939,0.908975308894,56.6638460112,1.41299625235,0.428555929945,9.63581232023,0.392111064355,0.219192512829,0.993577831548,3.12565413316,1.0,614.556938449,0.985661032294
4627,5.81562280783,0.908793775797,56.6714164724,1.41341244882,0.428470342269,9.61967537386,0.394062973065,0.219130917796,0.99353942167,3.12564800271,1.0,614.556012641,0.983780338821
4628,5.81687969626,0.908612766264,56.6789671039,1.41382870191,0.428385001438,9.6035515343,0.396019327633,0.219069510383,0.993500996672,3.12564225092,1.0,614.555089133,0.981902717727
4629,5.8181365847,0.908432279999,56.6864979018,1.41424501146,0.428299907313,9.58744089323,0.397980146847,0.219008290402,0.993462557467,3.12563687695,1.0,614.554167928,0.980028170907
4630,5.81939347314,0.908252316707,56.6940088621,1.41466137729,0.428215059755,9.57134354281,0.399945449564,0.218947257663,0.993424104967,3.12563187997,1.0,614.553249026,0.978156700327
4631,5.82065036158,0.908072876092,56.7014999808,1.41507779923,0.428130458624,9.55525957569,0.401915254712,0.218886411979,0.993385640083,3.12562725914,1.0,614.552332428,0.976288308025
4632,5.82190725002,0.90789395786,56.7089712539,1.41549427711,0.428046103782,9.53918908505,0.403889581288,0.218825753162,0.993347163724,3.12562301361,1.0,614.551418137,0.974422996112
4633,5.82316413846,0.907715561718,56.7164226776,1.41591081077,0.427961995091,9.52313216457,0.405868448359,0.218765281025,0.993308676795,3.12561914256,1.0,614.550506154,0.972560766774
4634,5.8244210269,0.907537687375,56.7238542477,1.41632740002,0.427878132412,9.50708890843,0.407851875064,0.218704995382,0.993270180201,3.12561564512,1.0,614.54959648,0.970701622268
4635,5.82567791534,0.907360334539,56.7312659605,1.4167440447,0.42779451561,9.49105941134,0.40983988061,0.218644896048,0.993231674845,3.12561252047,1.0,614.548689116,0.968845564926
4636,5.82693480378,0.907183502918,56.738657812,1.41716074465,0.427711144545,9.47504376851,0.411832484272,0.218584982837,0.993193161626,3.12560976776,1.0,614.547784065,0.96699259715
4637,5.82819169222,0.907007192224,56.7460297982,1.41757749968,0.427628019083,9.45904207569,0.413829705398,0.218525255566,0.993154641443,3.12560738614,1.0,614.546881327,0.965142721419
4638,5.82944858066,0.906831402168,56.7533819153,1.41799430964,0.427545139087,9.44305442912,0.415831563402,0.21846571405,0.993116115192,3.12560537477,1.0,614.545980904,0.963295940284
4639,5.8307054691,0.906656132461,56.7607141594,1.41841117434,0.42746250442,9.42708092561,0.417838077769,0.218406358107,0.993077583768,3.12560373279,1.0,614.545082797,0.96145225637
4640,5.83196235753,0.906481382817,56.7680265265,1.41882809363,0.427380114948,9.41112166245,0.419849268053,0.218347187555,0.993039048064,3.12560245936,1.0,614.544187008,0.959611672376
4641,5.83321924597,0.906307152949,56.7753190129,1.41924506733,0.427297970536,9.3951767375,0.421865153875,0.218288202212,0.993000508969,3.12560155363,1.0,614.543293539,0.957774191074
4642,5.83447613441,0.906133442572,56.7825916146,1.41966209528,0.427216071049,9.37924624914,0.423885754928,0.218229401896,0.992961967372,3.12560101475,1.0,614.54240239,0.955939815311
4643,5.83573302285,0.905960251401,56.7898443279,1.42007917729,0.427134416352,9.36333029627,0.42591109097,0.218170786427,0.992923424159,3.12560084186,1.0,614.541513563,0.954108548008
4644,5.83698991129,0.905787579152,56.7970771488,1.42049631322,0.427053006313,9.34742897837,0.427941181829,0.218112355626,0.992884880215,3.12560103411,1.0,614.540627059,0.95228039216
4645,5.83824679973,0.905615425542,56.8042900736,1.42091350288,0.426971840798,9.33154239542,0.429976047401,0.218054109313,0.992846336422,3.12560159065,1.0,614.539742881,0.950455350836
4646,5.83950368817,0.905443790291,56.8114830984,1.42133074611,0.426890919673,9.31567064798,0.432015707649,0.21799604731,0.99280779366,3.12560251062,1.0,614.538861029,0.94863342718
4647,5.84076057661,0.905272673115,56.8186562195,1.42174804274,0.426810242806,9.29981383714,0.434060182604,0.217938169438,0.992769252808,3.12560379317,1.0,614.537981504,0.946814624413
4648,5.84201746505,0.905102073735,56.825809433,1.4221653926,0.426729810066,9.28397206455,0.436109492365,0.217880475521,0.992730714742,3.12560543743,1.0,614.537104309,0.944998945826
4649,5.84327435349,0.904931991872,56.8329427351,1.42258279553,0.426649621319,9.26814543241,0.438163657096,0.217822965382,0.992692180336,3.12560744254,1.0,614.536229444,0.943186394789
4650,5.84453124193,0.904762427247,56.8400561222,1.42300025136,0.426569676436,9.25233404349,0.44022269703,0.217765638845,0.992653650462,3.12560980765,1.0,614.535356911,0.941376974745
4651,5.84578813036,0.904593379581,56.8471495904,1.42341775991,0.426489975284,9.2365380011,0.442286632466,0.217708495733,0.99261512599,3.1256125319,1.0,614.534486711,0.939570689214
4652,5.8470450188,0.904424848598,56.8542231359,1.42383532102,0.426410517734,9.22075740915,0.444355483769,0.217651535874,0.992576607789,3.12561561442,1.0,614.533618846,0.93776754179
4653,5.84830190724,0.904256834022,56.8612767552,1.42425293453,0.426331303655,9.20499237208,0.446429271368,0.217594759091,0.992538096725,3.12561905434,1.0,614.532753318,0.935967536144
4654,5.84955879568,0.904089335578,56.8683104443,1.42467060026,0.426252332917,9.18924299492,0.448508015762,0.217538165213,0.992499593661,3.12562285081,1.0,614.531890126,0.93417067602
4655,5.85081568412,0.903922352991,56.8753241997,1.42508831806,0.42617360539,9.17350938327,0.450591737511,0.217481754065,0.99246109946,3.12562700295,1.0,614.531029273,0.93237696524
4656,5.85207257256,0.903755885987,56.8823180175,1.42550608775,0.426095120947,9.15779164331,0.452680457241,0.217425525475,0.992422614982,3.1256315099,1.0,614.530170761,0.930586407703
4657,5.853329461,0.903589934295,56.8892918941,1.42592390916,0.426016879459,9.1420898818,0.454774195645,0.217369479273,0.992384141084,3.12563637079,1.0,614.52931459,0.928799007381
4658,5.85458634944,0.903424497641,56.8962458259,1.42634178213,0.425938880796,9.12640420607,0.456872973478,0.217313615286,0.992345678622,3.12564158475,1.0,614.528460762,0.927014768325
4659,5.85584323788,0.903259575755,56.9031798092,1.42675970649,0.425861124832,9.11073472406,0.458976811558,0.217257933344,0.99230722845,3.12564715091,1.0,614.527609278,0.925233694661
4660,5.85710012632,0.903095168366,56.9100938402,1.42717768208,0.425783611438,9.09508154429,0.461085730769,0.217202433278,0.99226879142,3.1256530684,1.0,614.526760139,0.923455790592
4661,5.85835701476,0.902931275206,56.9169879154,1.42759570873,0.425706340489,9.07944477585,0.463199752057,0.217147114917,0.99223036838,3.12565933634,1.0,614.525913348,0.921681060399
4662,5.85961390319,0.902767896006,56.923862031,1.42801378627,0.425629311857,9.06382452845,0.465318896428,0.217091978094,0.99219196018,3.12566595386,1.0,614.525068905,0.919909508438
4663,5.86087079163,0.902605030497,56.9307161836,1.42843191455,0.425552525416,9.0482209124,0.467443184956,0.21703702264,0.992153567664,3.12567292008,1.0,614.524226812,0.918141139143
4664,5.86212768007,0.902442678414,56.9375503694,1.42885009338,0.42547598104,9.0326340386,0.46957263877,0.216982248389,0.992115191675,3.12568023413,1.0,614.52338707,0.916375957025
4665,5.86338456851,0.90228083949,56.9443645849,1.42926832261,0.425399678605,9.01706401856,0.471707279066,0.216927655172,0.992076833055,3.12568789513,1.0,614.52254968,0.914613966673
4666,5.86464145695,0.90211951346,56.9511588264,1.42968660207,0.425323617984,9.0015109644,0.473847127097,0.216873242824,0.992038492643,3.1256959022,1.0,614.521714643,0.912855172752
4667,5.86589834539,0.90195870006,56.9579330904,1.43010493159,0.425247799054,8.98597498884,0.475992204178,0.21681901118,0.992000171276,3.12570425446,1.0,614.520881962,0.911099580008
4668,5.86715523383,0.901798399026,56.9646873733,1.43052331102,0.425172221689,8.97045620523,0.478142531684,0.216764960073,0.991961869789,3.12571295103,1.0,614.520051637,0.909347193262
4669,5.86841212227,0.901638610095,56.9714216715,1.43094174018,0.425096885767,8.95495472753,0.480298131049,0.216711089341,0.991923589015,3.12572199102,1.0,614.51922367,0.907598017413
4670,5.86966901071,0.901479333006,56.9781359816,1.43136021891,0.425021791163,8.93947067031,0.482459023764,0.216657398819,0.991885329785,3.12573137356,1.0,614.518398061,0.90585205744
4671,5.87092589915,0.901320567498,56.9848302999,1.43177874705,0.424946937756,8.92400414879,0.484625231381,0.216603888343,0.991847092928,3.12574109775,1.0,614.517574813,0.9041093184
4672,5.87218278759,0.901162313311,56.9915046229,1.43219732442,0.424872325421,8.90855527879,0.486796775508,0.216550557752,0.99180887927,3.12575116272,1.0,614.516753926,0.902369805428
4673,5.87343967603,0.901004570185,56.9981589471,1.43261595088,0.424797954037,8.89312417678,0.488973677811,0.216497406883,0.991770689635,3.12576156757,1.0,614.515935403,0.900633523737
4674,5.87469656446,0.900847337862,57.0047932691,1.43303462624,0.424723823483,8.87771095984,0.491155960011,0.216444435575,0.991732524846,3.12577231141,1.0,614.515119243,0.898900478621
4675,5.8759534529,0.900690616084,57.0114075852,1.43345335035,0.424649933636,8.8623157457,0.493343643886,0.216391643667,0.991694385724,3.12578339336,1.0,614.514305449,0.897170675452
4676,5.87721034134,0.900534404595,57.018001892,1.43387212305,0.424576284375,8.84693865274,0.495536751269,0.216339030999,0.991656273085,3.12579481253,1.0,614.513494022,0.895444119681
4677,5.87846722978,0.900378703138,57.0245761861,1.43429094416,0.425404155556,8.83157979996,0.497735304047,0.216754553596,0.991600657073,3.12577276943,1.0,614.519891726,0.892022445825
4678,5.87972411822,0.900223511459,57.031130464,1.43470981353,0.42533083176,8.81623930702,0.499939324161,0.216702153404,0.991562518643,3.12578488494,1.0,614.519086289,0.890296404264
4679,5.88098100666,0.900068829302,57.0376647222,1.43512873099,0.425257748699,8.80091729423,0.502148833606,0.216649932489,0.991524409189,3.1257973357,1.0,614.518283218,0.888573621614
4680,5.8822378951,0.899914656416,57.0441789573,1.43554769638,0.425184906254,8.78561388253,0.504363854428,0.216597890691,0.991486329523,3.12581012083,1.0,614.517482515,0.886854103654
4681,5.88349478354,0.899760992546,57.0506731658,1.43596670953,0.425112304306,8.77032919355,0.506584408727,0.216546027853,0.991448280455,3.12582323941,1.0,614.516684182,0.885137856245
4682,5.88475167198,0.899607837442,57.0571473444,1.43638577029,0.425039942735,8.75506334955,0.50881051865,0.216494343818,0.99141026279,3.12583669056,1.0,614.515888219,0.88342488533
4683,5.88600856042,0.899455190852,57.0636014896,1.43680487848,0.424967821423,8.73981647345,0.511042206399,0.216442838428,0.991372277335,3.12585047337,1.0,614.515094629,0.881715196932
4684,5.88726544886,0.899303052527,57.0700355981,1.43722403395,0.424895940253,8.72458868886,0.513279494223,0.216391511529,0.991334324893,3.12586458693,1.0,614.514303412,0.880008797155
4685,5.88852233729,0.899151422217,57.0764496663,1.43764323652,0.424824299105,8.70938012003,0.515522404418,0.216340362965,0.991296406262,3.12587903036,1.0,614.513514569,0.878305692186
4686,5.88977922573,0.899000299673,57.0828436911,1.43806248605,0.424752897863,8.69419089189,0.51777095933,0.21628939258,0.991258522244,3.12589380273,1.0,614.512728103,0.876605888294
4687,5.89103611417,0.898849684648,57.089217669,1.43848178237,0.42468173641,8.67902113005,0.520025181353,0.216238600221,0.991220673632,3.12590890316,1.0,614.511944013,0.874909391828
4688,5.89229300261,0.898699576895,57.0955715966,1.4389011253,0.424610814629,8.66387096078,0.522285092924,0.216187985733,0.991182861223,3.12592433072,1.0,614.511162302,0.873216209221
4689,5.89354989105,0.898549976168,57.1019054706,1.4393205147,0.424540132403,8.64874051105,0.524550716528,0.216137548963,0.991145085807,3.12594008452,1.0,614.51038297,0.871526346988
4690,5.89480677949,0.898400882223,57.1082192877,1.4397399504,0.424469689618,8.63362990849,0.526822074692,0.21608728976,0.991107348176,3.12595616364,1.0,614.509606019,0.869839811726
4691,5.89606366793,0.898252294814,57.1145130445,1.44015943224,0.424399486158,8.61853928143,0.529099189988,0.216037207971,0.991069649115,3.12597256718,1.0,614.508831451,0.868156610115
4692,5.89732055637,0.898104213699,57.1207867378,1.44057896005,0.424329521907,8.60346875889,0.531382085029,0.215987303444,0.991031989412,3.12598929422,1.0,614.508059265,0.866476748918
4693,5.89857744481,0.897956638634,57.1270403643,1.44099853367,0.424259796752,8.58841847056,0.533670782471,0.21593757603,0.990994369848,3.12600634386,1.0,614.507289464,0.864800234981
4694,5.89983433325,0.897809569378,57.1332739206,1.44141815295,0.424190310577,8.57338854686,0.53596530501,0.215888025577,0.990956791206,3.12602371517,1.0,614.506522049,0.863127075234
4695,5.90109122169,0.897663005691,57.1394874035,1.44183781771,0.424121063269,8.55837911888,0.53826567538,0.215838651936,0.990919254265,3.12604140725,1.0,614.505757021,0.86145727669
4696,5.90234811013,0.897516947331,57.1456808096,1.4422575278,0.424052054715,8.54339031841,0.540571916355,0.215789454958,0.9908817598,3.12605941917,1.0,614.504994381,0.859790846444
4697,5.90360499856,0.89737139406,57.1518541359,1.44267728306,0.423983284801,8.52842227796,0.542884050745,0.215740434494,0.990844308587,3.12607775003,1.0,614.50423413,0.858127791679
4698,5.904861887,0.897226345638,57.158007379,1.44309708333,0.423914753414,8.51347513073,0.545202101399,0.215691590398,0.990806901398,3.1260963989,1.0,614.50347627,0.856468119657
4699,5.90611877544,0.897081801829,57.1641405356,1.44351692843,0.423846460444,8.49854901064,0.547526091197,0.21564292252,0.990769539003,3.12611536487,1.0,614.502720801,0.854811837728
4700,5.90737566388,0.896937762396,57.1702536026,1.44393681823,0.423778405776,8.48364405232,0.549856043056,0.215594430715,0.990732222171,3.12613464701,1.0,614.501967726,0.853158953325
4701,5.90863255232,0.896794227102,57.1763465767,1.44435675254,0.423710589301,8.4687603911,0.552191979925,0.215546114836,0.990694951667,3.12615424441,1.0,614.501217045,0.851509473965
4702,5.90988944076,0.896651195713,57.1824194548,1.44477673122,0.423643010907,8.45389816305,0.554533924783,0.215497974739,0.990657728254,3.12617415614,1.0,614.500468759,0.849863407251
4703,5.9111463292,0.896508667993,57.1884722337,1.44519675409,0.423575670483,8.43905750495,0.556881900643,0.215450010277,0.990620552694,3.12619438127,1.0,614.49972287,0.84822076087
4704,5.91240321764,0.89636664371,57.1945049101,1.44561682101,0.423508567919,8.42423855429,0.559235930544,0.215402221306,0.990583425746,3.12621491889,1.0,614.498979379,0.846581542595
4705,5.91366010608,0.896225122631,57.2005174809,1.44603693181,0.423441703105,8.40944144932,0.561596037554,0.215354607683,0.990546348167,3.12623576807,1.0,614.498238287,0.844945760283
4706,5.91491699452,0.896084104524,57.206509943,1.44645708632,0.423375075931,8.39466632899,0.563962244768,0.215307169264,0.990509320712,3.12625692787,1.0,614.497499595,0.843313421878
4707,5.91617388296,0.895943589158,57.2124822931,1.4468772844,0.423308686288,8.37991333299,0.566334575305,0.215259905906,0.990472344133,3.12627839738,1.0,614.496763304,0.841684535408
4708,5.91743077139,0.895803576302,57.2184345283,1.44729752588,0.423242534068,8.36518260174,0.568713052309,0.215212817468,0.990435419181,3.12630017567,1.0,614.496029415,0.840059108989
4709,5.91868765983,0.895664065728,57.2243666452,1.44771781059,0.423176619162,8.35047427641,0.571097698947,0.215165903807,0.990398546603,3.12632226179,1.0,614.495297931,0.83843715082
4710,5.91994454827,0.895525057206,57.230278641,1.44813813839,0.423110941462,8.3357884989,0.573488538406,0.215119164783,0.990361727146,3.12634465483,1.0,614.494568851,0.836818669188
4711,5.92120143671,0.89538655051,57.2361705123,1.4485585091,0.423045500861,8.32112541185,0.575885593893,0.215072600255,0.990324961553,3.12636735384,1.0,614.493842177,0.835203672467
4712,5.92245832515,0.895248545411,57.2420422561,1.44897892258,0.422980297251,8.30648515864,0.578288888635,0.215026210083,0.990288250564,3.1263903579,1.0,614.49311791,0.833592169117
4713,5.92371521359,0.895111041684,57.2478938694,1.44939937865,0.422915330525,8.29186788343,0.580698445873,0.214979994128,0.99025159492,3.12641366607,1.0,614.492396052,0.831984167683
4714,5.92497210203,0.894974039104,57.2537253491,1.44981987717,0.422850600577,8.27727373109,0.583114288866,0.214933952251,0.990214995358,3.12643727741,1.0,614.491676603,0.830379676798
4715,5.92622899047,0.894837537446,57.2595366921,1.45024041797,0.422786107302,8.26270284726,0.585536440885,0.214888084314,0.990178452611,3.12646119098,1.0,614.490959564,0.828778705183
4716,5.92748587891,0.894701536487,57.2653278954,1.4506610009,0.422721850592,8.24815537834,0.587964925213,0.214842390179,0.990141967412,3.12648540586,1.0,614.490244938,0.827181261645
4717,5.92874276735,0.894566036003,57.2710989559,1.45108162578,0.422657830343,8.23363147149,0.590399765145,0.214796869709,0.990105540491,3.12650992109,1.0,614.489532724,0.825587355079
4718,5.92999965579,0.894431035773,57.2768498707,1.45150229248,0.422594046451,8.21913127461,0.592840983983,0.214751522768,0.990069172577,3.12653473575,1.0,614.488822924,0.823996994465
4719,5.93125654422,0.894296535576,57.2825806366,1.45192300082,0.42253049881,8.20465493639,0.59528860504,0.21470634922,0.990032864394,3.12655984887,1.0,614.488115539,0.822410188875
4720,5.93251343266,0.89416253519,57.2882912507,1.45234375065,0.422467187317,8.19020260626,0.597742651629,0.214661348928,0.989996616666,3.12658525954,1.0,614.487410571,0.820826947464
4721,5.9337703211,0.894029034398,57.29398171,1.45276454181,0.422404111867,8.17577443444,0.600203147073,0.214616521759,0.989960430114,3.12661096679,1.0,614.48670802,0.819247279479
4722,5.93502720954,0.893896032979,57.2996520115,1.45318537414,0.422341272358,8.1613705719,0.602670114692,0.214571867578,0.989924305457,3.12663696968,1.0,614.486007887,0.817671194252
4723,5.93628409798,0.893763530716,57.3053021522,1.45360624748,0.422278668686,8.14699117039,0.605143577809,0.214527386252,0.989888243411,3.12666326728,1.0,614.485310174,0.816098701205
4724,5.93754098642,0.893631527392,57.3109321292,1.45402716168,0.422216300749,8.13263638245,0.607623559744,0.214483077646,0.989852244691,3.12668985862,1.0,614.484614882,0.814529809847
4725,5.93879787486,0.893500022791,57.3165419395,1.45444811657,0.422154168445,8.11830636136,0.610110083816,0.214438941629,0.989816310008,3.12671674277,1.0,614.483922012,0.812964529777
4726,5.9400547633,0.893369016697,57.3221315802,1.454869112,0.422092271672,8.10400126122,0.612603173337,0.214394978068,0.989780440072,3.12674391877,1.0,614.483231564,0.811402870681
4727,5.94131165174,0.893238508896,57.3277010484,1.45529014782,0.422030610329,8.08972123689,0.615102851611,0.214351186832,0.989744635591,3.12677138567,1.0,614.482543541,0.809844842336
4728,5.94256854018,0.893108499173,57.3332503411,1.45571122385,0.421969184314,8.07546644401,0.617609141935,0.21430756779,0.989708897269,3.12679914252,1.0,614.481857942,0.808290454604
4729,5.94382542862,0.892978987316,57.3387794554,1.45613233995,0.421907993526,8.06123703901,0.620122067593,0.214264120811,0.98967322581,3.12682718837,1.0,614.48117477,0.80673971744
4730,5.94508231706,0.892849973113,57.3442883885,1.45655349597,0.421847037867,8.04703317911,0.622641651857,0.214220845766,0.989637621913,3.12685552226,1.0,614.480494025,0.805192640886
4731,5.94633920549,0.892721456352,57.3497771374,1.45697469173,0.421786317235,8.03285502232,0.625167917983,0.214177742524,0.989602086278,3.12688414325,1.0,614.479815709,0.803649235073
4732,5.94759609393,0.892593436823,57.3552456992,1.45739592708,0.421725831531,8.01870272743,0.627700889212,0.214134810958,0.9895666196,3.12691305036,1.0,614.479139822,0.802109510222
4733,5.94885298237,0.892465914315,57.3606940712,1.45781720187,0.421665580657,8.00457645403,0.630240588761,0.21409205094,0.989531222573,3.12694224265,1.0,614.478466366,0.800573476643
4734,5.95010987081,0.892338888621,57.3661222504,1.45823851594,0.421605564513,7.99047636251,0.63278703983,0.21404946234,0.989495895887,3.12697171916,1.0,614.477795341,0.799041144737
4735,5.95136675925,0.892212359532,57.3715302341,1.45865986913,0.421545783002,7.97640261404,0.635340265593,0.214007045033,0.989460640233,3.12700147892,1.0,614.477126749,0.797512524993
4736,5.95262364769,0.89208632684,57.3769180193,1.45908126129,0.421486236024,7.96235537062,0.637900289198,0.213964798892,0.989425456297,3.12703152098,1.0,614.47646059,0.795987627989
4737,5.95388053613,0.89196079034,57.3822856032,1.45950269226,0.421426923483,7.94833479501,0.640467133764,0.21392272379,0.989390344762,3.12706184437,1.0,614.475796867,0.794466464395
4738,5.95513742457,0.891835749825,57.3876329832,1.45992416187,0.421367845282,7.9343410508,0.643040822382,0.213880819603,0.989355306312,3.12709244814,1.0,614.475135579,0.792949044969
4739,5.95639431301,0.89171120509,57.3929601562,1.46034566999,0.421309001324,7.92037430236,0.645621378107,0.213839086204,0.989320341625,3.12712333131,1.0,614.474476728,0.79143538056
4740,5.95765120145,0.891587155933,57.3982671196,1.46076721644,0.421250391511,7.9064347149,0.64820882396,0.21379752347,0.98928545138,3.12715449293,1.0,614.473820315,0.789925482108
4741,5.95890808989,0.891463602149,57.4035538707,1.46118880107,0.422084371701,7.89252245439,0.650803182925,0.214215814685,0.989228082509,3.12715507801,1.0,614.480414865,0.786323044161
4742,5.96016497832,0.891340543536,57.4088204065,1.46161042373,0.422026106712,7.87863768764,0.653404477943,0.214174479017,0.989193268601,3.12718686044,1.0,614.47976434,0.785981935854
4743,5.96142186676,0.891217979892,57.4140667244,1.46203208426,0.421968076078,7.86478058225,0.656012731916,0.214133314123,0.989158531307,3.12721891902,1.0,614.479116252,0.787486792783
4744,5.9626787552,0.891095911017,57.4192928215,1.46245378251,0.421910279704,7.85095130665,0.658627967697,0.214092319882,0.989123871299,3.12725125277,1.0,614.478470602,0.788987842043
4745,5.96393564364,0.890974336711,57.4244986953,1.46287551831,0.421852717495,7.83715003007,0.661250208093,0.214051496171,0.989089289243,3.12728386071,1.0,614.477827392,0.790485072165
4746,5.96519253208,0.890853256774,57.429684343,1.46329729152,0.421795389356,7.82337692254,0.663879475861,0.214010842867,0.989054785804,3.12731674187,1.0,614.477186622,0.791978471587
4747,5.96644942052,0.890732671008,57.4348497617,1.46371910197,0.421738295195,7.80963215491,0.666515793702,0.213970359851,0.989020361644,3.12734989528,1.0,614.476548293,0.793468028656
4748,5.96770630896,0.890612579217,57.439994949,1.46414094951,0.421681434917,7.79591589886,0.669159184265,0.213930047002,0.988986017425,3.12738331996,1.0,614.475912407,0.794953731627
4749,5.9689631974,0.890492981202,57.4451199019,1.46456283399,0.42162480843,7.78222832686,0.671809670138,0.213889904198,0.988951753803,3.12741701493,1.0,614.475278965,0.796435568661
4750,5.97022008584,0.890373876768,57.450224618,1.46498475525,0.42156841564,7.76856961221,0.674467273847,0.213849931322,0.988917571435,3.12745097922,1.0,614.474647966,0.797913527831
4751,5.97147697428,0.89025526572,57.4553090944,1.46540671314,0.421512256455,7.75493992903,0.677132017854,0.213810128254,0.988883470973,3.12748521185,1.0,614.474019414,0.799387597115
4752,5.97273386272,0.890137147863,57.4603733286,1.46582870749,0.421456330783,7.74133945224,0.679803924556,0.213770494876,0.988849453069,3.12751971184,1.0,614.473393307,0.800857764399
4753,5.97399075116,0.890019523005,57.4654173179,1.46625073816,0.421400638533,7.72776835759,0.682483016277,0.21373103107,0.98881551837,3.1275544782,1.0,614.472769649,0.802324017477
4754,5.97524763959,0.889902390952,57.4704410597,1.46667280499,0.421345179613,7.71422682166,0.685169315269,0.213691736717,0.988781667522,3.12758950996,1.0,614.472148438,0.803786344052
4755,5.97650452803,0.889785751513,57.4754445512,1.46709490783,0.421289953932,7.70071502181,0.687862843709,0.213652611703,0.988747901171,3.12762480613,1.0,614.471529677,0.805244731733
4756,5.97776141647,0.889669604496,57.48042779,1.46751704651,0.421234961401,7.68723313626,0.690563623693,0.213613655909,0.988714219956,3.12766036573,1.0,614.470913367,0.806699168039
4757,5.97901830491,0.889553949711,57.4853907735,1.46793922089,0.421180201928,7.67378134402,0.693271677236,0.213574869221,0.988680624516,3.12769618777,1.0,614.470299507,0.808149640395
4758,5.98027519335,0.88943878697,57.4903334989,1.46836143081,0.421125675425,7.66035982494,0.695987026269,0.213536251523,0.988647115489,3.12773227127,1.0,614.469688101,0.809596136136
4759,5.98153208179,0.889324116082,57.4952559638,1.46878367612,0.421071381802,7.64696875968,0.698709692631,0.213497802701,0.988613693508,3.12776861523,1.0,614.469079147,0.811038642502
4760,5.98278897023,0.889209936861,57.5001581655,1.46920595666,0.421017320969,7.63360832971,0.701439698073,0.21345952264,0.988580359205,3.12780521868,1.0,614.468472648,0.812477146643
4761,5.98404585867,0.889096249119,57.5050401016,1.46962827227,0.420963492839,7.62027871733,0.704177064248,0.213421411227,0.98854711321,3.12784208061,1.0,614.467868604,0.813911635618
4762,5.98530274711,0.88898305267,57.5099017694,1.47005062281,0.420909897323,7.60698010567,0.706921812713,0.213383468348,0.988513956149,3.12787920005,1.0,614.467267017,0.815342096391
4763,5.98655963555,0.888870347329,57.5147431664,1.47047300812,0.420856534334,7.59371267865,0.709673964921,0.213345693892,0.988480888648,3.12791657599,1.0,614.466667886,0.816768515836
4764,5.98781652399,0.888758132911,57.5195642901,1.47089542804,0.420803403783,7.58047662102,0.712433542223,0.213308087745,0.988447911328,3.12795420745,1.0,614.466071214,0.818190880736
4765,5.98907341242,0.888646409232,57.524365138,1.47131788243,0.420750505585,7.56727211837,0.71520056586,0.213270649797,0.988415024809,3.12799209343,1.0,614.465477001,0.819609177781
4766,5.99033030086,0.888535176109,57.5291457075,1.47174037112,0.420697839652,7.55409935707,0.71797505696,0.213233379936,0.988382229709,3.12803023294,1.0,614.464885248,0.821023393568
4767,5.9915871893,0.88842443336,57.5339059962,1.47216289396,0.420645405898,7.54095852434,0.720757036536,0.213196278052,0.988349526642,3.12806862498,1.0,614.464295955,0.822433514607
4768,5.99284407774,0.888314180804,57.5386460016,1.47258545081,0.420593204238,7.52784980818,0.723546525485,0.213159344034,0.988316916222,3.12810726856,1.0,614.463709125,0.823839527311
4769,5.99410096618,0.888204418261,57.5433657212,1.4730080415,0.420541234585,7.51477339745,0.726343544576,0.213122577775,0.988284399058,3.12814616267,1.0,614.463124758,0.825241418005
4770,5.99535785462,0.888095145549,57.5480651525,1.47343066589,0.420489496854,7.50172948178,0.729148114455,0.213085979163,0.988251975758,3.12818530632,1.0,614.462542854,0.826639172923
4771,5.99661474306,0.887986362491,57.5527442931,1.47385332381,0.420437990962,7.48871825163,0.731960255639,0.213049548092,0.988219646928,3.12822469851,1.0,614.461963416,0.828032778207
4772,5.9978716315,0.887878068907,57.5574031405,1.47427601512,0.420386716823,7.47573989828,0.734779988508,0.213013284453,0.988187413171,3.12826433824,1.0,614.461386443,0.829422219906
4773,5.99912851994,0.887770264622,57.5620416924,1.47469873967,0.420335674354,7.46279461381,0.737607333306,0.212977188139,0.988155275087,3.1283042245,1.0,614.460811936,0.830807483983
4774,6.00038540838,0.887662949458,57.5666599463,1.47512149729,0.42028486347,7.44988259111,0.740442310136,0.212941259043,0.988123233274,3.12834435629,1.0,614.460239897,0.832188556306
4775,6.00164229682,0.887556123239,57.5712578997,1.47554428784,0.420234284089,7.43700402388,0.743284938954,0.212905497059,0.988091288328,3.12838473262,1.0,614.459670326,0.833565422655
4776,6.00289918525,0.887449785791,57.5758355503,1.47596711117,0.420183936128,7.42415910661,0.746135239569,0.212869902081,0.988059440842,3.12842535247,1.0,614.459103225,0.834938068719
4777,6.00415607369,0.887343936938,57.5803928957,1.47638996712,0.420133819504,7.41134803462,0.748993231635,0.212834474003,0.988027691407,3.12846621483,1.0,614.458538593,0.836306480096
4778,6.00541296213,0.887238576509,57.5849299336,1.47681285553,0.420083934136,7.39857100401,0.751858934648,0.212799212721,0.987996040611,3.12850731871,1.0,614.457976433,0.837670642296
4779,6.00666985057,0.88713370433,57.5894466615,1.47723577626,0.420034279941,7.38582821168,0.754732367944,0.212764118131,0.987964489041,3.12854866309,1.0,614.457416745,0.839030540738
4780,6.00792673901,0.88702932023,57.593943077,1.47765872916,0.419984856839,7.37311985534,0.757613550694,0.212729190129,0.98793303728,3.12859024696,1.0,614.45685953,0.840386160753
4781,6.00918362745,0.886925424038,57.598419178,1.47808171406,0.419935664747,7.36044613349,0.760502501897,0.212694428611,0.987901685908,3.12863206932,1.0,614.456304788,0.841737487581
4782,6.01044051589,0.886822015582,57.6028749619,1.47850473083,0.419886703587,7.34780724541,0.76339924038,0.212659833475,0.987870435505,3.12867412915,1.0,614.455752522,0.843084506374
4783,6.01169740433,0.886719094695,57.6073104265,1.4789277793,0.419837973277,7.33520339118,0.76630378479,0.212625404619,0.987839286647,3.12871642544,1.0,614.45520273,0.844427202196
4784,6.01295429277,0.886616661208,57.6117255695,1.47935085932,0.419789473738,7.32263477167,0.769216153593,0.212591141941,0.987808239908,3.12875895718,1.0,614.454655415,0.845765560021
4785,6.01421118121,0.886514714952,57.6161203886,1.47977397074,0.41974120489,7.31010158853,0.772136365068,0.21255704534,0.987777295858,3.12880172335,1.0,614.454110578,0.847099564737
4786,6.01546806965,0.886413255761,57.6204948815,1.48019711342,0.419693166655,7.29760404418,0.775064437301,0.212523114715,0.987746455066,3.12884472294,1.0,614.453568218,0.848429201142
4787,6.01672495809,0.886312283469,57.6248490458,1.48062028719,0.419645358953,7.28514234184,0.778000388183,0.212489349967,0.9877157181,3.12888795494,1.0,614.453028338,0.849754453948
4788,6.01798184652,0.88621179791,57.6291828794,1.48104349191,0.419597781706,7.27271668548,0.780944235407,0.212455750994,0.987685085522,3.12893141832,1.0,614.452490937,0.85107530778
4789,6.01923873496,0.88611179892,57.63349638,1.48146672743,0.419550434837,7.26032727986,0.783895996457,0.212422317699,0.987654557895,3.12897511207,1.0,614.451956017,0.852391747175
4790,6.0204956234,0.886012286335,57.6377895453,1.48188999358,0.419503318267,7.24797433049,0.78685568861,0.212389049983,0.987624135777,3.12901903518,1.0,614.451423579,0.853703756585
4791,6.02175251184,0.885913259991,57.642062373,1.48231329023,0.419456431921,7.23565804366,0.789823328929,0.212355947748,0.987593819725,3.12906318661,1.0,614.450893623,0.855011320374
4792,6.02300940028,0.885814719728,57.6463148611,1.48273661721,0.41940977572,7.22337862642,0.792798934258,0.212323010895,0.987563610293,3.12910756535,1.0,614.45036615,0.856314422823
4793,6.02426628872,0.885716665383,57.6505470071,1.48315997439,0.419363349588,7.21113628655,0.795782521217,0.212290239329,0.987533508032,3.12915217037,1.0,614.449841162,0.857613048126
4794,6.02552317716,0.885619096795,57.6547588091,1.4835833616,0.419317153451,7.19893123261,0.798774106198,0.212257632952,0.987503513492,3.12919700067,1.0,614.449318658,0.858907180391
4795,6.0267800656,0.885522013806,57.6589502646,1.48400677869,0.41927118723,7.1867636739,0.801773705359,0.212225191668,0.987473627219,3.1292420552,1.0,614.44879864,0.860196803644
4796,6.02803695404,0.885425416256,57.6631213716,1.48443022552,0.419225450853,7.17463382043,0.804781334622,0.212192915382,0.987443849757,3.12928733295,1.0,614.448281109,0.861481901826
4797,6.02929384248,0.885329303987,57.6672721279,1.48485370193,0.419179944243,7.16254188301,0.807797009664,0.212160803998,0.987414181648,3.12933283289,1.0,614.447766065,0.862762458795
4798,6.03055073092,0.885233676841,57.6714025313,1.48527720778,0.419134667326,7.15048807311,0.810820745916,0.212128857423,0.987384623431,3.129378554,1.0,614.44725351,0.864038458323
4799,6.03180761935,0.885138534662,57.6755125797,1.4857007429,0.419089620028,7.138472603,0.813852558555,0.212097075562,0.987355175643,3.12942449524,1.0,614.446743443,0.865309884103
4800,6.03306450779,0.885043877294,57.679602271,1.48612430716,0.419044802275,7.1264956856,0.816892462499,0.212065458321,0.987325838818,3.12947065559,1.0,614.446235867,0.866576719745
4801,6.03432139623,0.884949704582,57.6836716029,1.48654790039,0.419000213994,7.11455753461,0.819940472406,0.212034005608,0.987296613487,3.12951703402,1.0,614.445730781,0.867838948776
4802,6.03557828467,0.884856016372,57.6877205734,1.48697152245,0.418955855112,7.10265836439,0.822996602664,0.21200271733,0.987267500181,3.1295636295,1.0,614.445228186,0.869096554644
4803,6.03683517311,0.884762812511,57.6917491803,1.48739517319,0.418911725556,7.09079839005,0.826060867388,0.211971593394,0.987238499425,3.129610441,1.0,614.444728084,0.870349520714
4804,6.03809206155,0.884670092845,57.6957574217,1.48781885246,0.418867825254,7.07897782736,0.829133280414,0.21194063371,0.987209611744,3.12965746748,1.0,614.444230475,0.871597830273
4805,6.03934894999,0.884577857223,57.6997452953,1.4882425601,0.418824154134,7.06719689281,0.832213855295,0.211909838186,0.987180837659,3.12970470792,1.0,614.44373536,0.872841466528
4806,6.04060583843,0.884486105495,57.7037127992,1.48866629597,0.418780712124,7.05545580356,0.835302605296,0.211879206732,0.98715217769,3.12975216128,1.0,614.443242739,0.874080412608
4807,6.04186272687,0.884394837509,57.7076599312,1.48909005992,0.418737499154,7.04375477745,0.838399543385,0.211848739258,0.987123632353,3.12979982651,1.0,614.442752614,0.875314651563
4808,6.04311961531,0.884304053116,57.7115866892,1.48951385179,0.418694515152,7.03209403302,0.841504682233,0.211818435674,0.987095202163,3.1298477026,1.0,614.442264985,0.876544166365
4809,6.04437650375,0.884213752167,57.7154930714,1.48993767144,0.418651760048,7.02047378944,0.844618034204,0.211788295891,0.987066887631,3.1298957885,1.0,614.441779853,0.87776893991
4810,6.04563339219,0.884123934516,57.7193790755,1.49036151871,0.418609233773,7.00889426656,0.847739611353,0.211758319821,0.987038689267,3.12994408317,1.0,614.441297219,0.878988955018
4811,6.04689028062,0.884034600014,57.7232446996,1.49078539345,0.418566936256,6.99735568487,0.850869425417,0.211728507375,0.987010607577,3.12999258558,1.0,614.440817084,0.880204194433
4812,6.04814716906,0.883945748515,57.7270899417,1.49120929553,0.418524867428,6.98585826553,0.854007487813,0.211698858467,0.986982643065,3.13004129468,1.0,614.440339447,0.881414640824
4813,6.0494040575,0.883857379874,57.7309147998,1.49163322477,0.418483027221,6.9744022303,0.85715380963,0.211669373008,0.986954796232,3.13009020943,1.0,614.439864311,0.882620276787
4814,6.05066094594,0.883769493946,57.7347192719,1.49205718105,0.418441415565,6.9629878016,0.860308401626,0.211640050913,0.986927067579,3.13013932881,1.0,614.439391676,0.883821084843
4815,6.05191783438,0.883682090588,57.7385033559,1.4924811642,0.418400032393,6.95161520245,0.863471274219,0.211610892095,0.9868994576,3.13018865175,1.0,614.438921542,0.885017047441
4816,6.05317472282,0.883595169656,57.74226705,1.49290517407,0.418358877638,6.94028465649,0.866642437484,0.211581896469,0.986871966792,3.13023817722,1.0,614.43845391,0.886208146959
4817,6.05443161126,0.883508731007,57.7460103522,1.49332921052,0.418317951231,6.92899638797,0.869821901144,0.21155306395,0.986844595644,3.13028790418,1.0,614.437988782,0.887394365704
4818,6.0556884997,0.883422774501,57.7497332605,1.4937532734,0.418277253105,6.91775062172,0.87300967457,0.211524394453,0.986817344646,3.13033783158,1.0,614.437526157,0.888575685911
4819,6.05694538814,0.883337299996,57.753435773,1.49417736256,0.418236783194,6.90654758318,0.87620576677,0.211495887894,0.986790214284,3.13038795837,1.0,614.437066037,0.889752089748
4820,6.05820227658,0.883252307353,57.7571178878,1.49460147784,0.418196541432,6.89538749834,0.879410186385,0.211467544189,0.986763205042,3.13043828351,1.0,614.436608423,0.890923559313
4821,6.05945916502,0.883167796432,57.7607796029,1.49502561911,0.418156527753,6.88427059377,0.882622941684,0.211439363256,0.986736317402,3.13048880595,1.0,614.436153314,0.892090076637
4822,6.06071605345,0.883083767096,57.7644209165,1.4954497862,0.418116742091,6.8731970966,0.885844040557,0.211411345012,0.986709551843,3.13053952464,1.0,614.435700712,0.893251623683
4823,6.06197294189,0.883000219205,57.7680418266,1.49587397897,0.418077184381,6.86216723451,0.88907349051,0.211383489374,0.98668290884,3.13059043854,1.0,614.435250617,0.89440818235
4824,6.06322983033,0.882917152625,57.7716423314,1.49629819728,0.418037854559,6.85118123572,0.892311298659,0.211355796262,0.986656388867,3.13064154659,1.0,614.434803031,0.895559734471
4825,6.06448671877,0.882834567218,57.775222429,1.49672244096,0.417998752559,6.84023932895,0.895557471721,0.211328265593,0.986629992395,3.13069284774,1.0,614.434357953,0.896706261816
4826,6.06574360721,0.882752462849,57.7787821175,1.49714670988,0.417959878319,6.82934174347,0.898812016015,0.211300897288,0.986603719894,3.13074434094,1.0,614.433915385,0.89784774609
4827,6.06700049565,0.882670839385,57.7823213952,1.49757100389,0.417921231774,6.81848870905,0.90207493745,0.211273691266,0.986577571829,3.13079602514,1.0,614.433475328,0.898984168938
4828,6.06825738409,0.88258969669,57.78584026,1.49799532283,0.41788281286,6.80768045595,0.905346241519,0.211246647448,0.986551548663,3.13084789929,1.0,614.433037781,0.900115511944
4829,6.06951427253,0.882509034634,57.7893387103,1.49841966655,0.418728013936,6.7969172149,0.908625933298,0.21167124027,0.986497284981,3.13087704723,1.0,614.439894405,0.903902193517
4830,6.07077116097,0.882428853082,57.7928167442,1.49884403492,0.418689969837,6.78619921714,0.911914017436,0.211644447383,0.986471457328,3.13092940947,1.0,614.43946255,0.905029478586
4831,6.07202804941,0.882349151905,57.7962743598,1.49926842777,0.418652153663,6.77552669433,0.915210498149,0.211617816911,0.986445756218,3.13098195891,1.0,614.439033204,0.906151617533
4832,6.07328493785,0.882269930972,57.7997115555,1.49969284497,0.418614565352,6.76489987861,0.918515379214,0.211591348776,0.986420182106,3.13103469447,1.0,614.438606368,0.907268591456
4833,6.07454182629,0.882191190152,57.8031283293,1.50011728635,0.418577204843,6.75431900254,0.921828663967,0.211565042901,0.986394735443,3.13108761511,1.0,614.438182043,0.90838038139
4834,6.07579871472,0.882112929318,57.8065246796,1.50054175179,0.418540072075,6.74378429911,0.925150355291,0.211538899209,0.986369416679,3.13114071975,1.0,614.437760229,0.909486968318
4835,6.07705560316,0.88203514834,57.8099006045,1.50096624111,0.418503166986,6.73329600172,0.928480455613,0.211512917624,0.98634422626,3.13119400734,1.0,614.437340927,0.910588333165
4836,6.0783124916,0.881957847092,57.8132561024,1.50139075419,0.418466489517,6.72285434418,0.931818966897,0.211487098069,0.986319164631,3.13124747682,1.0,614.436924137,0.911684456803
4837,6.07956938004,0.881881025447,57.8165911714,1.50181529086,0.418430039608,6.71245956067,0.935165890641,0.211461440469,0.986294232231,3.13130112712,1.0,614.436509861,0.912775320049
4838,6.08082626848,0.881804683279,57.8199058098,1.50223985098,0.418393817198,6.70211188576,0.938521227866,0.211435944748,0.986269429502,3.13135495718,1.0,614.436098098,0.913860903669
4839,6.08208315692,0.881728820464,57.823200016,1.50266443441,0.418357822228,6.69181155435,0.941884979111,0.211410610833,0.986244756877,3.13140896593,1.0,614.43568885,0.914941188381
4840,6.08334004536,0.881653436876,57.8264737881,1.50308904099,0.41832205464,6.68155880172,0.945257144432,0.211385438649,0.986220214793,3.13146315231,1.0,614.435282118,0.916016154849
4841,6.0845969338,0.881578532394,57.8297271246,1.50351367058,0.418286514375,6.67135386346,0.948637723388,0.211360428122,0.986195803678,3.13151751525,1.0,614.434877901,0.917085783694
4842,6.08585382224,0.881504106893,57.8329600236,1.50393832303,0.418251201375,6.66119697549,0.952026715041,0.211335579179,0.986171523963,3.13157205368,1.0,614.4344762,0.918150055486
4843,6.08711071068,0.881430160252,57.8361724836,1.50436299818,0.418216115581,6.65108837402,0.955424117947,0.211310891748,0.986147376072,3.13162676654,1.0,614.434077017,0.919208950752
4844,6.08836759912,0.881356692351,57.8393645028,1.5047876959,0.418181256937,6.64102829556,0.95882993015,0.211286365757,0.98612336043,3.13168165276,1.0,614.433680352,0.920262449975
4845,6.08962448755,0.881283703068,57.8425360796,1.50521241604,0.418146625386,6.63101697687,0.962244149179,0.211262001133,0.986099477456,3.13173671127,1.0,614.433286205,0.921310533596
4846,6.09088137599,0.881211192285,57.8456872124,1.50563715844,0.41811222087,6.62105465499,0.965666772037,0.211237797807,0.986075727569,3.131791941,1.0,614.432894577,0.922353182012
4847,6.09213826443,0.881139159882,57.8488178995,1.50606192297,0.418078043334,6.6111415672,0.969097795197,0.211213755705,0.986052111185,3.13184734087,1.0,614.432505468,0.923390375584
4848,6.09339515287,0.881067605742,57.8519281393,1.50648670946,0.418044092721,6.60127795098,0.972537214599,0.21118987476,0.986028628716,3.13190290982,1.0,614.43211888,0.924422094634
4849,6.09465204131,0.880996529748,57.8550179301,1.50691151779,0.418010368976,6.59146404406,0.975985025637,0.211166154901,0.986005280572,3.13195864678,1.0,614.431734813,0.925448319445
4850,6.09590892975,0.880925931783,57.8580872705,1.50733634779,0.417976872043,6.58170008433,0.979441223161,0.211142596058,0.985982067162,3.13201455066,1.0,614.431353267,0.926469030267
4851,6.09716581819,0.880855811731,57.8611361587,1.50776119931,0.417943601869,6.57198630987,0.982905801466,0.211119198163,0.985958988891,3.1320706204,1.0,614.430974243,0.927484207317
4852,6.09842270663,0.880786169479,57.8641645931,1.50818607223,0.417910558398,6.56232295892,0.986378754286,0.211095961148,0.98593604616,3.13212685491,1.0,614.430597743,0.928493830777
4853,6.09967959507,0.880717004911,57.8671725724,1.50861096637,0.417877741576,6.55271026985,0.989860074791,0.211072884944,0.98591323937,3.13218325314,1.0,614.430223765,0.929497880803
4854,6.10093648351,0.880648317915,57.8701600947,1.50903588161,0.417845151349,6.54314848118,0.993349755576,0.211049969485,0.985890568918,3.13223981399,1.0,614.429852311,0.930496337518
4855,6.10219337195,0.880580108378,57.8731271587,1.50946081779,0.417812787665,6.53363783151,0.996847788663,0.211027214703,0.985868035199,3.13229653639,1.0,614.429483382,0.931489181021
4856,6.10345026038,0.880512376188,57.8760737627,1.50988577476,0.41778065047,6.52417855954,1.00035416549,0.211004620532,0.985845638605,3.13235341927,1.0,614.429116978,0.932476391383
4857,6.10470714882,0.880445121236,57.8789999053,1.51031075237,0.417748739712,6.51477090406,1.00386887689,0.210982186907,0.985823379524,3.13241046155,1.0,614.428753099,0.933457948653
4858,6.10596403726,0.88037834341,57.8819055849,1.51073575049,0.417717055338,6.50541510388,1.00739191313,0.210959913761,0.985801258344,3.13246766214,1.0,614.428391747,0.934433832857
4859,6.1072209257,0.880312042601,57.8847907999,1.51116076896,0.417685597296,6.49611139786,1.01092326385,0.21093780103,0.985779275449,3.13252501996,1.0,614.428032922,0.935404024001
4860,6.10847781414,0.880246218701,57.887655549,1.51158580764,0.417654365536,6.48686002488,1.0144629181,0.210915848649,0.985757431221,3.13258253394,1.0,614.427676624,0.936368502073
4861,6.10973470258,0.880180871601,57.8904998307,1.51201086638,0.417623360005,6.47766122382,1.0180108643,0.210894056555,0.985735726038,3.132640203,1.0,614.427322854,0.937327247042
4862,6.11099159102,0.880116001196,57.8933236433,1.51243594503,0.417592580654,6.46851523351,1.02156709028,0.210872424684,0.985714160277,3.13269802605,1.0,614.426971612,0.938280238866
4863,6.11224847946,0.880051607379,57.8961269856,1.51286104344,0.417562027431,6.45942229278,1.02513158321,0.210850952972,0.985692734311,3.13275600201,1.0,614.426622899,0.939227457486
4864,6.1135053679,0.879987690044,57.898909856,1.51328616148,0.417531700287,6.45038264035,1.02870432965,0.210829641357,0.985671448511,3.13281412979,1.0,614.426276717,0.940168882833
4865,6.11476225634,0.879924249087,57.901672253,1.51371129898,0.417501599173,6.44139651489,1.03228531553,0.210808489778,0.985650303246,3.13287240831,1.0,614.425933064,0.94110449483
4866,6.11601914478,0.879861284403,57.9044141753,1.51413645582,0.417471724038,6.43246415496,1.03587452614,0.210787498172,0.985629298881,3.13293083649,1.0,614.425591942,0.94203427339
4867,6.11727603322,0.879798795891,57.9071356215,1.51456163183,0.417442074833,6.42358579898,1.0394719461,0.210766666478,0.985608435779,3.13298941325,1.0,614.425253351,0.942958198423
4868,6.11853292165,0.879736783447,57.90983659,1.51498682688,0.417412651512,6.41476168525,1.04307755941,0.210745994636,0.985587714302,3.13304813748,1.0,614.424917293,0.943876249834
4869,6.11978981009,0.879675246971,57.9125170796,1.51541204081,0.417383454024,6.40599205189,1.0466913494,0.210725482585,0.985567134806,3.13310700812,1.0,614.424583766,0.944788407526
4870,6.12104669853,0.87961418636,57.9151770887,1.51583727348,0.417354482323,6.39727713683,1.05031329872,0.210705130266,0.985546697647,3.13316602406,1.0,614.424252772,0.945694651403
4871,6.12230358697,0.879553601517,57.9178166162,1.51626252475,0.417325736361,6.38861717779,1.0539433894,0.210684937619,0.985526403177,3.13322518423,1.0,614.423924312,0.946594961372
4872,6.12356047541,0.87949349234,57.9204356604,1.51668779446,0.417297216091,6.38001241227,1.05758160274,0.210664904586,0.985506251747,3.13328448753,1.0,614.423598386,0.947489317344
4873,6.12481736385,0.879433858732,57.9230342203,1.51711308248,0.417268921467,6.37146307751,1.06122791941,0.210645031108,0.985486243703,3.13334393287,1.0,614.423274994,0.948377699234
4874,6.12607425229,0.879374700596,57.9256122942,1.51753838865,0.417240852441,6.36296941048,1.06488231938,0.210625317127,0.98546637939,3.13340351917,1.0,614.422954137,0.949260086971
4875,6.12733114073,0.879316017833,57.928169881,1.51796371283,0.417213008968,6.35453164783,1.06854478192,0.210605762587,0.98544665915,3.13346324532,1.0,614.422635816,0.950136460489
4876,6.12858802917,0.87925781035,57.9307069793,1.51838905488,0.417185391003,6.34615002592,1.07221528564,0.21058636743,0.985427083322,3.13352311025,1.0,614.422320031,0.951006799739
4877,6.12984491761,0.879200078049,57.9332235878,1.51881441464,0.4171579985,6.33782478074,1.07589380842,0.210567131599,0.985407652243,3.13358311286,1.0,614.422006782,0.951871084684
4878,6.13110180605,0.879142820837,57.9357197052,1.51923979197,0.417130831414,6.32955614794,1.07958032746,0.21054805504,0.985388366246,3.13364325205,1.0,614.42169607,0.952729295307
4879,6.13235869448,0.87908603862,57.9381953301,1.51966518673,0.417103889702,6.32134436275,1.08327481926,0.210529137695,0.985369225664,3.13370352673,1.0,614.421387895,0.953581411608
4880,6.13361558292,0.879029731305,57.9406504613,1.52009059877,0.417077173318,6.31318966001,1.08697725959,0.210510379511,0.985350230824,3.13376393581,1.0,614.421082259,0.95442741361
4881,6.13487247136,0.878973898799,57.9430850976,1.52051602794,0.417050682219,6.3050922741,1.09068762352,0.210491780433,0.985331382053,3.1338244782,1.0,614.420779161,0.955267281359
4882,6.1361293598,0.878918541012,57.9454992377,1.5209414741,0.417024416362,6.29705243895,1.09440588539,0.210473340406,0.985312679674,3.13388515279,1.0,614.420478602,0.956100994927
4883,6.13738624824,0.878863657853,57.9478928802,1.5213669371,0.416998375704,6.289070388,1.09813201883,0.210455059378,0.985294124008,3.13394595849,1.0,614.420180582,0.956928534416
4884,6.13864313668,0.878809249232,57.950266024,1.5217924168,0.416972560202,6.28114635418,1.10186599674,0.210436937294,0.985275715372,3.13400689421,1.0,614.419885102,0.957749879956
4885,6.13990002512,0.87875531506,57.9526186679,1.52221791305,0.416946969814,6.2732805699,1.10560779129,0.210418974102,0.985257454082,3.13406795884,1.0,614.419592163,0.958565011712
4886,6.14115691356,0.878701855248,57.9549508106,1.5226434257,0.416921604498,6.26547326696,1.10935737392,0.210401169751,0.98523934045,3.1341291513,1.0,614.419301764,0.959373909884
4887,6.142413802,0.87864886971,57.9572624509,1.52306895462,0.416896464213,6.25772467663,1.11311471532,0.210383524188,0.985221374787,3.13419047048,1.0,614.419013907,0.960176554709
4888,6.14367069044,0.878596358358,57.9595535876,1.52349449965,0.416871548917,6.25003502954,1.11687978544,0.210366037362,0.9852035574,3.13425191528,1.0,614.418728592,0.960972926465
4889,6.14492757888,0.878544321106,57.9618242196,1.52392006064,0.416846858569,6.24240455568,1.12065255351,0.210348709222,0.985185888593,3.1343134846,1.0,614.418445818,0.961763005471
4890,6.14618446732,0.87849275787,57.9640743455,1.52434563746,0.41682239313,6.23483348438,1.12443298797,0.210331539718,0.985168368668,3.13437517734,1.0,614.418165588,0.962546772092
4891,6.14744135575,0.878441668565,57.9663039644,1.52477122996,0.416798152558,6.22732204429,1.12822105655,0.210314528799,0.985150997925,3.13443699241,1.0,614.4178879,0.963324206741
4892,6.14869824419,0.878391053107,57.968513075,1.52519683799,0.416774136816,6.21987046334,1.1320167262,0.210297676418,0.98513377666,3.1344989287,1.0,614.417612756,0.964095289878
4893,6.14995513263,0.878340911413,57.9707016762,1.52562246141,0.416750345862,6.21247896872,1.13581996312,0.210280982524,0.985116705166,3.13456098511,1.0,614.417340156,0.964860002018
4894,6.15121202107,0.878291243402,57.9728697668,1.52604810007,0.416726779658,6.20514778684,1.13963073276,0.210264447069,0.985099783737,3.13462316053,1.0,614.4170701,0.96561832373
4895,6.15246890951,0.878242048992,57.9750173458,1.52647375383,0.416703438167,6.19787714334,1.14344899979,0.210248070006,0.985083012659,3.13468545387,1.0,614.416802589,0.966370235639
4896,6.15372579795,0.878193328103,57.9771444119,1.52689942254,0.416680321348,6.19066726301,1.14727472813,0.210231851286,0.985066392218,3.13474786402,1.0,614.416537624,0.967115718431
4897,6.15498268639,0.878145080654,57.9792509642,1.52732510605,0.416657429166,6.18351836981,1.15110788092,0.210215790863,0.985049922698,3.13481038987,1.0,614.416275204,0.967854752852
4898,6.15623957483,0.878097306568,57.9813370015,1.52775080423,0.416634761581,6.17643068682,1.15494842053,0.210199888689,0.98503360438,3.13487303032,1.0,614.41601533,0.968587319717
4899,6.15749646327,0.878050005765,57.9834025227,1.52817651693,0.416612318557,6.16940443623,1.15879630858,0.210184144719,0.985017437541,3.13493578427,1.0,614.415758003,0.969313399904
4900,6.15875335171,0.878003178169,57.9854475268,1.52860224399,0.416590100058,6.16243983928,1.1626515059,0.210168558908,0.985001422456,3.13499865061,1.0,614.415503223,0.970032974362
4901,6.16001024015,0.877956823702,57.9874720127,1.52902798528,0.416568106047,6.15553711626,1.16651397254,0.210153131209,0.984985559397,3.13506162824,1.0,614.41525099,0.970746024114
4902,6.16126712858,0.877910942289,57.9894759793,1.52945374066,0.416546336488,6.14869648649,1.17038366777,0.210137861579,0.984969848635,3.13512471604,1.0,614.415001305,0.971452530256
4903,6.16252401702,0.877865533855,57.9914594257,1.52987950997,0.416524791345,6.14191816825,1.17426055011,0.210122749972,0.984954290436,3.13518791291,1.0,614.414754168,0.972152473963
4904,6.16378090546,0.877820598325,57.9934223508,1.53030529307,0.416503470583,6.13520237881,1.17814457727,0.210107796345,0.984938885064,3.13525121774,1.0,614.414509579,0.97284583649
4905,6.1650377939,0.877776135626,57.9953647535,1.53073108982,0.416482374167,6.12854933435,1.18203570619,0.210093000655,0.984923632782,3.13531462943,1.0,614.414267539,0.973532599173
4906,6.16629468234,0.877732145685,57.9972866329,1.53115690007,0.416461502063,6.12195924996,1.18593389303,0.210078362858,0.984908533848,3.13537814686,1.0,614.414028049,0.974212743436
4907,6.16755157078,0.877688628431,57.9991879879,1.53158272367,0.416440854237,6.11543233961,1.18983909317,0.210063882913,0.984893588518,3.13544176893,1.0,614.413791109,0.974886250791
4908,6.16880845922,0.877645583791,58.0010688177,1.53200856049,0.416420430654,6.10896881612,1.1937512612,0.210049560777,0.984878797046,3.13550549452,1.0,614.413556718,0.975553102837
4909,6.17006534766,0.877603011696,58.0029291211,1.53243441038,0.416400231281,6.10256889112,1.19767035094,0.210035396409,0.984864159683,3.13556932253,1.0,614.413324878,0.976213281272
4910,6.1713222361,0.877560912075,58.0047688973,1.53286027319,0.416380256086,6.09623277504,1.2015963154,0.210021389767,0.984849676677,3.13563325185,1.0,614.413095589,0.976866767885
4911,6.17257912454,0.877519284861,58.0065881453,1.53328614879,0.416360505035,6.08996067706,1.20552910683,0.210007540811,0.984835348273,3.13569728135,1.0,614.412868851,0.977513544567
4912,6.17383601298,0.877478129984,58.0083868642,1.53371203701,0.416340978097,6.08375280512,1.2094686767,0.209993849502,0.984821174714,3.13576140994,1.0,614.412644664,0.97815359331
4913,6.17509290141,0.877437447378,58.010165053,1.53413793772,0.416321675238,6.07760936583,1.21341497568,0.209980315798,0.984807156241,3.1358256365,1.0,614.412423029,0.978786896208
4914,6.17634978985,0.877397236975,58.0119227107,1.53456385078,0.416302596429,6.07153056452,1.21736795366,0.209966939662,0.984793293089,3.13588995991,1.0,614.412203947,0.979413435463
4915,6.17760667829,0.877357498711,58.0136598366,1.53498977604,0.416283741637,6.06551660513,1.22132755975,0.209953721054,0.984779585494,3.13595437907,1.0,614.411987417,0.980033193388
4916,6.17886356673,0.87731823252,58.0153764296,1.53541571336,0.416265110831,6.05956769024,1.22529374229,0.209940659936,0.984766033688,3.13601889286,1.0,614.41177344,0.980646152405
4917,6.18012045517,0.877279438337,58.017072489,1.53584166259,0.416246703982,6.05368402101,1.22926644882,0.20992775627,0.9847526379,3.13608350017,1.0,614.411562016,0.981252295053
4918,6.18137734361,0.8772411161,58.0187480137,1.53626762358,0.416228521059,6.04786579719,1.23324562613,0.209915010018,0.984739398356,3.13614819987,1.0,614.411353146,0.981851603988
4919,6.18263423205,0.877203265745,58.020403003,1.5366935962,0.416210562031,6.04211321703,1.2372312202,0.209902421145,0.98472631528,3.13621299087,1.0,614.41114683,0.982444061987
4920,6.18389112049,0.877165887211,58.022037456,1.5371195803,0.416192826871,6.03642647731,1.24122317626,0.209889989612,0.984713388894,3.13627787203,1.0,614.410943068,0.983029651947
4921,6.18514800893,0.877128980437,58.0236513719,1.53754557573,0.416175315549,6.03080577328,1.24522143875,0.209877715386,0.984700619414,3.13634284225,1.0,614.410741861,0.983608356894
4922,6.18640489737,0.877092545361,58.0252447498,1.53797158235,0.416158028035,6.02525129862,1.24922595134,0.209865598429,0.984688007058,3.13640790041,1.0,614.410543209,0.984180159981
4923,6.18766178581,0.877056581925,58.0268175888,1.53839760002,0.416140964303,6.01976324547,1.25323665695,0.209853638706,0.984675552038,3.13647304539,1.0,614.410347112,0.984745044491
4924,6.18891867425,0.87702109007,58.0283698883,1.53882362859,0.416124124324,6.01434180433,1.25725349771,0.209841836184,0.984663254563,3.13653827608,1.0,614.41015357,0.985302993841
4925,6.19017556268,0.876986069737,58.0299016473,1.53924966792,0.41610750807,6.00898716407,1.26127641499,0.209830190827,0.984651114842,3.13660359135,1.0,614.409962585,0.985853991586
4926,6.19143245112,0.876951520869,58.031412865,1.53967571786,0.416091115514,6.0036995119,1.26530534942,0.209818702603,0.984639133079,3.1366689901,1.0,614.409774155,0.986398021418
4927,6.19268933956,0.87691744341,58.0329035408,1.54010177827,0.416074946629,5.99847903334,1.26934024085,0.209807371478,0.984627309477,3.13673447119,1.0,614.409588282,0.98693506717
4928,6.193946228,0.876883837304,58.0343736738,1.540527849,0.41605900139,5.99332591217,1.27338102838,0.209796197419,0.984615644233,3.13680003352,1.0,614.409404966,0.987465112822
4929,6.19520311644,0.876850702496,58.0358232632,1.54095392992,0.416043279769,5.98824033044,1.27742765036,0.209785180393,0.984604137546,3.13686567597,1.0,614.409224207,0.987988142499
4930,6.19646000488,0.876818038932,58.0372523084,1.54138002087,0.416027781742,5.98322246841,1.2814800444,0.20977432037,0.984592789608,3.13693139741,1.0,614.409046005,0.988504140477
4931,6.19771689332,0.876785846557,58.0386608085,1.54180612172,0.416012507282,5.97827250454,1.28553814736,0.209763617317,0.984581600611,3.13699719672,1.0,614.40887036,0.989013091181
4932,6.19897378176,0.876754125321,58.0400487629,1.54223223231,0.415997456365,5.97339061546,1.28960189536,0.209753071203,0.984570570744,3.13706307279,1.0,614.408697274,0.989514979196
4933,6.2002306702,0.87672287517,58.0414161708,1.54265835252,0.415982628966,5.96857697593,1.29367122379,0.209742681998,0.984559700191,3.13712902449,1.0,614.408526746,0.990009789259
4934,6.20148755864,0.876692096054,58.0427630315,1.54308448218,0.415968025061,5.96383175883,1.2977460673,0.209732449672,0.984548989136,3.13719505071,1.0,614.408358776,0.990497506271
4935,6.20274444708,0.876661787922,58.0440893444,1.54351062116,0.415953644626,5.9591551351,1.30182635984,0.209722374196,0.984538437758,3.13726115032,1.0,614.408193365,0.990978115294
4936,6.20400133551,0.876631950724,58.0453951086,1.54393676931,0.415939487637,5.95454727377,1.3059120346,0.20971245554,0.984528046236,3.1373273222,1.0,614.408030513,0.991451601556
4937,6.20525822395,0.876602584412,58.0466803236,1.54436292649,0.415925554072,5.95000834188,1.3100030241,0.209702693675,0.984517814744,3.13739356523,1.0,614.40787022,0.991917950451
4938,6.20651511239,0.876573688938,58.0479449887,1.54478909256,0.415911843907,5.94553850447,1.31409926012,0.209693088573,0.984507743454,3.13745987828,1.0,614.407712487,0.992377147546
4939,6.20777200083,0.876545264255,58.0491891033,1.54521526737,0.41589835712,5.94113792456,1.31820067375,0.209683640207,0.984497832535,3.13752626024,1.0,614.407557313,0.992829178578
4940,6.20902888927,0.876517310315,58.0504126666,1.54564145078,0.415885093689,5.93680676312,1.32230719538,0.209674348549,0.984488082154,3.13759270998,1.0,614.4074047,0.993274029463
4941,6.21028577771,0.876489827073,58.0516156781,1.54606764265,0.415872053593,5.93254517904,1.3264187547,0.209665213572,0.984478492474,3.13765922637,1.0,614.407254646,0.99371168629
4942,6.21154266615,0.876462814485,58.0527981371,1.54649384282,0.415859236809,5.92835332911,1.33053528073,0.20965623525,0.984469063657,3.1377258083,1.0,614.407107154,0.994142135332
4943,6.21279955459,0.876436272506,58.053960043,1.54692005116,0.415846643317,5.92423136798,1.3346567018,0.209647413556,0.98445979586,3.13779245464,1.0,614.406962221,0.994565363044
4944,6.21405644303,0.876410201092,58.0551013953,1.54734626753,0.415834273097,5.92017944815,1.33878294558,0.209638748466,0.98445068924,3.13785916426,1.0,614.40681985,0.994981356066
4945,6.21531333147,0.876384600201,58.0562221933,1.54777249178,0.415822126128,5.91619771995,1.34291393907,0.209630239955,0.984441743949,3.13792593605,1.0,614.40668004,0.995390101226
4946,6.21657021991,0.876359469791,58.0573224364,1.54819872376,0.41581020239,5.91228633147,1.34704960861,0.209621887997,0.984432960137,3.13799276887,1.0,614.406542791,0.99579158554
4947,6.21782710835,0.876334809821,58.0584021241,1.54862496333,0.415798501863,5.90844542861,1.35118987989,0.209613692568,0.984424337952,3.1380596616,1.0,614.406408104,0.996185796219
4948,6.21908399678,0.876310620251,58.0594612558,1.54905121035,0.41578702453,5.90467515498,1.35533467796,0.209605653646,0.984415877538,3.13812661312,1.0,614.406275979,0.996572720667
4949,6.22034088522,0.876286901041,58.0604998311,1.54947746468,0.41577577037,5.90097565193,1.35948392724,0.209597771205,0.984407579037,3.1381936223,1.0,614.406146416,0.996952346486
4950,6.22159777366,0.876263652152,58.0615178492,1.54990372617,0.415764739365,5.89734705849,1.36363755153,0.209590045225,0.984399442588,3.13826068801,1.0,614.406019415,0.997324661477
4951,6.2228546621,0.876240873545,58.0625153098,1.55032999468,0.415753931498,5.89378951138,1.36779547399,0.209582475682,0.984391468328,3.13832780913,1.0,614.405894976,0.997689653642
4952,6.22411155054,0.876218565185,58.0634922122,1.55075627006,0.415743346751,5.89030314493,1.3719576172,0.209575062555,0.98438365639,3.13839498453,1.0,614.4057731,0.998047311187
4953,6.22536843898,0.876196727034,58.064448556,1.55118255218,0.415732985106,5.88688809115,1.3761239031,0.209567805822,0.984376006905,3.13846221309,1.0,614.405653787,0.998397622526
4954,6.22662532742,0.876175359057,58.0653843408,1.55160884088,0.415722846546,5.88354447959,1.38029425309,0.209560705462,0.984368520001,3.13852949367,1.0,614.405537037,0.998740576277
4955,6.22788221586,0.876154461219,58.0662995659,1.55203513602,0.415712931055,5.88027243741,1.38446858795,0.209553761455,0.984361195803,3.13859682516,1.0,614.40542285,0.999076161273
4956,6.2291391043,0.876134033484,58.0671942309,1.55246143747,0.415703238616,5.87707208934,1.38864682789,0.20954697378,0.984354034435,3.13866420641,1.0,614.405311227,0.999404366555
4957,6.23039599274,0.876114075821,58.0680683355,1.55288774507,0.415693769215,5.8739435576,1.39282889258,0.209540342419,0.984347036015,3.13873163631,1.0,614.405202167,0.999725181382
4958,6.23165288118,0.876094588197,58.068921879,1.55331405869,0.415684522834,5.87088696197,1.39701470111,0.209533867351,0.984340200662,3.13879911373,1.0,614.405095671,1.00003859523
4959,6.23290976961,0.876075570579,58.0697548612,1.55374037818,0.41567549946,5.86790241968,1.40120417205,0.209527548558,0.98433352849,3.13886663753,1.0,614.404991739,1.00034459779
4960,6.23416665805,0.876057022936,58.0705672814,1.55416670339,0.415666699077,5.86499004545,1.40539722341,0.209521386022,0.98432701961,3.1389342066,1.0,614.40489037,1.00064317897
4961,6.23542354649,0.876038945238,58.0713591394,1.55459303419,0.415658121671,5.86214995146,1.4095937727,0.209515379725,0.984320674131,3.13900181979,1.0,614.404791566,1.00093432891
4962,6.23668043493,0.876021337456,58.0721304348,1.55501937043,0.415649767227,5.85938224729,1.4137937369,0.20950952965,0.984314492159,3.13906947599,1.0,614.404695327,1.00121803797
4963,6.23793732337,0.87600419956,58.072881167,1.55544571197,0.415641635733,5.85668703994,1.41799703251,0.20950383578,0.984308473798,3.13913717406,1.0,614.404601652,1.00149429675
4964,6.23919421181,0.875987531523,58.0736113357,1.55587205866,0.415633727175,5.85406443381,1.42220357552,0.209498298098,0.984302619148,3.13920491288,1.0,614.404510542,1.00176309604
4965,6.24045110025,0.875971333317,58.0743209407,1.55629841036,0.41562604154,5.85151453067,1.42641328143,0.209492916588,0.984296928308,3.13927269131,1.0,614.404421996,1.0020244269
4966,6.24170798869,0.875955604916,58.0750099813,1.55672476693,0.415618578815,5.84903742963,1.43062606531,0.209487691235,0.984291401372,3.13934050822,1.0,614.404336016,1.00227828059
4967,6.24296487713,0.875940346294,58.0756784575,1.55715112822,0.415611338989,5.84663322713,1.43484184173,0.209482622024,0.984286038432,3.13940836249,1.0,614.4042526,1.00252464865
4968,6.24422176557,0.875925557427,58.0763263687,1.55757749409,0.415604322049,5.84430201696,1.43906052485,0.20947770894,0.98428083958,3.13947625299,1.0,614.40417175,1.00276352279
4969,6.24547865401,0.875911238289,58.0769537146,1.5580038644,0.415597527983,5.84204389016,1.44328202836,0.209472951968,0.9842758049,3.13954417858,1.0,614.404093466,1.00299489501
4970,6.24673554244,0.875897388858,58.077560495,1.558430239,0.415590956782,5.8398589351,1.44750626555,0.209468351096,0.984270934478,3.13961213813,1.0,614.404017746,1.00321875753
4971,6.24799243088,0.87588400911,58.0781467094,1.55885661776,0.415584608433,5.83774723737,1.4517331493,0.20946390631,0.984266228395,3.13968013052,1.0,614.403944593,1.0034351028
4972,6.24924931932,0.875871099025,58.0787123577,1.55928300052,0.415578482927,5.83570887986,1.45596259209,0.209459617596,0.984261686729,3.13974815461,1.0,614.403874005,1.00364392352
4973,6.25050620776,0.87585865858,58.0792574395,1.55970938714,0.415572580254,5.83374394265,1.460194506,0.209455484944,0.984257309557,3.13981620927,1.0,614.403805983,1.00384521265
4974,6.2517630962,0.875846687756,58.0797819545,1.56013577749,0.415566900403,5.83185250307,1.46442880276,0.209451508339,0.984253096951,3.13988429337,1.0,614.403740527,1.00403896335
4975,6.25301998464,0.875835186533,58.0802859025,1.56056217142,0.415561443366,5.83003463563,1.46866539372,0.209447687773,0.984249048982,3.13995240579,1.0,614.403677637,1.00422516907
4976,6.25427687308,0.875824154892,58.0807692831,1.56098856878,0.415556209134,5.82829041206,1.47290418989,0.209444023232,0.984245165717,3.14002054538,1.0,614.403617313,1.00440382349
4977,6.25553376152,0.875813592815,58.0812320962,1.56141496943,0.415551197698,5.82661990125,1.47714510195,0.209440514707,0.984241447221,3.14008871101,1.0,614.403559556,1.00457492052
4978,6.25679064996,0.875803500284,58.0816743416,1.56184137323,0.41554640905,5.82502316925,1.48138804023,0.209437162187,0.984237893557,3.14015690157,1.0,614.403504365,1.00473845436
4979,6.2580475384,0.875793877284,58.0820960188,1.56226778003,0.415541843182,5.82350027928,1.4856329148,0.209433965663,0.984234504783,3.14022511591,1.0,614.40345174,1.00489441942
4980,6.25930442684,0.875784723798,58.0824971279,1.5626941897,0.415537500087,5.82205129169,1.48987963538,0.209430925125,0.984231280957,3.14029335289,1.0,614.403401682,1.00504281039
4981,6.26056131528,0.875776039812,58.0828776685,1.56312060208,0.415533379757,5.82067626397,1.49412811145,0.209428040566,0.984228222132,3.1403616114,1.0,614.40335419,1.00518362219
4982,6.26181820371,0.875767825311,58.0832376405,1.56354701704,0.415529482186,5.8193752507,1.4983782522,0.209425311975,0.984225328358,3.1404298903,1.0,614.403309265,1.00531685001
4983,6.26307509215,0.875760080282,58.0835770436,1.56397343444,0.415525807367,5.8181483036,1.50262996657,0.209422739347,0.984222599686,3.14049818845,1.0,614.403266907,1.00544248928
4984,6.26433198059,0.875752804712,58.0838958777,1.56439985412,0.415522355295,5.81699547147,1.50688316326,0.209420322672,0.984220036159,3.14056650473,1.0,614.403227116,1.00556053572
4985,6.26558886903,0.87574599859,58.0841941427,1.56482627595,0.415519125964,5.81591680022,1.51113775072,0.209418061944,0.98421763782,3.140634838,1.0,614.403189891,1.00567098526
4986,6.26684575747,0.875739661903,58.0844718383,1.56525269978,0.415516119368,5.8149123328,1.51539363723,0.209415957158,0.984215404711,3.14070318713,1.0,614.403155234,1.00577383411
4987,6.26810264591,0.875733794643,58.0847289644,1.56567912548,0.415513335502,5.81398210928,1.51965073083,0.209414008305,0.984213336867,3.14077155098,1.0,614.403123143,1.00586907875
4988,6.26935953435,0.875728396798,58.084965521,1.56610555289,0.415510774363,5.81312616677,1.52390893939,0.209412215382,0.984211434325,3.14083992843,1.0,614.40309362,1.00595671589
4989,6.27061642279,0.875723468361,58.0851815078,1.56653198187,0.415508435945,5.81234453942,1.5281681706,0.209410578382,0.984209697114,3.14090831833,1.0,614.403066664,1.00603674253
4990,6.27187331123,0.875719009323,58.0853769248,1.56695841228,0.415506320246,5.81163725847,1.532428332,0.209409097301,0.984208125264,3.14097671957,1.0,614.403042274,1.0061091559
4991,6.27313019967,0.875715019677,58.0855517719,1.56738484399,0.415504427261,5.81100435217,1.53668933098,0.209407772135,0.984206718802,3.14104513101,1.0,614.403020452,1.00617395352
4992,6.27438708811,0.875711499417,58.0857060489,1.56781127683,0.415502756987,5.81044584583,1.54095107482,0.20940660288,0.984205477751,3.1411135515,1.0,614.403001197,1.00623113315
4993,6.27564397654,0.875708448536,58.0858397558,1.56823771068,0.415501309422,5.8099617618,1.54521347064,0.209405589532,0.984204402132,3.14118197993,1.0,614.40298451,1.00628069282
4994,6.27690086498,0.87570586703,58.0859528925,1.56866414539,0.415500084563,5.80955211943,1.54947642551,0.209404732089,0.984203491962,3.14125041515,1.0,614.40297039,1.00632263082
4995,6.27815775342,0.875703754895,58.086045459,1.56909058081,0.415499082409,5.80921693512,1.55373984638,0.209404030548,0.984202747256,3.14131885604,1.0,614.402958837,1.0063569457
4996,6.27941464186,0.875702112126,58.0861174552,1.56951701681,0.415498302957,5.80895622229,1.55800364013,0.209403484907,0.984202168028,3.14138730146,1.0,614.402949851,1.00638363628
4997,6.2806715303,0.875700938722,58.0861688811,1.56994345323,0.415497746207,5.80876999139,1.5622677136,0.209403095165,0.984201754287,3.14145575028,1.0,614.402943433,1.00640270164
4998,6.28192841874,0.87570023468,58.0861997367,1.57036988994,0.415497412157,5.80865824986,1.56653197357,0.20940286132,0.98420150604,3.14152420137,1.0,614.402939582,1.00641414112
4999,6.28318530718,0.8757,58.0862100219,1.57079632679,0.415497300807,5.80862100219,1.57079632679,0.209402783372,0.98420142329,3.14159265359,1.0,614.402938298,1.00641795433
